498718.0;7402880.607799997;0.24352857204920259;0.0218856704656221;0.28885234443790553;0.48705714409840517
498102.0;4549641.6983;0.28605316330619857;0.023093804976494332;0.17752206749379934;0.5721063266123971
497917.0;7312795.958799997;0.2520430157152801;0.02345663758122057;0.28533733947698553;0.5040860314305602
497261.0;7248711.995799998;0.2588263024730402;0.02474322238500658;0.2828368529861028;0.5176526049460805
496382.0;7063594.295899999;0.23085161834749357;0.02646716757178692;0.2756137618076867;0.46170323669498714
494828.0;4469405.231500002;0.2972872764939128;0.02951496145148732;0.1743913278841163;0.5945745529878256
494095.0;3926641.3278000006;0.3152420948832952;0.03095256306913236;0.1532132710754159;0.6304841897665904
494008.0;6847398.0256;0.23001466167988124;0.031123192456219834;0.2671780186364289;0.4600293233597625
493473.0;4249263.9389;0.2678180264524415;0.03217246512394166;0.16580165423625254;0.535636052904883
492375.0;3856356.971200002;0.30493321350852515;0.03432592566442495;0.15047085197442048;0.6098664270170503
491989.0;4783394.1478;0.2574463751423148;0.03508297099104294;0.18664283367028423;0.5148927502846296
491141.0;3732053.336100001;0.30496104778915534;0.036746117200815095;0.14562065941789623;0.6099220955783107
490112.0;7184802.331699996;0.22119204333932513;0.03876425098602212;0.2803431674486008;0.44238408667865026
489652.0;3635526.465000001;0.34289880727975175;0.0396664293545306;0.141854285961986;0.6857976145595035
489127.0;4005509.844200001;0.29732303742620536;0.04069608944902398;0.1562906347492912;0.5946460748524107
487468.0;3416598.0067000003;0.34713514589562394;0.04394981534762305;0.13331193578852768;0.6942702917912479
487423.0;3527696.2481;0.34098706424305336;0.044038071927151055;0.1376468682548849;0.6819741284861067
485443.0;6728353.4718;0.22210799059413186;0.04792136142638322;0.2625330297085427;0.4442159811882637
485197.0;3243317.779100001;0.36334305023395;0.04840383072780298;0.12655072989601926;0.7266861004679
484635.0;6952410.457599997;0.2212025349226415;0.04950605734324161;0.27127548944345026;0.442405069845283
484256.0;2732520.8847000008;0.38484751057015215;0.050249373868599685;0.1066199909991118;0.7696950211403043
483501.0;2838990.022899999;0.37798948268481064;0.051730123147347304;0.11077430089666022;0.7559789653696213
482955.0;2636459.0279999995;0.37799028835370285;0.052800969645620414;0.10287176189899404;0.7559805767074057
482028.0;6539809.6681;0.2479336544101595;0.05461905518389729;0.2551762556886291;0.495867308820319
481794.0;2526804.4902;0.38484751057015226;0.05507798939744291;0.09859316117586313;0.7696950211403045
479363.0;2979719.5341000003;0.36322107011010424;0.059845805949277964;0.11626541326160778;0.7264421402202085
479363.0;3342289.9267999995;0.3608916000950312;0.059845805949277964;0.13041251538356008;0.7217832001900624
477877.0;6630070.481399997;0.2214315280032758;0.06276023433102493;0.25869813438880773;0.4428630560065516
477417.0;2437097.6669000005;0.4123238323927769;0.06366241269953342;0.09509289856255289;0.8246476647855538
477096.0;2333402.507200001;0.4123238323927769;0.06429197630016652;0.09104682628703238;0.8246476647855538
475270.0;6449120.7384;0.24797563883510718;0.06787323217168062;0.25163767235246015;0.49595127767021435
473286.0;2141138.3980000005;0.42546767689062454;0.07176436670020417;0.0835448899954798;0.8509353537812491
472962.0;6345602.8292000005;0.21493117129684638;0.0723998140728058;0.24759851619854018;0.42986234259369277
472909.0;1937566.1624999996;0.434437140701281;0.07250376071091655;0.0756017229228292;0.868874281402562
472415.0;2235091.5651000007;0.422712365009242;0.07347262182840175;0.08721084032238458;0.845424730018484
472305.0;5974239.432200001;0.24701689955955008;0.07368836013391465;0.23310832061861267;0.49403379911910017
471606.0;4092487.3873;0.2764671651418239;0.07505927900258298;0.15968440381959234;0.5529343302836478
466296.0;1870717.7837999992;0.45107713007503225;0.08547355538688743;0.0729933719399668;0.9021542601500645
465321.0;1591165.5323999997;0.46000633007049657;0.08738578127666084;0.06208554733926966;0.9200126601409931
464252.0;6121993.1789;0.22152762257961;0.08948236535478164;0.23887351100798768;0.44305524515922
461603.0;1768191.5187999993;0.45313335325274307;0.0946777360029968;0.06899290866348111;0.9062667065054861
460720.0;1387180.6289999997;0.4746346116717989;0.09640952621906852;0.05412627841428559;0.9492692233435978
458215.0;1305599.2215999996;0.4759287637737582;0.10132247581279406;0.05094306068614814;0.9518575275475164
456645.0;1472263.6149;0.4692727966853458;0.10440164980965998;0.057446123924572164;0.9385455933706917
454868.0;1219200.3125;0.4825913395529539;0.10788680407235471;0.04757186928477432;0.9651826791059078
451814.0;5827224.1213;0.25432667602911496;0.1138764839363219;0.22737194319048162;0.5086533520582299
450136.0;5748847.591800001;0.23888690794743125;0.11716747372405502;0.22431377630999358;0.4777738158948625
449965.0;6029339.539299999;0.2063728113268727;0.11750284872626143;0.23525826682980033;0.4127456226537454
448137.0;5071726.406500001;0.22528279659298553;0.12108802711242123;0.19789324460016183;0.45056559318597106
442477.0;1172150.8325;0.49437151097428467;0.13218874355972127;0.04573604978117933;0.9887430219485693
441385.0;3584761.454500001;0.31617851424946947;0.1343304365562675;0.13987349050205522;0.6323570284989389
440903.0;1103596.1485;0.49547895777058193;0.13527576258587856;0.04306112062255756;0.9909579155411639
440260.0;5435823.103300001;0.22288395595795976;0.13653685104446758;0.21209990144695268;0.4457679119159195
439517.0;2095143.8483999998;0.42718111311511103;0.13799406523534108;0.08175023272796594;0.8543622262302221
439101.0;805722.7245000002;0.49848837180348576;0.1388099482816444;0.03143842380674114;0.9969767436069715
439086.0;2796213.2489000005;0.36204908039197053;0.13883936714148706;0.10910519773101267;0.7240981607839411
436941.0;984296.0643000001;0.49833951028754286;0.14304626409898857;0.03840616117656828;0.9966790205750857
435052.0;5309891.1309;0.21606239585682793;0.14675107918184188;0.20718617294117309;0.43212479171365586
432065.0;3061756.54;0.3425592546177197;0.1526093548051785;0.11946640794736746;0.6851185092354394
430503.0;3293925.4921000004;0.3015562780841305;0.15567283874346166;0.12852538777869377;0.603112556168261
430362.0;586406.9034;0.4958918501294997;0.15594937602598274;0.02288095915841071;0.9917837002589994
425362.0;3167615.0545;0.33413555344291945;0.1657556626402054;0.12359689197271041;0.6682711068858389
421210.0;2688566.5782999997;0.37666933055881985;0.17389880304465588;0.1049049418007761;0.7533386611176397
420431.0;529530.3776;0.49117332364798844;0.17542662249915175;0.020661699022903084;0.9823466472959769
420324.0;5235898.533400001;0.20887394921485847;0.1756364770326961;0.20429906231610023;0.41774789842971694
420174.0;4506560.5505;0.2320410156725973;0.1759306656311228;0.175841087993739;0.4640820313451946
419352.0;3682412.1574;0.29221843129240993;0.177542819150501;0.14368371465168614;0.5844368625848199
418763.0;401073.0868;0.48800187431243186;0.17869799971365644;0.01564943534156988;0.9760037486248637
418638.0;0.0;0.4444244550828916;0.178943156879012;0.0;0.8888489101657832
416575.0;5586399.2748;0.1959933487397349;0.18298923073604026;0.21797521978025544;0.3919866974794698
416528.0;4419154.939099999;0.2398643055656262;0.18308140983021395;0.17243061616425723;0.4797286111312524
413819.0;4977626.366299999;0.21121375035044246;0.1883944559177998;0.19422156344474337;0.4224275007008849
412440.0;4327814.4349;0.26056232003058777;0.19109902976600238;0.1688666091002353;0.5211246400611755
411195.0;4194425.412500002;0.23960724938235087;0.19354079513294384;0.1636619146192892;0.47921449876470174
409463.0;3758432.212899999;0.28242947710525346;0.19693769281611057;0.14664993448134786;0.5648589542105069
407708.0;2995533.1237;0.3342766775043011;0.2003796994177027;0.11688244231717919;0.6685533550086022
407022.0;1808453.6980999992;0.4147750466150811;0.20172512194117403;0.07056389508067804;0.8295500932301622
406204.0;3238151.352000001;0.329544343215758;0.20332943043126087;0.12634914153342564;0.659088686431516
405086.0;4865515.516700001;0.21531076378504704;0.20552211611820106;0.18984712010848803;0.4306215275700941
404369.0;2609631.020200001;0.3821271890131879;0.2069283376186806;0.1018249622327313;0.7642543780263757
399662.0;2385990.0519000003;0.3915689577952402;0.21615997583730978;0.09309873504790354;0.7831379155904804
398838.0;2290012.6722000004;0.39061486112572136;0.21777605187133367;0.08935380214838581;0.7812297222514427
398328.0;4761375.809200002;0.21592359213091455;0.21877629310598437;0.18578370206163233;0.4318471842618291
397374.0;1910007.3813999998;0.40562156921439846;0.22064733259197805;0.07452640927773292;0.8112431384287969
396775.0;2049858.4539000003;0.4055317992005248;0.22182212572836194;0.07998324592064963;0.8110635984010496
393748.0;3908851.0782000017;0.2506529337655346;0.22775885164461232;0.15251911489792996;0.5013058675310692
393712.0;4685814.687000003;0.2270809503728895;0.22782945690823472;0.18283538930985946;0.454161900745779
391987.0;4593467.902899999;0.2243244840932745;0.23121262579014154;0.17923211829931773;0.448648968186549
391513.0;2141191.4904999994;0.3907605595253776;0.23214226176116984;0.08354696160704687;0.7815211190507552
384856.0;4015691.8400000017;0.24512363474271406;0.24519835175934587;0.15668792514389626;0.4902472694854281
380366.0;5139173.0116;0.19964677758185195;0.2540043971389178;0.2005249377260762;0.3992935551637039
380348.0;4095323.5059000026;0.23088772593451998;0.25403969977072904;0.15979506608069263;0.46177545186903995
342162.0;3200316.2569999993;0.29997177221314647;0.3289322719008702;0.12487285730411275;0.5999435444262929
336014.0;3044144.802399999;0.3152313989161066;0.34099008192171837;0.11877921711383903;0.6304627978322132
317557.0;2599838.8982;0.3662338018833112;0.37718900832945984;0.10144288428948552;0.7324676037666225
315090.0;2359279.6139;0.3864574104013067;0.3820274301449173;0.09205652282728038;0.7729148208026134
309740.0;2500023.599500001;0.37350895097932313;0.39252015682213554;0.09754819996756277;0.7470179019586463
284065.0;0.0;0.38574991074683196;0.44287543858616885;0.0;0.7714998214936639
150726.0;0.0;0.2850774113706867;0.7043875287569354;0.0;0.5701548227413734
62326.0;0.0;0.18988383639481599;0.8777626760963919;0.0;0.37976767278963197
