502498.0;7724750.4758;0.2163907803368679;0.014472117785269781;0.30141135638222355;0.4327815606737358
502352.0;7354841.182000002;0.21712748811993715;0.014758461354405082;0.28697789832659604;0.4342549762398743
501797.0;7151977.096699998;0.23603382997244723;0.015846959168583797;0.2790623625040385;0.47206765994489447
501787.0;7014175.434400001;0.23326961684461664;0.01586657174181224;0.2736854916166632;0.4665392336892333
499491.0;6735862.808300001;0.2333321595790769;0.02036961855506328;0.2628260358460337;0.4666643191581538
497769.0;4314344.8731;0.26763551800886864;0.02374690366500156;0.168341041458312;0.5352710360177373
497285.0;4217990.719300001;0.2675848906801698;0.02469615220925831;0.164581407243472;0.5351697813603395
497284.0;4013717.398200001;0.2738883471647158;0.024698113466581156;0.15661088457373154;0.5477766943294315
496973.0;4765282.912199999;0.2583150210444095;0.025308064493985805;0.18593615296842128;0.516630042088819
496551.0;4534918.4339000005;0.2591341415667651;0.026135715084226196;0.17694758174088335;0.5182682831335302
496369.0;3919214.5364;0.2676112512120213;0.0264926639169839;0.1529234857578895;0.5352225024240426
495113.0;6633228.0396;0.24334715328577933;0.028956003114476627;0.25882133887326325;0.48669430657155865
494656.0;3780659.332899999;0.27383451761009137;0.02985229771101658;0.14751721251300187;0.5476690352201827
494593.0;3308303.5959999985;0.31296545259038006;0.029975856922355784;0.12908640574455293;0.6259309051807601
494457.0;6513796.382499999;0.25043663278437683;0.03024258791826264;0.2541612455959125;0.5008732655687537
493779.0;3498441.667;0.30892321405992745;0.031572320383151234;0.13650538633940185;0.6178464281198549
493528.0;6282968.5443;0.21992690103234294;0.03206459597118521;0.24515459456937136;0.4398538020646859
493178.0;3217857.5328;0.2969603965350821;0.032751036034180794;0.12555729879489183;0.5939207930701642
493050.0;3705212.6245999997;0.29135190577911113;0.033002076971504896;0.14457336406708537;0.5827038115582223
492495.0;3155250.795899998;0.31783445141582617;0.03409057478568361;0.12311445205870124;0.6356689028316523
492044.0;3079340.6658999985;0.32747084072109717;0.03497510183828649;0.1201525214024128;0.6549416814421943
491741.0;2929368.124999999;0.33217105277910225;0.03556936280710838;0.11430075607816446;0.6643421055582045
490345.0;2779182.8655999987;0.34103052529810945;0.038307278029799344;0.10844069070955692;0.6820610505962189
489595.0;6061803.725799996;0.23521719685327716;0.03977822102193274;0.23652498405483746;0.4704343937065543
488695.0;6000454.433699999;0.21944581969933796;0.04154335261249282;0.23413120144621094;0.4388916393986759
486924.0;2628464.1471;0.3652712124396016;0.04501673933125048;0.1025598103474543;0.7305424248792032
483118.0;6848395.223999998;0.21764522687384738;0.052481284701996755;0.2672169282327022;0.43529045374769476
481937.0;5815670.054099999;0.2563726038926685;0.054797529600276146;0.22692111606313384;0.512745207785337
481661.0;5926872.601899999;0.24752096544902036;0.055338836621381234;0.23126011845169783;0.4950419308980407
475538.0;5696418.4908;0.25358249809302236;0.06734761520915829;0.22226804984985515;0.5071649961860447
475252.0;1942207.8087;0.4305954342142218;0.06790853480349182;0.07578283490584682;0.8611908684284436
473727.0;5572032.5594;0.23129635450745667;0.07089945222082973;0.2174146461812716;0.46259270901491334
473191.0;5204255.9516;0.2537345613953167;0.0719506861458744;0.20306440321226868;0.5074691227906334
471653.0;2388279.433599999;0.4110528701982017;0.07496709990840929;0.09318806423020336;0.8221057403964034
469622.0;5365783.124900001;0.24840799337528705;0.07895041353110652;0.20936701771735372;0.4968159867505741
468515.0;5061037.0272;0.24686119888939445;0.08112152538749541;0.19747615665359436;0.4937223977787889
467280.0;2270069.575700001;0.4107562066173235;0.0835436781812084;0.08857564422789921;0.821512413234647
461361.0;4991442.7398;0.24705253527406734;0.09515236027512518;0.19476066330175038;0.4941050705481347
461284.0;4927124.091099998;0.23735696653565144;0.0953033770889842;0.19225101963027225;0.4747139330713029
458653.0;1837949.2509;0.43118396570560685;0.10046344510538817;0.07171477944963509;0.8623679314112137
454794.0;2028637.8278;0.42819500760506723;0.1080319371142452;0.0791552401855623;0.8563900152101345
453233.0;1428034.6671;0.4720501962179392;0.1110934597952055;0.05572035851771273;0.9441003924358784
452049.0;4700078.232199999;0.23694504369602393;0.11341558846545344;0.18339193731992376;0.47389008739204785
451836.0;1337407.2479999997;0.48071263001757125;0.11383333627521931;0.05218417525821109;0.9614252600351425
450857.0;1579764.9152999993;0.4626757284565194;0.1157534071942841;0.06164070766781741;0.9253514569130388
449499.0;2169642.6484000003;0.4157706324804803;0.11841679463870698;0.08465709482366654;0.8315412649609606
446829.0;4847283.119999999;0.2285458416542091;0.12365335169070188;0.18913571183236796;0.4570916833084182
444193.0;1135451.2432999997;0.4876903231174435;0.12882322599372006;0.04430407175236191;0.975380646234887
439233.0;1017198.5532000001;0.49129126468451584;0.13855106231502892;0.039689980484229864;0.9825825293690317
439126.0;1710378.7592;0.44997836389773044;0.13876091684857328;0.06673711770404167;0.8999567277954609
438533.0;4579275.405699999;0.24565390999865966;0.13992394244102008;0.17867834250488862;0.4913078199973193
434146.0;2513734.8597999983;0.3973078264240253;0.14852797831633904;0.09808319842190494;0.7946156528480506
432518.0;930506.1881;0.49551131788476843;0.15172090523792994;0.03630733874911701;0.9910226357695369
431792.0;1259107.3887;0.48409449274897065;0.15314477805431506;0.049128999965483464;0.9681889854979413
431361.0;821491.9577000003;0.4984371835025375;0.15399007996046105;0.03205372212385958;0.996874367005075
426791.0;5938258.704299999;0.20193517581723922;0.16295302592586056;0.23170439177535304;0.40387035163447843
426155.0;704697.4475000001;0.49833580774727815;0.16420038558318967;0.027496527448424613;0.9966716154945563
420925.0;4501448.844599998;0.2558786824663068;0.17445776138166655;0.1756416347928138;0.5117573649326136
420033.0;5441431.369399998;0.20238634231445413;0.1762072029136439;0.21231872988645353;0.40477268462890825
418325.0;585606.1144999999;0.4969521672583386;0.17955703042106233;0.02284971324706626;0.9939043345166771
416497.0;471865.4282;0.49542480046119447;0.18314220880722212;0.018411675456599313;0.9908496009223889
416265.0;0.0;0.4436768225928723;0.18359722050612207;0.0;0.8873536451857446
413986.0;5142521.274399998;0.20358301800860018;0.18806692594488475;0.2006555832964714;0.40716603601720036
400603.0;4121871.9266999983;0.2296735549845752;0.21431443269651307;0.160830956566502;0.4593471099691504
399972.0;5542475.382599999;0.19690997460307327;0.21555198606722797;0.21626135731090265;0.39381994920614655
395192.0;3407894.9440999986;0.2709127610510938;0.22492679607042482;0.13297235175779895;0.5418255221021876
393217.0;5245182.114999999;0.1910811412050179;0.22880027928304278;0.20466129756640467;0.3821622824100358
392728.0;4261644.443099998;0.22054525167535058;0.22975933411391375;0.16628472803589273;0.44109050335070116
390075.0;4642562.262899997;0.19893975484048468;0.23496254979142028;0.18114772679498037;0.39787950968096936
389867.0;4321852.630799998;0.2099318672885672;0.23537049131457194;0.16863398599274512;0.4198637345771344
388703.0;4440450.733699998;0.20949895272248895;0.23765339483836298;0.17326155489240536;0.4189979054449779
387656.0;3897577.2171999984;0.22254431120063106;0.2397068312553812;0.1520792211115454;0.4450886224012621
385721.0;3775092.1093999986;0.23716094468033944;0.24350186417508538;0.14729998551108447;0.47432188936067887
383554.0;2210187.9137999984;0.40479526145205263;0.24775190879368947;0.08623912695239042;0.8095905229041053
382242.0;4054692.357199999;0.21070966633983182;0.2503250784012615;0.15820968287907308;0.42141933267966364
382024.0;3347011.4004000006;0.2952889622684138;0.25075263249764157;0.13059674214484607;0.5905779245368276
380535.0;4961281.929899998;0.18277539446244473;0.2536729446513571;0.1935838213247797;0.36555078892488946
380158.0;4863998.253699998;0.1827555585048987;0.25441233866206947;0.18978791815753152;0.3655111170097974
377728.0;1909568.6060999997;0.43000543911238737;0.2591781939565817;0.07450928874306524;0.8600108782247747
375279.0;3660421.8615;0.26754820796147355;0.26398131314022794;0.1428256772386681;0.5350964159229471
375118.0;3288422.4970000004;0.2795796845539514;0.2642970755692059;0.1283106668990418;0.5591593691079028
374169.0;3557878.9653;0.24784387539434985;0.26615830876858537;0.13882456503085885;0.4956877507886997
373715.0;2931291.6107999994;0.31556364747105237;0.2670487195931568;0.11437580840066683;0.6311272949421047
373010.0;2351463.1506999996;0.39813051495061946;0.26843140600576215;0.09175153294021482;0.7962610299012389
371273.0;2754411.588899999;0.334860514455491;0.27183810997554314;0.10747414245238579;0.669721028910982
365993.0;1990444.5402;0.4074257737844131;0.2821935486401622;0.07766497967083412;0.8148515475688262
365057.0;3160974.4345000004;0.28478975685391217;0.2840292854943447;0.12333778220758734;0.5695795137078243
362899.0;2639383.2725999993;0.35350559845475593;0.28826167879704323;0.10298586274070284;0.7070111969095119
360843.0;2106206.1893;0.3839341284866737;0.29229402385281156;0.08218187323025497;0.7678682569733474
336591.0;2402313.2631000006;0.368194725019881;0.3398584364464371;0.09373564898366352;0.736389450039762
329291.0;1834764.7513;0.41299938170797384;0.35417561490320215;0.07159052374107315;0.8259987634159477
328237.0;1601856.9157000002;0.4242956765218041;0.35624278012148025;0.06250271347973606;0.8485913530436082
321215.0;1706856.0603;0.4173776379445085;0.37001472904249455;0.06659966582687081;0.834755275889017
318484.0;2510324.419200001;0.3658304621464099;0.37537092279118295;0.09795012674142457;0.7316609242928198
316701.0;2290236.7747999993;0.37498447043621713;0.37886784459781475;0.08936254638793711;0.7499689408724343
315978.0;2193693.3636;0.3780463547776209;0.38028583364223134;0.08559552755532622;0.7560927095552418
299905.0;0.0;0.40202880083851833;0.4118091225923115;0.0;0.8040576016770367
296203.0;2036732.4347999995;0.3857299382012266;0.4190696972014819;0.07947108294098776;0.7714598764024532
183548.0;0.0;0.29939619233042036;0.6400151409065323;0.0;0.5987923846608407
43338.0;0.0;0.18191304833316624;0.9150030301425638;0.0;0.3638260966663325
