495525.0;5024232.9505;0.30249243892715205;0.028147965097464683;0.19604010163624527;0.6049848778543041
495421.0;3759225.3813000005;0.32021796646317674;0.028351935859040514;0.1466808830490761;0.6404359329263535
495115.0;4454977.353399999;0.2919911692262773;0.02895208059983094;0.17382836778314442;0.5839823384525547
494089.0;3407457.2587;0.3129115399280189;0.030964330613069427;0.13295527374984314;0.6258230798560378
493075.0;3503857.9292999995;0.3128495857806935;0.03295304553843378;0.1367167229995929;0.625699171561387
491227.0;4371366.5804;0.29499019751720784;0.03657744907105047;0.17056596641794225;0.5899803950344157
489887.0;3214496.9754999997;0.32747084072109717;0.03920553388366214;0.12542617350648716;0.6549416814421943
488914.0;3038321.7662000004;0.34519637644067763;0.041113837258789865;0.11855200857877983;0.6903927528813553
488628.0;2946904.541200001;0.349450094873505;0.0416747568531234;0.11498500795264048;0.69890018974701
488484.0;7909556.628400003;0.21786286375883077;0.04195717790761301;0.30862229132406427;0.43572572751766153
488219.0;2709288.7625;0.3534391180419149;0.042476911098166814;0.10571349887540156;0.7068782360838298
487006.0;7251270.1456;0.240809954237758;0.044855916230777226;0.28293666920715266;0.481619908475516
485956.0;4874485.9484;0.2803613298683763;0.04691523641976398;0.19019713659050916;0.5607226597367526
485613.0;2854610.9578000014;0.349338738785085;0.047587947681499654;0.11138381277551229;0.69867747757017
485215.0;4262807.5876;0.2816811127631675;0.04836852809599178;0.16633011266838182;0.563362225526335
484597.0;4120195.5988000003;0.2985403925591;0.049580585121509695;0.160765548076265;0.5970807851182
484022.0;7679961.158900001;0.21782673529835722;0.050708308082145305;0.2996637259829563;0.43565347059671444
482851.0;4551274.509499999;0.2741022491508387;0.05300494040719624;0.1775857780097635;0.5482044983016774
482452.0;2556103.9325999995;0.36900861550531433;0.05378748207901121;0.09973639353044765;0.7380172310106287
482075.0;7123234.4218;0.23927877766644828;0.0545268760897236;0.27794085461134965;0.47855755533289657
480707.0;2435220.709200001;0.37608747221703254;0.057209876107374914;0.09501966171587398;0.7521749444340651
480296.0;7023446.436300001;0.2472120783018462;0.05801595286706402;0.27404723602076475;0.4944241566036924
480066.0;2294397.239000001;0.3897936955196951;0.05846704205131826;0.08952488317300619;0.7795873910393902
479363.0;6644825.765199999;0.24627674130565744;0.059845805949277964;0.2592738695038637;0.4925534826113149
479273.0;3961470.208999999;0.3095900138896454;0.06002231910833397;0.1545722561140465;0.6191800277792908
477638.0;6832532.318300004;0.24055902864699136;0.06322897483118478;0.2665979749165819;0.4811180572939827
477621.0;2073121.5004999998;0.41878641043507586;0.06326231620567313;0.08089094468079147;0.8375728208701517
475598.0;7393308.179600001;0.20886533433379462;0.06722993976978761;0.28847883870763363;0.41773066866758923
474469.0;1867775.633799999;0.43120304784020896;0.06944419928727909;0.07287857244903721;0.8624060956804179
467810.0;1983488.209399999;0.420850806328887;0.08250421180010081;0.07739355121389686;0.841701612657774
466962.0;1763504.0288999998;0.4380318318066542;0.08416735800987298;0.06881000790918322;0.8760636636133085
465730.0;3849424.4643999995;0.2959973202771112;0.08658362703161743;0.15020035310403446;0.5919946405542224
465238.0;6469753.136099998;0.2259339869647047;0.08754856563445694;0.25244272605557405;0.4518679739294094
464877.0;6278680.3662;0.24075629224166745;0.08825657952800381;0.24498727452692096;0.4815125844833349
464246.0;5991798.072;0.2516885736417159;0.08949413289871871;0.23379343963377366;0.5033771472834317
461374.0;1455787.7803999996;0.47068561089543903;0.0951268639299282;0.05680325479375278;0.9413712217908781
460828.0;1660131.0585999994;0.4599109240934254;0.09619771042820131;0.06477650711339789;0.9198218481868508
459279.0;6131552.901899998;0.21139079156506227;0.09923569802128748;0.23924652099518334;0.42278158313012454
457049.0;5748043.913299999;0.2382158849821036;0.10360930185123078;0.22428241764960194;0.4764317699642072
456791.0;1567181.6850999997;0.45237729963999607;0.10411530624052467;0.061149723720292704;0.9047545992799921
456624.0;5570264.431699997;0.24044786152791853;0.10444283621343971;0.2173456557627481;0.48089572305583705
454171.0;5457914.204600001;0.241246886108794;0.10925380042637735;0.21296187217696783;0.482493772217588
447485.0;5917634.730199998;0.21609806925133349;0.12236676688691586;0.23089966675194323;0.43219613850266697
447053.0;1152761.3135000004;0.48724586834187716;0.1232140300503847;0.04497949185226014;0.9744917366837543
446022.0;5150955.0902;0.2612847670840886;0.12523608635023742;0.20098466161009723;0.5225695341681772
442382.0;1340278.3385999994;0.4692336646505715;0.1323750630053915;0.05229620208868972;0.938467329301143
438165.0;3645426.7199000004;0.31197283883535676;0.14064568513582687;0.14224058313330395;0.6239456776707135
436450.0;5270594.7441;0.2283256987671653;0.14400924144450525;0.20565287069621196;0.4566513975343306
435860.0;1037586.9473000005;0.49330320266141303;0.14516638326498352;0.04048551343243167;0.9866064053228261
429097.0;914801.2645000006;0.49781491866399236;0.15843036653938106;0.03569454972259965;0.9956298373279847
425524.0;779373.0153000003;0.4987831512301619;0.16543793895390457;0.030410286831297074;0.9975663024603239
422291.0;663550.9895000003;0.4946534693936521;0.17177868387866094;0.025891037438752842;0.9893069387873042
421642.0;3344918.0375;0.29223731393393654;0.17305153988118704;0.13051506140278638;0.5844746278678731
420728.0;566412.4855000001;0.49631296691186355;0.17484412907426694;0.022100798732751416;0.9926259338237271
419290.0;2802703.9648000007;0.3333775963032204;0.17766441710451736;0.10935845840130093;0.6667551926064408
418574.0;451971.81469999993;0.4925630312153776;0.17906867734767404;0.017635448308918174;0.9851260624307552
418167.0;0.0;0.4436768225928721;0.17986690907807176;0.0;0.8873536451857442
417451.0;3089872.1986000007;0.3143447637418171;0.18127116932122844;0.12056345034643966;0.6286895274836342
411957.0;2227401.166599999;0.40140948872341586;0.1920463170529363;0.08691076934271125;0.8028189774468317
411371.0;4657065.9172;0.19397083846209195;0.1931956138441232;0.18171364360080575;0.3879416769241839
410787.0;4296152.948600002;0.21142803630550974;0.1943409881206644;0.16763121236338843;0.4228560726110195
410078.0;5362935.109199999;0.1911303931482744;0.19573151956256116;0.2092558912443596;0.3822607862965488
408351.0;2930087.7222000007;0.3324217269194114;0.19911861095911368;0.11432883397773945;0.6648434538388228
407807.0;3268433.0644;0.2979581841246093;0.2001855349427411;0.12753070099436278;0.5959163682492186
407537.0;3559872.088600001;0.27200893489991695;0.20071507441990913;0.13890233453282172;0.5440178697998339
406401.0;4913820.846099998;0.19184993881184564;0.2029430627386605;0.1917319414888751;0.3836998776236913
406207.0;2689830.670200002;0.3408984630133912;0.20332354665929234;0.10495426529094773;0.6817969260267824
404134.0;4187636.6982000014;0.21304867595739446;0.20738923308954904;0.16339702637575756;0.4260973519147889
399643.0;4783396.0841;0.19370284550414435;0.21619723972644384;0.18664290922260285;0.3874056910082887
398513.0;2612510.2128000013;0.3327215259100977;0.21841346050125815;0.10193730519443218;0.6654430518201954
394304.0;2496090.3684000014;0.34234483471233856;0.22666839257311078;0.09739472957074806;0.6846896694246771
393281.0;2104543.3611999997;0.4177302031646611;0.22867475881438074;0.08211699148752143;0.8354604063293222
392990.0;4428179.365500001;0.2023834240520095;0.2292454846953285;0.1727827394607077;0.404766848104019
391724.0;1903376.3507999994;0.41782898587660977;0.23172843646604965;0.07426767368056127;0.8356579717532195
389878.0;3829021.1433000015;0.2538289092135836;0.23534891748402065;0.14940423772053846;0.5076578184271672
376909.0;3916059.033199999;0.2459669482631701;0.26078446370399133;0.15280036145729747;0.4919338965263402
376458.0;2331245.9673000006;0.3545681025251684;0.2616689907565942;0.09096268044719098;0.7091362050503368
373398.0;4099042.1030000006;0.2336608137979191;0.2676704381644985;0.15994016169242284;0.4673216275958382
366933.0;3184012.7907;0.3052771714848505;0.2803499667566884;0.12423671379286155;0.610554342969701
363662.0;3722244.7017;0.24089918004539887;0.28676523945971283;0.14523793717877362;0.48179836009079774
355130.0;1794863.0394;0.4332173587848615;0.30349868693822235;0.0700336023695118;0.866434717569723
354736.0;2414462.665900001;0.33890513943584727;0.3042714223234231;0.09420970545819357;0.6778102788716945
344812.0;3459889.8397;0.29152663259533557;0.3237349399953322;0.13500113599579408;0.5830532651906711
344681.0;3998650.6927999994;0.22625572173289163;0.3239918647046248;0.15602299812677733;0.45251144346578326
341933.0;3324266.9412999996;0.2813636955543253;0.3293813998278016;0.12970927810455274;0.5627273911086506
341708.0;1709495.4830999996;0.4297097256754103;0.32982268272544163;0.06670265323192763;0.8594194513508207
340773.0;1955317.7017;0.39867005463434346;0.3316564583223013;0.07629436866263742;0.7973401092686869
340139.0;3633400.5665999996;0.24385375479578403;0.3328998954649847;0.14177133572012607;0.48770750959156806
335893.0;2849067.3801000006;0.30770691166310155;0.3412273940577826;0.1111675084069761;0.6154138233262031
329557.0;2929421.1691000005;0.3026756528986149;0.3536539204553255;0.1143028258012163;0.6053513057972298
319252.0;2163671.0989;0.3819074152872106;0.37386467716723837;0.08442409146127479;0.7638148305744212
313237.0;0.0;0.400398752860426;0.3856616399641482;0.0;0.800797505720852
309003.0;2581925.624400001;0.31354650209164014;0.39396560346907195;0.10074392784160818;0.6270930041832803
305109.0;2675292.7326000016;0.3063137620603288;0.40160273948422853;0.10438701078806847;0.6126275241206576
297361.0;2049479.2222000002;0.3843460502300707;0.41679856122162795;0.07996844871245007;0.7686921004601414
293891.0;2273272.624400001;0.3747722145910785;0.42360412413189846;0.08870062370215535;0.749544429182157
285589.0;1879600.0796;0.38408881215588436;0.43988648242615375;0.07333994945509219;0.7681776243117687
228801.0;0.0;0.32856877770284115;0.5512623632758489;0.0;0.6571375554056823
142294.0;0.0;0.2712184898514869;0.7209248505031606;0.0;0.5424369797029738
40268.0;0.0;0.18579065303915349;0.9210240901236965;0.0;0.37158130607830697
