502164.0;1.0868279334099997E7;0.2543159331354062;0.015127177731099853;0.42406843119326965;0.5086318662708124
499200.0;1.18415042733E7;0.2484533882502762;0.02094034443601104;0.46204260911762524;0.4969067765005524
496473.0;1.04339172788E7;0.2827526050627112;0.02628869315540807;0.4071200965306689;0.5655052101254224
495779.0;1.1563085096200002E7;0.24843304988099715;0.02764980573746217;0.4511789958429399;0.4968660997619943
492936.0;1.11828784683E7;0.2503046941262339;0.03322566030630917;0.4363437470177689;0.5006093882524678
490946.0;1.0283961522299998E7;0.26408349266331693;0.03712856237876978;0.40126898611544126;0.5281669853266339
488001.0;3736650.5675;0.39440868080422853;0.04290446519454692;0.14580003838375638;0.7888173616084571
487395.0;3077182.859199998;0.366921944014451;0.0440929871321907;0.1200683261334141;0.733843888028902
487145.0;2917032.621899999;0.3706762768400718;0.044583301462901834;0.11381943817246952;0.7413525536801436
486801.0;2769219.3641000004;0.37422917801599015;0.04525797398196035;0.10805192572474104;0.7484583560319803
485705.0;3553759.0646999986;0.36300322843670063;0.04740751200779796;0.13866381099331465;0.7260064568734013
485465.0;3298002.439699999;0.36300322843670063;0.04787821376528065;0.1286844658369255;0.7260064568734013
484465.0;8540192.855999999;0.301945759551347;0.04983947108812518;0.3332290305760526;0.603891519102694
484450.0;9696398.623599997;0.24353910935920872;0.04986888994796784;0.37834292127854474;0.48707821871841744
482925.0;2539658.2423;0.40031313305441946;0.05285980736530575;0.09909470059350506;0.8006262661088389
482331.0;2429887.614;0.4061990548789337;0.0540247942150754;0.0948115701454105;0.8123981097578674
480805.0;1.0003467720999995E7;0.23702221068638363;0.05701767288973615;0.39032442326237593;0.47404442137276726
479473.0;3864477.754499999;0.3592995523083877;0.059630067643765064;0.15078771610058303;0.7185991046167755
477450.0;8526307.070499998;0.3177030868943332;0.06359769120787954;0.3326872223383497;0.6354061737886664
476123.0;6866506.833299999;0.33416498840976916;0.06620027967529424;0.26792362351593246;0.6683299768195383
474081.0;1863371.2854999998;0.44761277035165825;0.07020516712854277;0.07270671957181594;0.8952255407033165
473099.0;2254363.1503000003;0.422616135590968;0.0721311218195761;0.08796279660278028;0.845232271181936
471559.0;2211166.8481999994;0.4274719055142816;0.07515145809675666;0.08627732390726137;0.8549438110285632
470021.0;6957765.888099998;0.3303584188496153;0.07816787185929155;0.2714844525130113;0.6607168376992306
469605.0;6617212.5364999985;0.3344216754404336;0.07898375490559488;0.25819643137267306;0.6688433508808672
466453.0;9337551.542899996;0.27672731240119747;0.08516563798720084;0.3643410987385892;0.5534546248023949
465986.0;1652651.0956000001;0.45669918760658446;0.08608154515696922;0.0644846470979085;0.9133983752131689
465448.0;1381164.9654;0.4730133493314436;0.08713670159665958;0.05389155376772317;0.9460266986628872
461703.0;9285257.848599998;0.2528711407497156;0.09448161027071235;0.3623006557005159;0.5057422814994312
461258.0;1365698.4227;0.4810632960975024;0.09535436977937817;0.05328806610448343;0.9621265921950048
460671.0;1746107.5298;0.4543522032690109;0.09650562782788791;0.06813121544767138;0.9087044065380218
459582.0;1584832.6105000002;0.4645855833719002;0.0986414370524656;0.06183844361912732;0.9291711667438004
458144.0;2143471.2830999997;0.43691670231572;0.10146172508271603;0.08363591663310098;0.87383340463144
454748.0;8912278.188599994;0.24395411412775303;0.10812215495109605;0.34774739529737786;0.48790822825550606
453767.0;8433479.4402;0.2974836635165694;0.11004614838480653;0.32906518923241007;0.5949673270331388
453142.0;7947870.196499998;0.30848364636567327;0.11127193421158436;0.3101172450529957;0.6169672927313465
452240.0;2020817.4116;0.4347212401947592;0.11304098831679013;0.07885009605673897;0.8694424803895184
450229.0;6285831.821399999;0.32518763937806555;0.11698507679303048;0.24526631652558373;0.6503752787561311
447860.0;1255856.2043;0.4804310943278557;0.12163129539084916;0.049002142288601516;0.9608621886557114
445011.0;8492656.9932;0.2721905620328903;0.12721891750363323;0.33137423294495333;0.5443811240657807
444469.0;8196462.976700001;0.2745862971810313;0.12828191897261496;0.3198170647820144;0.5491725943620626
441018.0;1056493.5536000002;0.4991205951862952;0.13505021799375144;0.041223228633371856;0.9982411903725904
440828.0;935136.0875;0.49545104645521304;0.1354228568850919;0.03648799238478318;0.9909020929104261
438038.0;6120065.447999999;0.3126128788173364;0.14089476481582813;0.23879829304630343;0.6252257576346728
437524.0;4054033.142799999;0.3466347980133619;0.14190285107977021;0.15818396105063692;0.6932695960267238
435923.0;7506928.061899997;0.29342878802912414;0.1450428240536443;0.2929121628574967;0.5868575760582483
434775.0;1213792.5989000003;0.489463316621173;0.14729434746026984;0.04736086618555334;0.978926633242346
430935.0;7685744.258399999;0.28149186048218144;0.15482557557999282;0.29988937623144635;0.5629837209643629
427784.0;5208687.631500003;0.32883229928379903;0.16100549740427594;0.20323732253877588;0.6576645985675981
423997.0;667079.7864000001;0.49618926098213983;0.16843277888588817;0.026028727253246974;0.9923785219642797
422576.0;524056.5526000001;0.4930177684329629;0.17121972554165024;0.020448116328806026;0.9860355368659258
422420.0;0.0;0.4450380565154654;0.171525681684014;0.0;0.8900761130309308
416719.0;5911713.961699999;0.29567659922069633;0.18270680968155065;0.23066864480890434;0.5913531984413927
410471.0;4200330.4991999995;0.34208176976037646;0.19496074543468328;0.1638923246755592;0.6841635395207529
406666.0;4249275.0453;0.32373757133087194;0.2024233295481067;0.16580208759589296;0.6474751426617439
403996.0;5675979.735100002;0.30231544945024846;0.2076598866001016;0.22147055184683218;0.6046308989004969
400698.0;5541295.903000003;0.3055929157336674;0.21412811325084286;0.21621533530058998;0.6111858314673349
395632.0;5908228.5123999985;0.2801173027549324;0.22406384284837325;0.2305326463705851;0.5602346055098648
388728.0;4603228.8319999995;0.31132405256837115;0.23760436340529187;0.1796129791295541;0.6226481051367423
387093.0;0.0;0.42656426541577946;0.24081101912814268;0.0;0.8531285308315589
377218.0;4975532.475300001;0.2911322678793999;0.2601784351912324;0.19413986209679654;0.5822645357587998
376636.0;0.0;0.4225218402698475;0.2613198869531279;0.0;0.845043680539695
371109.0;0.0;0.4047277201110189;0.27215975617648963;0.0;0.8094554402220377
363640.0;0.0;0.40142949683889617;0.2868083871208154;0.0;0.8028589936777923
358168.0;0.0;0.38893650193980855;0.2975403871914207;0.0;0.7778730038796171
350447.0;0.0;0.38303701644359817;0.3126832549811033;0.0;0.7660740328871963
332604.0;0.0;0.3515148755341146;0.34767796939261825;0.0;0.7030297510682292
328434.0;0.0;0.34960707525633805;0.3558564124288799;0.0;0.6992141505126761
321874.0;0.0;0.32860423092277435;0.36872226046674;0.0;0.6572084618455487
310144.0;0.0;0.3092380471466575;0.39172780886370634;0.0;0.618476094293315
298618.0;0.0;0.30525832921315915;0.4143332607668124;0.0;0.6105166584263183
279350.0;0.0;0.2658358328070609;0.45212276686338077;0.0;0.5316716656141218
278900.0;0.0;0.2593075818362485;0.45300533265866083;0.0;0.518615163672497
266434.0;0.0;0.23064444251299432;0.4774543664452407;0.0;0.46128888502598864
264824.0;0.0;0.2227180848085192;0.4806119907350204;0.0;0.4454361696170384
258066.0;0.0;0.21638125622676474;0.49386616772280373;0.0;0.4327625124535295
254868.0;0.0;0.2104157543577909;0.5001382686412605;0.0;0.4208315087155818
247764.0;0.0;0.20640628393694033;0.5140710406627481;0.0;0.41281256787388065
242730.0;0.0;0.2013047586549987;0.5239440100259475;0.0;0.4026095173099974
238712.0;0.0;0.19543713009643834;0.5318243419491367;0.0;0.3908742601928767
231377.0;0.0;0.18950573655824707;0.5462101644122014;0.0;0.37901147311649414
223300.0;0.0;0.18827002850592145;0.5620512398088167;0.0;0.3765400570118429
217861.0;0.0;0.1827886932585348;0.572718518387768;0.0;0.3655773865170696
213276.0;0.0;0.1779008642056663;0.5817108832130102;0.0;0.3558017284113326
206518.0;0.0;0.17404279094919903;0.5949650602007935;0.0;0.34808558189839806
199760.0;0.0;0.170668513616581;0.6082192371885768;0.0;0.341337027233162
193002.0;0.0;0.16781759924877643;0.6214734141763602;0.0;0.33563519849755286
179812.0;0.0;0.16370619908802853;0.6473423982646795;0.0;0.32741239817605705
173054.0;0.0;0.16093803617704278;0.6605965752524628;0.0;0.32187607235408555
166296.0;0.0;0.15920850797936614;0.6738507522402462;0.0;0.3184170159587323
159538.0;0.0;0.15721525836983788;0.6871049292280295;0.0;0.31443051673967576
147701.0;0.0;0.1567509258495097;0.7103203321585402;0.0;0.3135018516990194
140943.0;0.0;0.15494910397570202;0.7235745091463235;0.0;0.30989820795140405
134185.0;0.0;0.15423437752125704;0.7368286861341069;0.0;0.3084687550425141
127427.0;0.0;0.1530429849735997;0.7500828631218902;0.0;0.3060859699471994
120669.0;0.0;0.15123413130034363;0.7633370401096735;0.0;0.30246826260068727
113911.0;0.0;0.15001329901606017;0.7765912170974568;0.0;0.30002659803212034
107153.0;0.0;0.14891188896405694;0.7898453940852401;0.0;0.2978237779281139
93637.0;0.0;0.14733261894531216;0.8163537480608068;0.0;0.2946652378906243
86879.0;0.0;0.14607458720827546;0.8296079250485902;0.0;0.2921491744165509
