504027.0;1.0046095659899998E7;0.22569672339490485;0.011473355338640495;0.39198771904440544;0.4513934467898097
503950.0;7843230.896599999;0.24656450126995502;0.011624372152499524;0.30603433345442027;0.49312900253991004
503822.0;7993396.869800002;0.23925705821314355;0.011875413089823624;0.31189364629649396;0.4785141164262871
503704.0;7819418.6933999965;0.24355723980213012;0.012106841453919279;0.3051052072014174;0.48711447960426024
503658.0;7943126.6263;0.23923819811429284;0.012197059290770126;0.3099321561064265;0.4784763962285857
503322.0;8139907.490699999;0.22377748319610177;0.012856041751245889;0.317610331270101;0.44755496639220355
503223.0;7594836.8462;0.23919431238494945;0.013050206226207497;0.29634226794591145;0.4783886247698989
502498.0;7724750.4758;0.2163907803368679;0.014472117785269781;0.30141135638222355;0.4327815606737358
502352.0;7354841.182000002;0.21712748811993715;0.014758461354405082;0.28697789832659604;0.4342549762398743
502177.0;8335110.500699999;0.20705732386307493;0.015101681385902874;0.3252269402723354;0.41411464772614986
501797.0;7151977.096699998;0.23603382997244723;0.015846959168583797;0.2790623625040385;0.47206765994489447
501787.0;7014175.434400001;0.23326961684461664;0.01586657174181224;0.2736854916166632;0.4665392336892333
501711.0;8448836.9186;0.20705389086948003;0.016015627298348427;0.32966442132536333;0.41410778173896007
501506.0;5064038.266799999;0.2553607651316115;0.016417685049531554;0.19759326175640612;0.510721530263223
501300.0;7289393.685899996;0.23165863688243543;0.016821704058037526;0.2844242082581437;0.46331727376487086
500959.0;4755145.2587;0.25926023361460526;0.01749049280512751;0.1855405927621026;0.5185204672292105
500623.0;6967430.715300001;0.23165557527911734;0.018149475265603274;0.27186156355170166;0.4633111505582347
500525.0;8988610.931800002;0.20698039385918315;0.018341678483242037;0.3507258158607822;0.4139607877183663
500442.0;6709279.8256;0.2240517923246546;0.018504462841038134;0.26178879679250133;0.4481035846493092
500173.0;4536456.204600001;0.2668556548462961;0.019032041060883312;0.1770075838799743;0.5337113096925922
500070.0;4125940.557000001;0.26753546272272255;0.019234050565136298;0.16098971009273996;0.5350709254454451
500035.0;4437062.381299999;0.26586029780318193;0.019302694571435856;0.17312934506944935;0.5317205956063639
499897.0;7325386.8253000025;0.22065921219837298;0.0195733480819884;0.2858286213846255;0.44131842439674596
499777.0;7185478.221499998;0.22239276852241624;0.019808698960729745;0.28036953993299646;0.4447855370448325
499528.0;5184583.680900001;0.2553194372825914;0.02029705203411803;0.20229681261974652;0.5106388745651828
499259.0;4637444.216999998;0.26055867389157317;0.020824630253963212;0.18094802621415543;0.5211173477831463
499056.0;3886877.295099998;0.27861904594132686;0.02122276549050065;0.15166172179639617;0.5572380918826537
498973.0;5047319.312299999;0.25446456600630896;0.021385549848296746;0.19694090634778488;0.5089291320126179
498865.0;4972532.475899999;0.25363414516199356;0.021597365639163955;0.1940228053852389;0.5072682903239871
498789.0;4310752.587699998;0.25164683365797724;0.02174642119570014;0.16820087439164508;0.5032936673159545
498721.0;3873176.8925999994;0.27687216549559246;0.021879786693653567;0.15112714700159294;0.5537443309911849
498715.0;3689886.058799998;0.29585446190603876;0.021891554237590635;0.14397533815014057;0.5917089238120775
498234.0;7027803.040500003;0.2158460467600754;0.022834919009878853;0.2742172259751661;0.4316920935201508
498228.0;4239700.039599998;0.259682142532266;0.02284668655381592;0.16542848129437598;0.519364285064532
498155.0;3765746.1757999975;0.28379993816957344;0.02298985833838357;0.14693531735360035;0.5675998763391469
498048.0;6643754.2933;0.2482611743489652;0.023199712871927937;0.2592320618364554;0.4965223486979304
498038.0;6256515.470999999;0.2482043033543988;0.02321932544515638;0.24412242443924093;0.4964086067087976
497774.0;3809449.2341000005;0.26750236632083674;0.023737097378387337;0.14864056312451843;0.5350047326416735
497756.0;4964499.332;0.2513592725215599;0.02377240001019854;0.1937093608530825;0.5027185450431197
497714.0;4110261.0945999995;0.2642148068316965;0.023854772817758007;0.16037791453453598;0.528429613663393
497695.0;3797348.9583999994;0.27682873379929196;0.023892036706892054;0.14816842353596318;0.5536574675985839
497693.0;6386066.763199999;0.24440395165956053;0.023895959221537744;0.24917737486455258;0.48880790331912105
497680.0;3513665.8320999984;0.30560780235621693;0.023921455566734723;0.13709941669247963;0.6112156047124339
497595.0;5978048.230700001;0.25126292068427697;0.024088162439176507;0.23325693579080084;0.5025258413685539
497575.0;3619316.224099998;0.3055546922090356;0.0241273875856334;0.1412217800043814;0.6111093844180712
497491.0;3964359.3421999994;0.2649318316499264;0.02429213320075234;0.1546849869471406;0.5298636632998528
497324.0;3615400.920999999;0.28585835809676946;0.024619663173667376;0.1410690091386149;0.5717167161935389
497086.0;8692077.771000003;0.20696227860732047;0.025086442416504373;0.33915541465636284;0.41392455721464094
497040.0;6435081.931300005;0.239502960079009;0.025176660253355222;0.25108989337846555;0.479005920158018
496947.0;3509530.3915999993;0.31008528163303356;0.025359057184379762;0.1369380563049503;0.6201705632660671
496924.0;3505915.2418999993;0.27998059814638065;0.025404166102805187;0.13679699709818166;0.5599611962927613
496846.0;3739779.9892999995;0.2739179120553458;0.02555714417398706;0.14592214501650586;0.5478358241106916
496763.0;3687637.627900001;0.271042325796226;0.025719928531783155;0.1438876068234883;0.542084651592452
496671.0;8866001.369500002;0.2069611553369862;0.025900364205484853;0.3459417241811806;0.4139223106739724
496539.0;4922987.254999999;0.25052925094796663;0.02615925017210033;0.19208960478794979;0.5010585018959333
496265.0;3460358.2692000014;0.27702719822422783;0.02669663467855973;0.13501941360507186;0.5540543964484557
496192.0;3384102.6751999995;0.3178907372540475;0.02683980646312738;0.13204400331948687;0.635781474508095
495994.0;3410086.951999998;0.3107624767233505;0.027228135413050598;0.13305788152039896;0.621524953446701
495559.0;3341816.2661000015;0.30774515271348135;0.02808128234848797;0.1303940336585518;0.6154903054269627
495493.0;3239329.6192;0.3320826601938806;0.028210725331795708;0.12639511623720992;0.6641653203877612
495453.0;3435836.559899998;0.30762362203222815;0.02828917562470949;0.13406260319623348;0.6152472440644563
495444.0;3240632.0959;0.297167706814926;0.02830682694061509;0.12644593746050162;0.594335413629852
495436.0;7843321.1536;0.21369874515575;0.028322516999197845;0.3060378551843297;0.4273974903115
495419.0;7656348.717699996;0.21569498482150098;0.0283558583736862;0.2987423942257837;0.43138996964300197
495291.0;6958142.775999996;0.2237520583171735;0.028606899311010302;0.27149915826868565;0.447504116634347
495161.0;7621867.6252999995;0.21564353162641414;0.02886186276298009;0.2973969795276154;0.4312870632528283
495026.0;7864469.883199999;0.2089771200848971;0.029126632501564102;0.30686305559623506;0.4179542401697942
494547.0;3568845.4683999987;0.2709685341892814;0.030066074759206633;0.13925246604649627;0.5419370683785628
494540.0;7548262.074199999;0.21027479252495956;0.030079803560466543;0.294524971031831;0.42054958504991913
494443.0;3208248.9463999975;0.3270653414838581;0.030270045520782465;0.12518238221100816;0.6541306829677161
494151.0;4757040.746600001;0.24421549416229923;0.030842732659053067;0.18561455263701834;0.48843098832459847
494028.0;3161840.4647999993;0.33421889059567944;0.03108396730976294;0.12337157376735468;0.6684377811913589
493942.0;4575967.5687;0.24422734858354456;0.031252635439527575;0.1785492743052122;0.4884546971670891
493870.0;3116441.234099997;0.327065341483858;0.03139384596677238;0.12160014519540718;0.654130682967716
493531.0;6585379.395899999;0.23648055905204332;0.032058712199216674;0.25695433687185903;0.47296111810408664
493528.0;6282968.5443;0.21992690103234294;0.03206459597118521;0.24515459456937136;0.4398538020646859
493452.0;3142586.1471999995;0.30527674837401314;0.03221365152772139;0.1226202912499179;0.6105534967480263
493178.0;3217857.5328;0.2969603965350821;0.032751036034180794;0.12555729879489183;0.5939207930701642
492681.0;6055947.2857;0.24048581176572084;0.03372578092363453;0.23629647213595528;0.4809716235314417
492608.0;3086696.5808;0.3276048679941412;0.03386895270820217;0.12043954119604725;0.6552097359882824
492572.0;9681162.227699997;0.20095286266321002;0.033939557971824574;0.3777484136929622;0.40190572532642005
492526.0;3057042.5346000013;0.349450094873505;0.03402977580867542;0.11928247258711756;0.69890018974701
492189.0;2845845.5530000003;0.3493315167341029;0.03469071952647403;0.11104179621998932;0.6986630334682058
492184.0;3016726.111099998;0.33169784192900104;0.03470052581308825;0.11770936962027286;0.6633956838580021
492044.0;3079340.6658999985;0.32747084072109717;0.03497510183828649;0.1201525214024128;0.6549416814421943
491949.0;5793732.1491;0.23683203865859798;0.03516142128395672;0.2260651228860145;0.47366407731719595
491949.0;5899321.1827;0.2363515327875918;0.03516142128395672;0.23018509205992727;0.4727030655751836
491889.0;3015238.013599999;0.32520784312045603;0.035279096723327394;0.11765130567538441;0.6504156862409121
491741.0;2929368.124999999;0.33217105277910225;0.03556936280710838;0.11430075607816446;0.6643421055582045
491694.0;4293452.461;0.25353847633974896;0.035661541901282075;0.16752584227629502;0.5070769526794979
491554.0;3117954.7717;0.3249565776239919;0.035936117926480306;0.12165920178531019;0.6499131552479838
491422.0;3004408.9073999994;0.3320216249082157;0.03619500389309579;0.11722876573724991;0.6640432498164314
491235.0;2908014.731599999;0.3341242205587269;0.036561759012467714;0.11346756990752759;0.6682484411174539
491181.0;2817085.2682000007;0.3471474714367013;0.03666766690790132;0.10991960120816802;0.6942949428734027
490994.0;2899109.5001;0.3365196400678047;0.037034422027273244;0.11312009746635018;0.6730392801356094
490605.0;7709799.219700002;0.2030599416229729;0.03779735112585977;0.30082797464130695;0.4061198832459458
490345.0;2779182.8655999987;0.34103052529810945;0.038307278029799344;0.10844069070955692;0.6820610505962189
490339.0;5070244.189300001;0.24339394266722242;0.03831904557373641;0.19783541009817954;0.48678788533444484
490152.0;9128804.195600005;0.19784822853483328;0.03868580069310834;0.3561960044358033;0.39569645706966655
490080.0;7649381.2222000025;0.2066202669227164;0.03882701122035315;0.2984705301344037;0.4132405338454328
489595.0;6061803.725799996;0.23521719685327716;0.03977822102193274;0.23652498405483746;0.4704343937065543
489353.0;2627457.4510999997;0.37799028835370274;0.04025284529406112;0.10252053016516553;0.7559805767074055
489349.0;2691258.7039;0.36885897137633566;0.04026069032335249;0.10500998561173018;0.7377179427526713
489166.0;2703215.6304;0.3594026443859247;0.040619600413433044;0.10547653187051459;0.7188052887718493
488944.0;3164576.5815000003;0.2971001002675294;0.04105499953910453;0.12347833406315335;0.5942002005350588
488918.0;3109147.302199998;0.3248199608037747;0.041105992229498484;0.12131554391097403;0.6496399216075494
488916.0;7246117.537300006;0.1850755503967176;0.041109914744144174;0.28273562003909564;0.3701511007934352
488810.0;6455062.3146;0.2157814914542498;0.04131780802036569;0.25186950618930715;0.4315629829084996
488769.0;2723811.195299999;0.3553872103086606;0.04139821957060232;0.10628014839785929;0.7107744206173212
488695.0;6000454.433699999;0.21944581969933796;0.04154335261249282;0.23413120144621094;0.4388916393986759
488219.0;2709288.7625;0.3534391180419149;0.042476911098166814;0.10571349887540156;0.7068782360838298
487907.0;6812287.615699997;0.2071097314871955;0.043088823382894305;0.2658080486543241;0.414219462974391
487706.0;7037804.515399998;0.20175800703138644;0.04348303610478606;0.2746074726407217;0.4035160140627729
487390.0;2757899.462999999;0.34732937676271847;0.04410279341880493;0.107610235503762;0.6946587535254369
487280.0;2617444.5245999997;0.3670538551184178;0.04431853172431782;0.10212983667064097;0.7341077102368356
486927.0;2532352.384;0.37799028835370285;0.04501085555928194;0.09880963395392389;0.7559805767074057
486924.0;2628464.1471;0.3652712124396016;0.04501673933125048;0.1025598103474543;0.7305424248792032
486489.0;2593079.486;0.36701923971564804;0.04586988626668785;0.10117913938200518;0.7340384794312961
486052.0;2657424.8525999985;0.3613780420679227;0.04672695571677091;0.10368982555686293;0.7227560841358454
486039.0;2485198.5414;0.37973933519116726;0.04675245206196789;0.09696974233525928;0.7594786703823345
486004.0;2658707.555599998;0.3554894915470819;0.04682109606826745;0.1037398752319012;0.7109789830941639
485945.0;6804532.920000002;0.21031214731593761;0.04693681025031527;0.26550546886788445;0.42062429463187523
485926.0;2539880.528999998;0.3725885624376718;0.04697407413944932;0.09910337397861464;0.7451771248753436
485780.0;5727102.962300002;0.2419873900002944;0.04726041770858462;0.22346532453253407;0.4839747800005888
485619.0;2387235.5360999997;0.38316323665973695;0.04757618013756259;0.09314733248587263;0.7663264733194739
485582.0;5496830.287200001;0.22870446207830664;0.04764874665850784;0.2144803353659466;0.4574089241566133
485511.0;2682137.3375999993;0.3553177758658598;0.0477879959284298;0.10465407982588568;0.7106355517317196
484266.0;3424616.8648000006;0.2809521480915569;0.05022976129537124;0.13362482290431602;0.5619042961831138
484242.0;6286648.6899;0.2133536118697321;0.050276831471119506;0.24529818984542007;0.4267072237394642
483843.0;5913045.760500003;0.21785057699357507;0.051059373142934475;0.23072061014862563;0.43570115398715015
483603.0;6234858.875100004;0.20646329679588066;0.05153007490041716;0.24327740763704275;0.4129265935917613
483540.0;5943753.785500002;0.2045941072634521;0.051653634111756365;0.23191880386324015;0.4091882145269042
482883.0;3335121.7576;0.29668217008303993;0.05294218017286522;0.13013282122280787;0.5933643401660799
482452.0;2556103.9325999995;0.36900861550531433;0.05378748207901121;0.09973639353044765;0.7380172310106287
482136.0;2367177.0035;0.4107124418352495;0.054407239393030084;0.09236467037439819;0.821424883670499
482047.0;2342660.712099999;0.4217905954917804;0.054581791294763246;0.09140807136612138;0.8435811909835608
481759.0;5836862.893000002;0.228101224249893;0.05514663340374247;0.2277480375719193;0.456202448499786
481698.0;6939496.234100005;0.20415127815747924;0.055266270100435985;0.2707715904975943;0.4083025563149585
481637.0;2337353.8921000003;0.41213872946883895;0.05538590679712951;0.09120100502536552;0.8242774589376779
480788.0;2358584.1982000005;0.40509658528097375;0.05705101426422451;0.09202938846351769;0.8101931705619475
480737.0;2381335.5838;0.3954479847700207;0.05715103838768958;0.09291712276830255;0.7908959695400414
480707.0;2435220.709200001;0.37608747221703254;0.057209876107374914;0.09501966171587398;0.7521749444340651
480444.0;2308152.4558;0.417557762971871;0.05772568678328303;0.09006159676213865;0.835115525943742
480139.0;2206994.4525999995;0.4175577629718712;0.05832387026675061;0.08611452157194982;0.8351155259437424
480066.0;2294397.239000001;0.3897936955196951;0.05846704205131826;0.08952488317300619;0.7795873910393902
479713.0;5486285.388700003;0.24199944539932633;0.05915936588628238;0.2140688849029505;0.48399889079865266
479280.0;2207291.0961000007;0.409076848256545;0.06000859030707406;0.08612609627846979;0.81815369651309
479132.0;2149675.152700001;0.4227047272769857;0.06029885639085505;0.08387798487295066;0.8454094545539714
479059.0;5763448.343000002;0.21939531019695116;0.0604420281754227;0.22488348173118208;0.4387906203939023
479020.0;5699443.1269000005;0.22747661030306057;0.06051851721101364;0.22238606785863355;0.45495322060612114
478547.0;3103106.5645000003;0.307655657012003;0.0614461919247191;0.12107984090031892;0.615311314024006
478519.0;2091350.6834000007;0.4422488970193172;0.061501107129758745;0.0816022275579332;0.8844977940386344
478335.0;5772595.6059;0.21707675469239168;0.06186197847716214;0.22524039797417406;0.43415350938478336
478220.0;2025104.5129999996;0.4290565939222701;0.06208752306928926;0.07901737408752717;0.8581131878445402
477882.0;6514433.935899997;0.19809010444331282;0.06275042804441071;0.2541861222357032;0.39618020888662564
477621.0;2073121.5004999998;0.41878641043507586;0.06326231620567313;0.08089094468079147;0.8375728208701517
477557.0;2425798.117300001;0.38122648132397596;0.06338783667433519;0.09465200243495449;0.7624529626479519
477521.0;5329818.642900001;0.2325543794200429;0.06345844193795759;0.20796372277143105;0.4651087588400858
477403.0;5160368.174;0.22874040628950024;0.06368987030205324;0.20135194989530278;0.4574808125790005
476715.0;2000689.7208000002;0.42767701908449945;0.06503921534017028;0.07806473546756841;0.8553540381689989
476340.0;2307562.676;0.3896335577000263;0.06577468683623698;0.09003858419622578;0.7792671154000526
475784.0;3384085.6906999997;0.2943095060944975;0.06686514590773854;0.13204334060278186;0.588619012188995
475252.0;1942207.8087;0.4305954342142218;0.06790853480349182;0.07578283490584682;0.8611908684284436
475172.0;2068359.8943999996;0.4215335855896848;0.06806543538931939;0.08070515199303346;0.8430671711793696
475157.0;5736403.888300003;0.22605154337370667;0.06809485424916205;0.2238282365424499;0.45210308674741334
474921.0;5279944.272300002;0.2161351929268257;0.06855771097735336;0.20601767911107596;0.4322703858536514
474913.0;1906304.8232;0.45226092576284743;0.06857340103593612;0.0743819394864248;0.9045218515256949
474648.0;5134387.154200003;0.2332312628773444;0.06909313422648992;0.20033819877898604;0.4664625257546888
474576.0;5458260.585700002;0.20753809563152106;0.06923434475373473;0.21297538759050816;0.4150761912630421
474529.0;1814126.9271;0.45039004662389676;0.06932652384790841;0.07078525830183505;0.9007800932477935
474469.0;1867775.633799999;0.43120304784020896;0.06944419928727909;0.07287857244903721;0.8624060956804179
474452.0;1858065.7455999993;0.4501487464238333;0.06947754066176745;0.07249970317916885;0.9002974928476666
474173.0;1781480.7248000002;0.4520445214468008;0.07002473145484107;0.06951143901837756;0.9040890428936016
474081.0;1863371.2854999998;0.44761277035165825;0.07020516712854277;0.07270671957181594;0.8952255407033165
474078.0;1836573.5488999996;0.44553232540032284;0.0702110509005113;0.07166110105483167;0.8910646508006457
474038.0;7059292.816600003;0.18536317132039132;0.07028950119342509;0.2754459227668888;0.37072634264078264
473917.0;2320699.3043000004;0.38800907007456575;0.07052681332948926;0.09055116113532517;0.7760181401491315
473797.0;1790181.8143999998;0.4452589554971108;0.07076216420823062;0.06985094606479351;0.8905179109942216
473370.0;2195609.6648000004;0.41458533833059047;0.07159962108508523;0.08567029954255591;0.8291706766611809
473174.0;1755407.6195;0.45570364598427776;0.07198402752036276;0.06849409482607137;0.9114072919685555
472817.0;1780116.9889999996;0.4503900466238968;0.07268419638461825;0.0694582275316748;0.9007800932477936
472648.0;2059331.2373999995;0.4245062280752429;0.07301564887217897;0.0803528636231754;0.8490124561504858
472609.0;1690322.7549999997;0.45772235124176064;0.07309213790776992;0.06595455424798341;0.9154447024835213
472504.0;1860459.8921000008;0.4402094878467943;0.07329806992666858;0.07259312016994464;0.8804189756935886
472460.0;1846879.6959;0.43576898833332006;0.07338436524887375;0.07206323569414155;0.8715379766666401
472303.0;1746566.0489999996;0.45515886739913497;0.07369228264856034;0.06814910636782888;0.9103177347982699
472083.0;2072657.3874999995;0.4196193835948491;0.07412375925958614;0.08087283549664592;0.8392387671896983
472011.0;1621049.9454;0.4594472409656412;0.07426496978683095;0.06325160461001715;0.9188944819312824
471903.0;1695282.1405999996;0.4528147296254864;0.07447678557769816;0.06614806407657936;0.9056294592509728
471350.0;7260233.2025;0.18151249440328512;0.07556136087723117;0.28328639793250415;0.36302498880657025
470592.0;2014584.4331000003;0.42604304072499527;0.07704799392794733;0.07860689201929184;0.8520860814499905
470518.0;1641091.5789;0.4574680547246396;0.07719312696983782;0.06403360733700164;0.9149361094492792
470384.0;1620775.8862999997;0.45989687350265557;0.077455935451099;0.06324091112220562;0.9197937470053111
470033.0;1630476.212600001;0.45870084743042244;0.07814433677141742;0.06361940729714269;0.9174016948608449
469669.0;1736305.2909000008;0.45121941359886913;0.07885823443693282;0.06774874275399834;0.9024388271977383
469400.0;2158048.5609999984;0.40770693821007653;0.07938581265677801;0.0842047061516704;0.8154138764201531
469358.0;4931730.981200001;0.23462483778286317;0.07946818546433748;0.19243077546809456;0.46924967556572633
468893.0;1671817.2299999995;0.4484798670983571;0.08038017011946018;0.06523248880285491;0.8969597341967142
468832.0;2023986.1106999991;0.4214560578753163;0.0804998068161537;0.07897373524698725;0.8429121157506326
468774.0;1806387.5441999994;0.43576898833332006;0.08061355974087868;0.07048327600418562;0.8715379766666401
468445.0;1487277.8618999994;0.46286807826699394;0.08125881340009453;0.05803196350185105;0.9257361565339879
468149.0;1671732.6725000008;0.45430549761908495;0.08183934556765651;0.06522918946123257;0.9086109952381699
468019.0;5617282.636000001;0.19644224533429372;0.0820943090196263;0.21918025492256799;0.39288449066858744
467810.0;1983488.209399999;0.420850806328887;0.08250421180010081;0.07739355121389686;0.841701612657774
467665.0;1420012.1629;0.4695060837454214;0.08278859411191326;0.05540732913507062;0.9390121674908428
467299.0;1814430.4340000001;0.42746920075728656;0.08350641429207437;0.07079710081075323;0.8549384015145731
467180.0;1375389.9540000001;0.4720999041965453;0.08373980391349287;0.05366621910809243;0.9441998083930906
467004.0;1922751.3247000002;0.42491672176429673;0.0840849852023135;0.07502366407550856;0.8498334435285935
466962.0;1763504.0288999998;0.4380318318066542;0.08416735800987298;0.06881000790918322;0.8760636636133085
466869.0;5230077.492700002;0.22836013822047024;0.08434975494089751;0.20407193164327925;0.4567202764409405
466479.0;6360099.551;0.195662544493266;0.08511464529680687;0.24816416250576034;0.391325088986532
465986.0;1652651.0956000001;0.45669918760658446;0.08608154515696922;0.0644846470979085;0.9133983752131689
465540.0;1628214.3380999998;0.45844541927064014;0.0869562659229579;0.0635311514158495;0.9168908385412803
465324.0;1621065.5699;0.45619942181299705;0.08737989750469231;0.06325221426100232;0.9123988436259941
465321.0;1591165.5323999997;0.46000633007049657;0.08738578127666084;0.06208554733926966;0.9200126601409931
464980.0;5576202.911700003;0.20683737530144916;0.08805457002375082;0.21757736878924108;0.4136747506028983
464941.0;5122024.701400001;0.22511245016138443;0.08813105905934177;0.19985582932532756;0.45022490032276885
464940.0;5045278.586100002;0.22165467843836173;0.0881330203166646;0.19686127943247247;0.44330935687672346
464605.0;1515512.3905;0.4614270502579335;0.08879004151981752;0.05913364407895183;0.922854100515867
464073.0;1339253.5248000005;0.48092262486140985;0.08983343041557082;0.052256214969563404;0.9618452497228197
463484.0;1325957.3022999999;0.4761093893126153;0.09098861097872624;0.05173741083847333;0.9522187786252306
463467.0;1476916.6899000006;0.466472134078141;0.0910219523532146;0.05762768184692734;0.932944268156282
463331.0;5376747.359;0.20708124279273665;0.09128868334912145;0.20979483019908063;0.4141624855854733
463052.0;5958481.023100002;0.19501838702737428;0.09183587414219507;0.23249344464609592;0.39003677405474857
462963.0;1716125.7687000006;0.4464022242330369;0.09201042604392824;0.06696135976001012;0.8928044484660738
462514.0;1717228.4054999996;0.4451885444259109;0.09289103058188544;0.06700438344789827;0.8903770888518218
462417.0;1333449.3813999998;0.46907017505437504;0.09308127254220136;0.05202974361099826;0.9381403501087501
462244.0;5346188.285999998;0.20350856153883715;0.09342057005905346;0.20860244842939504;0.4070171230776743
462234.0;7587515.900200003;0.16591786625532096;0.0934401826322819;0.29605661260069704;0.3318357325106419
462020.0;1287702.7814999996;0.47859111887870237;0.09385989169937063;0.050244761070923925;0.9571822377574047
461286.0;4748550.316300002;0.23233070351753662;0.09529945457433851;0.1852832652872187;0.46466140703507325
460838.0;1231076.8349;0.4861080041991779;0.09617809785497286;0.048035278263084014;0.9722160083983558
460259.0;1310146.0771000006;0.4768897170274003;0.09731366584489985;0.05112047403921665;0.9537794340548006
459987.0;1705988.4006000003;0.4432389730207141;0.09784712783671357;0.0665658106896888;0.8864779460414282
459704.0;1639391.6888;0.44497284927823433;0.09840216365907856;0.06396727947536432;0.8899456985564687
459652.0;1354293.0006000004;0.4683610584657598;0.09850414903986648;0.052843038947160706;0.9367221169315196
459596.0;1263109.0968000004;0.48414292396179504;0.09861397944994577;0.049285142260311686;0.9682858479235901
459433.0;1220768.7559000002;0.47810461218172673;0.09893366439356943;0.04763306823923683;0.9562092243634535
458972.0;1211860.5042999994;0.4841429239617951;0.09983780401940076;0.047285477957044283;0.9682858479235902
458707.0;5345637.428800003;0.2102714505848187;0.10035753720995456;0.20858095458097317;0.4205429011696374
458335.0;5212628.253000002;0.2213894977127083;0.10108712493405272;0.2033910813009553;0.4427789954254166
458215.0;1305599.2215999996;0.4759287637737582;0.10132247581279406;0.05094306068614814;0.9518575275475164
458106.0;1192433.7403000004;0.4870366809000676;0.10153625286098412;0.04652746676876048;0.9740733618001352
457980.0;4846094.016000001;0.2193310598788624;0.10178337128366254;0.18908931428844186;0.4386621197577248
457916.0;1900740.6325000005;0.42658233006018287;0.10190889175232458;0.0741648308210627;0.8531646601203657
457634.0;4966070.598000002;0.21018448234160655;0.10246196631736673;0.19377066994232509;0.4203689646832131
456791.0;1567181.6850999997;0.45237729963999607;0.10411530624052467;0.061149723720292704;0.9047545992799921
454868.0;1219200.3125;0.4825913395529539;0.10788680407235471;0.04757186928477432;0.9651826791059078
454866.0;4572108.593300002;0.23239857784312493;0.1078907265870004;0.17839870128499583;0.46479715568624985
454820.0;6690607.680200001;0.16852960937528827;0.10798094442385124;0.2610602300007051;0.33705921875057654
454540.0;4959103.977;0.2169108959011792;0.10853009647424772;0.19349883997298306;0.4338217918023584
454349.0;1143723.9686000003;0.48724586834187733;0.10890469662291101;0.044626864489999495;0.9744917366837547
453014.0;1133175.7432000004;0.4864088490565866;0.11152297514890847;0.04421528421498613;0.9728176981131732
452995.0;6361214.131900002;0.16734484634294342;0.1115602390380425;0.24820765223943134;0.33468969268588683
452893.0;1446224.6084;0.46748258944384435;0.11176028728497266;0.056430110230330774;0.9349651788876887
452816.0;1350586.7698000001;0.4664973232543193;0.11191130409883168;0.05269842585499763;0.9329946465086386
451998.0;1194308.6150999998;0.4748328268198482;0.1135156125889185;0.04660062234294828;0.9496656536396963
451959.0;1117470.9795000004;0.4839359753236479;0.11359210162450945;0.04360250142759271;0.9678719506472958
451502.0;4894885.510300002;0.21899225499110908;0.1144883962210494;0.19099310529411262;0.43798450998221816
450938.0;5278744.514200002;0.20884237122100482;0.1155945453511337;0.20597086585576313;0.41768474244200965
450915.0;4575038.458200001;0.22937023865047987;0.11563965426955913;0.1785130214246938;0.45874047730095974
449720.0;1322972.0518;0.4708399164006309;0.11798335677035834;0.05162092961294191;0.9416798328012618
449686.0;6845464.993800003;0.16584237941033883;0.11805003951933506;0.267102593839396;0.33168475882067766
449110.0;1184087.9294999996;0.48174360200135374;0.1191797237372935;0.04620182231445503;0.9634872040027075
448058.0;6133915.830200002;0.1940812140656496;0.12124296644092594;0.23933871988577135;0.3881624281312992
448028.0;954544.6017;0.4994443844893503;0.12130180416061129;0.03724529148573308;0.9988887689787006
447932.0;1015519.2427000003;0.4884354100267498;0.12149008486360435;0.039624455616186875;0.9768708200534996
447736.0;5210983.783000001;0.2044291885979;0.12187449129888189;0.2033269158713038;0.4088583771958
446950.0;4641068.801999999;0.20183083550825673;0.12341603955463769;0.18108945357606124;0.40366167101651346
446755.0;1092138.4516000005;0.48587752701274295;0.12379848473259238;0.042614053759431794;0.9717550540254859
446328.0;1158466.0662000002;0.4814403219535538;0.12463594160944698;0.04520208509388249;0.9628806439071076
446237.0;5705409.3469;0.16787019643447998;0.12481441602582584;0.2226188632697356;0.33574039286895996
445741.0;4338678.7606;0.24269972000945542;0.12578719965795673;0.16929052326492888;0.48539944001891083
445731.0;993553.3404999998;0.4991205951862952;0.12580681223118517;0.038767370018794066;0.9982411903725904
445542.0;4532023.837900004;0.2019947483013854;0.12617748986520277;0.1768346377552788;0.4039894966027708
445234.0;1178844.4715;0.4811801395074398;0.1267815571206389;0.045997228289979514;0.9623602790148796
444647.0;963648.9638000001;0.4992782835756512;0.12793281516914864;0.03760053378619998;0.9985565671513024
444332.0;914541.8065000001;0.4995331565896429;0.12855061122584466;0.035684425953819106;0.9990663131792858
444307.0;912251.5558;0.49339841409229407;0.12859964265891577;0.03559506286408502;0.9867968281845881
444195.0;909544.0013000001;0.4991479902508683;0.12881930347907436;0.0354894170342449;0.9982959805017366
443822.0;4426109.6118;0.23011079642000073;0.12955085246049539;0.17270197992393707;0.46022159284000147
443725.0;897166.8871000002;0.4992552017363137;0.1297410944208113;0.03500647550871513;0.9985104034726274
442317.0;865147.2591000005;0.4991719637609943;0.1325025447313764;0.03375710447251546;0.9983439275219886
441847.0;877129.658;0.4988317084879923;0.13342433567311332;0.034224644636625126;0.9976634169759846
441620.0;801726.3306000001;0.4990007037785536;0.13386954108539903;0.03128248886621325;0.9980014075571072
440612.0;5513746.1268000025;0.20143133587090892;0.13584648846682632;0.21514037301689126;0.40286267174181783
440451.0;892859.1760000002;0.49436578739729964;0.13616225089580428;0.03483839330986336;0.9887315747945993
440151.0;848857.9636000003;0.4978930778195438;0.13675062809265764;0.03312151389045754;0.9957861556390876
439437.0;1010702.6033000001;0.49122396135379803;0.13815096582116865;0.039436515588958;0.9824479227075961
439417.0;830001.0965000001;0.4989751280535792;0.13819019096762553;0.03238573945896799;0.9979502561071584
439101.0;805722.7245000002;0.49848837180348576;0.1388099482816444;0.03143842380674114;0.9969767436069715
439008.0;805700.9415;0.49830822333147246;0.13899234521266893;0.031437573857788524;0.9966164466629449
438801.0;4432090.8362000035;0.2087886775017325;0.13939832547849776;0.1729353607903973;0.417577355003465
438440.0;735920.2908000001;0.49830822333147246;0.14010633937204464;0.028714808812805897;0.9966164466629449
438345.0;5614562.900300001;0.2006659730912539;0.14029265881771485;0.21907413379556118;0.4013319461825078
438030.0;820787.654;0.4982187466779132;0.1409104548744109;0.03202624096001006;0.9964374933558264
437742.0;784473.1426000001;0.4970831748635037;0.14147529698339012;0.030609288247851665;0.9941663497270073
436885.0;639684.0176000001;0.49830822333147246;0.14315609450906788;0.024959774170683277;0.9966164466629449
435217.0;5179185.381900002;0.17648438100035418;0.14642747172357254;0.20208617686797128;0.35296876200070837
435114.0;743929.2130999999;0.49681081635956426;0.14662948122782554;0.029027308244491786;0.9936216327191285
435028.0;721356.4483000002;0.4980520137790732;0.14679814935759017;0.028146543528922093;0.9961040275581464
434723.0;712756.6546000002;0.49776247579345656;0.14739633284105774;0.027810988938279366;0.9955249515869131
434707.0;646159.0747;0.4975478215574515;0.14742771295822327;0.02521242385163769;0.995095643114903
434233.0;4371508.363899999;0.24267227857459567;0.14835734892925156;0.17057149865580304;0.48534455714919134
433558.0;4374805.0689;0.23719933782016145;0.14968119762217164;0.17070013249695498;0.4743986756403229
433314.0;1040819.0662999998;0.48828785412901043;0.1501597444089457;0.0406116271981553;0.9765757082580209
432558.0;1004778.4148000001;0.4913572650949875;0.15164245494501616;0.03920536020124121;0.982714530189975
432521.0;713696.5386000001;0.4966932748468474;0.15171502146596139;0.027847662189042534;0.9933865496936948
432104.0;649080.5442000001;0.49491831982769424;0.15253286576958758;0.025326416411964776;0.9898366396553885
431481.0;627668.6479;0.49661261792876793;0.15375472908171972;0.024490947521841153;0.9932252358575359
431479.0;942347.2728999997;0.48905289291422216;0.1537586515963654;0.036769364990843;0.9781057858284443
430719.0;4271793.419300001;0.2431131545913518;0.15524920716172724;0.16668073004164258;0.4862263091827036
430703.0;6111404.494000003;0.1665790353762901;0.15528058727889274;0.23846035204731827;0.3331580707525802
430362.0;586406.9034;0.4958918501294997;0.15594937602598274;0.02288095915841071;0.9917837002589994
430160.0;1322794.9269;0.47157793733930914;0.15634555000519734;0.05161401839211668;0.9431558746786183
430141.0;645555.5699000001;0.4947967505462428;0.15638281389433137;0.025188875751162337;0.9895935010924856
430024.0;524121.59930000006;0.49235622637323545;0.1566122810011042;0.02045065438024686;0.9847124527464709
429749.0;4227867.254600001;0.2234791249762011;0.15715162676488642;0.16496677890181305;0.4469582499524022
428933.0;5112603.734699998;0.18000950257468437;0.15875201274032757;0.1994882334579432;0.36001900514936874
427810.0;495227.3311;0.4911620040227345;0.16095450471388198;0.019323231481977537;0.982324008045469
427444.0;4144547.0971;0.22098968761390697;0.16167232489404307;0.16171571703713128;0.44197937522781394
427376.0;4047950.0572;0.2105878995430133;0.1618056903919965;0.15794660567101285;0.4211757990860266
425499.0;3849027.8271000013;0.2280706187717365;0.16548697038697568;0.15018487674826622;0.456141237543473
425449.0;480524.54500000004;0.49166018569270925;0.1655850332531179;0.018749544770040122;0.9833203713854185
424783.0;1070702.9457000003;0.4810770519180795;0.16689123063013236;0.041777663648411525;0.962154103836159
424775.0;3823757.466700003;0.2579493420047825;0.16690692068871513;0.14919885478829575;0.515898684009565
424125.0;441286.8742000001;0.490164013322319;0.16818173794856406;0.01721853355949583;0.980328026644638
423930.0;447955.2083;0.48936356338636666;0.16856418312651875;0.017478724698638436;0.9787271267727333
423715.0;447793.6637;0.4890158549125827;0.1689858534509303;0.017472421404162483;0.9780317098251654
423449.0;0.0;0.4450380565154654;0.16950754789880695;0.0;0.8900761130309308
423045.0;0.0;0.44503805651546535;0.17029989585723615;0.0;0.8900761130309307
422594.0;0.0;0.4436839244569043;0.17118442290983904;0.0;0.8873678489138086
422445.0;4713897.8884000005;0.17824485485860322;0.17147665025094289;0.18393116526431214;0.35648970971720645
422372.0;5028383.249900002;0.17274866004786765;0.17161982203551052;0.19620204180188114;0.3454973200957353
422094.0;0.0;0.44367682259287206;0.1721650515712613;0.0;0.8873536451857441
421673.0;4537843.955099998;0.19428906444731064;0.17299074090417885;0.1770617323941347;0.3885781288946213
421642.0;3344918.0375;0.29223731393393654;0.17305153988118704;0.13051506140278638;0.5844746278678731
420640.0;0.0;0.4422894170525202;0.17501671971867724;0.0;0.8845788341050403
420257.0;3602186.752099999;0.26896106162309324;0.1757678812733267;0.14055340664969432;0.5379221232461865
419351.0;4626204.234299998;0.19422021537807818;0.17754478040782384;0.18050945432216575;0.38844043075615636
419290.0;2802703.9648000007;0.3333775963032204;0.17766441710451736;0.10935845840130093;0.6667551926064408
418120.0;0.0;0.4422894170525201;0.17995908817224546;0.0;0.8845788341050402
417451.0;3089872.1986000007;0.3143447637418171;0.18127116932122844;0.12056345034643966;0.6286895274836342
415196.0;2978137.9442000003;0.32413099924539296;0.18569380458424287;0.11620370134502317;0.6482619984907859
414573.0;0.0;0.4394757458968784;0.186915667896375;0.0;0.8789514917937568
414265.0;3041792.267399999;0.3017973383612395;0.1875197351518111;0.11868742375850566;0.603594676722479
414005.0;2700160.9481999995;0.3286601621176594;0.1880296620557507;0.1053573414956147;0.6573203242353188
413602.0;0.0;0.4389466871837693;0.18882004875685704;0.0;0.8778933743675386
413572.0;3719160.391699999;0.22866683312229677;0.18887888647654238;0.14511759075936292;0.45733366624459354
413204.0;0.0;0.4386590351101122;0.18960062917134918;0.0;0.8773180702202245
413083.0;3496582.0314;0.24401534660253107;0.18983794130741335;0.13643282538221252;0.48803069320506215
413083.0;3603037.6836000006;0.24362845158750646;0.18983794130741335;0.14058660907071843;0.4872569031750129
412276.0;4573422.930300001;0.18509387119704684;0.1914206759669489;0.1784499852842854;0.3701877423940937
411957.0;2227401.166599999;0.40140948872341586;0.1920463170529363;0.08691076934271125;0.8028189774468317
411921.0;4195396.2412;0.2052983620387201;0.1921169223165587;0.1636997952985678;0.4105967240774402
411774.0;0.0;0.438092383365777;0.19240522714301683;0.0;0.876184766731554
411448.0;5018426.9736;0.17577551986704648;0.19304459703026416;0.19581355873650563;0.35155103973409296
409979.0;3266570.540900001;0.28467940007717646;0.19592568403752278;0.12745802735445852;0.5693588001543529
409297.0;0.0;0.4364362610668367;0.19726326153170273;0.0;0.8728725221336734
408745.0;2617024.2681;0.31952051496596307;0.19834587557391292;0.1021134387193945;0.6390410299319261
407981.0;0.0;0.43643626106683664;0.19984427616856615;0.0;0.8728725221336733
407947.0;3417933.3788000005;0.2793842294991177;0.19991095891754285;0.1333640405545259;0.5587684589982354
407022.0;1808453.6980999992;0.4147750466150811;0.20172512194117403;0.07056389508067804;0.8295500932301622
406877.0;2924269.0343999993;0.31222351533876247;0.2020095042529865;0.11410179511251559;0.6244470306775249
405057.0;2963804.0695999996;0.29887138899037347;0.20557899258056356;0.11564440915831321;0.5977427779807469
404946.0;3182740.6402999996;0.27751747467457283;0.2057966921433993;0.12418707586879042;0.5550349493491457
404856.0;0.0;0.43434756607848046;0.2059732053024553;0.0;0.8686951321569609
404251.0;0.0;0.4294681571186907;0.20715976598277624;0.0;0.8589363142373814
403932.0;3459699.885700002;0.27374911809103813;0.20778540706876364;0.1349937241974494;0.5474982361820763
403378.0;3135060.656800001;0.2966957936914747;0.2088719436256195;0.12232665480482999;0.5933915873829494
402906.0;0.0;0.4253495971317178;0.20979765708200213;0.0;0.8506991942634357
400733.0;4024928.5293000005;0.22793706943848843;0.2140594692445433;0.15704833070768964;0.45587413887697686
398838.0;2290012.6722000004;0.39061486112572136;0.21777605187133367;0.08935380214838581;0.7812297222514427
398513.0;2612510.2128000013;0.3327215259100977;0.21841346050125815;0.10193730519443218;0.6654430518201954
397565.0;2444793.311899999;0.37341956289620426;0.22027273244331477;0.0953931742549461;0.7468391257924085
397374.0;1910007.3813999998;0.40562156921439846;0.22064733259197805;0.07452640927773292;0.8112431384287969
397281.0;2595750.8888000012;0.366546179484606;0.22082972952300262;0.10128337461185682;0.733092358969212
396840.0;2525167.095499999;0.34203537151065283;0.22169464400237704;0.09852927181671729;0.6840707430213057
396775.0;2049858.4539000003;0.4055317992005248;0.22182212572836194;0.07998324592064963;0.8110635984010496
396675.0;3362122.6694999994;0.26704826349727473;0.22201825146064638;0.13118636741887355;0.5340965269945495
395831.0;3399374.3768000007;0.25773780324698836;0.22367355264112718;0.13263988849505876;0.5154756064939767
395578.0;0.0;0.4196426562776114;0.22416975074380685;0.0;0.8392853125552228
395137.0;2220593.8293;0.4020452620470918;0.22503466522318127;0.08664515444998792;0.8040905240941836
395119.0;2267028.5789999994;0.3897417819082482;0.22506996785499248;0.08845698784631474;0.7794835638164964
394304.0;2496090.3684000014;0.34234483471233856;0.22666839257311078;0.09739472957074806;0.6846896694246771
393970.0;3841820.9603000004;0.2253763033027393;0.22732345251894084;0.14990367264927826;0.4507526066054786
392990.0;4428179.365500001;0.2023834240520095;0.2292454846953285;0.1727827394607077;0.404766848104019
392832.0;3056417.0206999998;0.29470837854377396;0.22955536335233792;0.11925806571551362;0.5894167570875479
391513.0;2141191.4904999994;0.3907605595253776;0.23214226176116984;0.08354696160704687;0.7815211190507552
391127.0;3990189.852599998;0.21963007025562994;0.23289930708778783;0.15569286535047538;0.4392601405112599
390835.0;2419237.1972;0.36972299935314107;0.23347199422605844;0.09439600247318848;0.7394459987062821
390061.0;0.0;0.41906425966042216;0.2349900073939401;0.0;0.8381285193208443
389805.0;1865898.5937999997;0.4105508527961644;0.2354920892685883;0.07280533239110189;0.8211017055923288
389361.0;3208028.604000001;0.27317052468711767;0.2363628875199313;0.12517378469036858;0.5463410493742353
388872.0;0.0;0.4167055419897187;0.23732194235080226;0.0;0.8334110839794374
388284.0;3115709.281799999;0.2797863990237637;0.23847516165663485;0.12157158521327693;0.5595727980475274
388225.0;0.0;0.4102930109703521;0.23859087583868266;0.0;0.8205860219407042
387865.0;2095084.6227999993;0.38334658133587146;0.2392969284749067;0.08174792180951174;0.7666931626717429
387656.0;3897577.2171999984;0.22254431120063106;0.2397068312553812;0.1520792211115454;0.4450886224012621
387212.0;3606901.2563000014;0.23369905381722025;0.24057762950672418;0.14073736147257748;0.4673981076344405
386621.0;2851181.5424000006;0.3096082497858597;0.2417367325845253;0.1112500007189869;0.6192164995717194
386192.0;2465884.8311000005;0.32989202679540125;0.24257811197602558;0.09621614237930817;0.6597840535908025
385503.0;3035188.7095000013;0.29771872688571327;0.24392941827146547;0.11842976011618837;0.5954374537714265
385059.0;2038761.7500999994;0.3839987450284354;0.24480021652280845;0.07955026461540124;0.7679974900568708
385023.0;2144249.3936;0.369657835436338;0.24487082178643085;0.08366627765795934;0.739315670872676
384599.0;3413729.170200001;0.2570075048175924;0.24570239489131693;0.13319999691057785;0.5140150096351848
384341.0;2854685.4555;0.3045292013045045;0.2462083992806108;0.11138671959468714;0.609058402609009
382558.0;1953756.9076999996;0.3987545441935718;0.2497053210872426;0.07623346817943771;0.7975090883871436
382079.0;0.0;0.40732199989609175;0.2506447633448851;0.0;0.8146439997921835
381867.0;3161495.719800002;0.2755764990480071;0.2510605498973282;0.12335812219265584;0.5511529980960141
378566.0;3714484.482700001;0.23104178970543054;0.25753466032003797;0.14493514187917908;0.4620835794108611
378024.0;0.0;0.4051799799597323;0.2585976617890197;0.0;0.8103599599194646
377277.0;0.0;0.39686951234902074;0.2600627210091846;0.0;0.7937390246980415
376458.0;2331245.9673000006;0.3545681025251684;0.2616689907565942;0.09096268044719098;0.7091362050503368
374851.0;0.0;0.39500689124323207;0.2648207312744054;0.0;0.7900137824864641
374765.0;1996550.8074000003;0.39355548139146695;0.26498939940417005;0.07790323957126072;0.7871109627829339
374604.0;4279745.419999998;0.20252954837158046;0.265305161833148;0.16699100845444662;0.40505909674316093
373274.0;2370716.9077000003;0.35110130858084065;0.2679136340725312;0.09250279358364977;0.7022026171616813
371912.0;0.0;0.3870564661924583;0.2705848665462455;0.0;0.7741129323849166
369044.0;0.0;0.3803071317681901;0.2762097525481636;0.0;0.7606142635363802
367622.0;3361165.6631;0.2639988433696716;0.2789986604612485;0.13114902607069745;0.5279976867393432
366792.0;2777666.5338;0.3139460507560191;0.28062650403920947;0.10838152509301112;0.6278921015120382
362186.0;0.0;0.3741901812398505;0.28966005526823135;0.0;0.748380362479701
357098.0;0.0;0.36698752318414823;0.2996389325268643;0.0;0.7339750463682965
356362.0;0.0;0.35819373970983426;0.3010824179164779;0.0;0.7163874794196685
354998.0;2997251.6832;0.27990952944337066;0.30375757290483785;0.11694949863848578;0.5598190588867413
354736.0;2414462.665900001;0.33890513943584727;0.3042714223234231;0.09420970545819357;0.6778102788716945
352452.0;2803003.232500001;0.309393404969705;0.3087509340488;0.10937013550124883;0.61878680993941
351268.0;0.0;0.35298629925829855;0.31107306271904794;0.0;0.7059725985165971
345682.0;2768194.1490000007;0.3163117906259943;0.3220286461244575;0.10801192294732545;0.6326235812519886
344772.0;0.0;0.3416937226183466;0.32381339028824596;0.0;0.6833874452366931
342279.0;0.0;0.3409784338759293;0.3287028047940974;0.0;0.6819568677518586
340274.0;0.0;0.3367784387177234;0.3326351257264007;0.0;0.6735568774354468
337409.0;0.0;0.33532695089794207;0.33825412795635024;0.0;0.6706539017958841
336634.0;0.0;0.3300331116051541;0.33977410238155475;0.0;0.6600662232103082
335980.0;3154507.6181000005;0.27894249185857745;0.34105676467069507;0.12308545406977822;0.5578849837171549
335893.0;2849067.3801000006;0.30770691166310155;0.3412273940577826;0.1111675084069761;0.6154138233262031
335729.0;0.0;0.32096231891135985;0.34154904025872906;0.0;0.6419246378227197
335296.0;2916885.383099999;0.2929783311435408;0.3423982646795207;0.11381369307473992;0.5859566622870817
332210.0;2671584.2839999986;0.30386105751818554;0.348450704777819;0.10424231115976303;0.6077221150363711
331656.0;0.0;0.3205688444286342;0.34953724133467484;0.0;0.6411376888572684
330793.0;0.0;0.3166667918646125;0.35122980640428964;0.0;0.633333583729225
328499.0;0.0;0.3141904389964453;0.355728930702895;0.0;0.6283808779928906
328350.0;3359133.8487999993;0.2361756985791962;0.35602115804399886;0.13106974688802372;0.4723513971583924
327181.0;3630916.9342000005;0.21554822929465794;0.3583138678544041;0.14167442708692377;0.4310964585893159
326072.0;2589908.265299999;0.2982735541862765;0.36048890222543867;0.1010554018016692;0.596547108372553
323750.0;3241969.3414000007;0.24996366451856777;0.3650429417290837;0.12649811532452893;0.49992732903713555
322900.0;3068895.237000001;0.24901967260748795;0.36671001045350154;0.11974495213495161;0.4980393452149759
322494.0;0.0;0.3112427898221301;0.3675062809265764;0.0;0.6224855796442602
321079.0;0.0;0.30206001005541283;0.3702814600384014;0.0;0.6041200201108257
318762.0;0.0;0.2982255972588046;0.3748256932554322;0.0;0.5964511945176092
315327.0;0.0;0.2876367433509881;0.3815626121594031;0.0;0.5752734867019762
308512.0;0.0;0.2817889994298023;0.3949285808145886;0.0;0.5635779988596046
305154.0;0.0;0.2734809489629826;0.40151448290470054;0.0;0.5469618979259652
304679.0;0.0;0.27211449533251514;0.4024460801330517;0.0;0.5442289906650303
299439.0;0.0;0.27165871682718434;0.41272306850475704;0.0;0.5433174336543687
298326.0;0.0;0.26454571463023535;0.414905947905083;0.0;0.5290914292604707
298309.0;0.0;0.26299362989386016;0.41493928927957135;0.0;0.5259872597877203
296801.0;0.0;0.2573150207295892;0.4178968653224209;0.0;0.5146300414591783
296465.0;0.0;0.25344335570039883;0.4185558477828967;0.0;0.5068867114007977
296385.0;0.0;0.252439100208111;0.41871274836872424;0.0;0.504878200416222
291856.0;0.0;0.25074295359724097;0.4275952827838871;0.0;0.5014859071944819
291177.0;0.0;0.24899899266023026;0.4289269765060985;0.0;0.4979979853204605
289921.0;0.0;0.24820486234045716;0.43139031570359126;0.0;0.4964097246809143
289577.0;0.0;0.24134242331670402;0.43206498822264977;0.0;0.48268484663340805
286128.0;0.0;0.23573554708638533;0.4388293647291406;0.0;0.47147109417277067
285005.0;0.0;0.23045012054429942;0.44103185670269496;0.0;0.46090024108859884
284548.0;0.0;0.22856126125052406;0.4419281512992349;0.0;0.4571225225010481
279688.0;0.0;0.22801991470222932;0.4514598618882593;0.0;0.45603982940445864
279024.0;0.0;0.22248987861306987;0.4527621367506281;0.0;0.44497975722613975
277790.0;0.0;0.220762465877799;0.45518232828701827;0.0;0.441524931755598
273353.0;0.0;0.21383519381688337;0.46388442702847943;0.0;0.42767038763376675
273197.0;0.0;0.21326306036568937;0.46419038317084316;0.0;0.42652612073137874
270404.0;0.0;0.21194661033285567;0.46966817487354795;0.0;0.42389322066571133
269040.0;0.0;0.20901314099558652;0.47234332986190786;0.0;0.41802628199117303
267506.0;0.0;0.20655609331407335;0.47535189859515137;0.0;0.4131121866281467
262895.0;0.0;0.1993608521657481;0.4843952561107875;0.0;0.3987217043314962
260155.0;0.0;0.19742642828188245;0.4897691011753815;0.0;0.3948528565637649
256789.0;0.0;0.19700815902456936;0.4963706933240762;0.0;0.3940163180491387
256137.0;0.0;0.19245078484286382;0.49764943309857085;0.0;0.38490156968572764
249661.0;0.0;0.18739163803685036;0.510350535521312;0.0;0.3747832760737007
249379.0;0.0;0.187170522569801;0.5109036100863542;0.0;0.374341045139602
249366.0;0.0;0.1869720385948322;0.5109291064315511;0.0;0.3739440771896644
247658.0;0.0;0.18559108798442997;0.5142789339389696;0.0;0.37118217596885994
243547.0;0.0;0.1836077050454528;0.5223416627931835;0.0;0.3672154100909056
242947.0;0.0;0.18265588045185957;0.5235184171868902;0.0;0.36531176090371914
242621.0;0.0;0.17615190551720666;0.5241577870741375;0.0;0.35230381103441333
239881.0;0.0;0.17459437514101275;0.5295316321387314;0.0;0.3491887502820255
237356.0;0.0;0.17054747289189634;0.534483806878914;0.0;0.3410949457837927
236463.0;0.0;0.1679818008575903;0.5362352096682141;0.0;0.3359636017151806
233723.0;0.0;0.16632367481186464;0.5416090547328081;0.0;0.33264734962372927
233249.0;0.0;0.16589406282469124;0.5425386907038364;0.0;0.3317881256493825
229705.0;0.0;0.1590462578385305;0.5494893866559974;0.0;0.318092515677061
223800.0;0.0;0.15750661277646286;0.5610706111473944;0.0;0.3150132255529257
222947.0;0.0;0.15208715703455342;0.5627435636437808;0.0;0.30417431406910683
216189.0;0.0;0.1450145956930986;0.5759977406315641;0.0;0.2900291913861972
209431.0;0.0;0.13931718186275585;0.5892519176193474;0.0;0.2786343637255117
202673.0;0.0;0.13386874470529586;0.6025060946071308;0.0;0.2677374894105917
196241.0;0.0;0.13232520821614494;0.6151209017076668;0.0;0.26465041643228987
189483.0;0.0;0.13077757792637765;0.6283750786954501;0.0;0.2615551558527553
182725.0;0.0;0.12930860132291816;0.6416292556832334;0.0;0.2586172026458363
175967.0;0.0;0.1279209880857918;0.6548834326710168;0.0;0.2558419761715836
170889.0;0.0;0.12597896005684422;0.6648426973564212;0.0;0.25195792011368845
162451.0;0.0;0.12540049765940148;0.6813917866465834;0.0;0.25080099531880296
154207.0;0.0;0.12467758171514529;0.6975603920161136;0.0;0.24935516343029057
147449.0;0.0;0.12323363630824691;0.7108145690038971;0.0;0.24646727261649382
140691.0;0.0;0.12187569151445049;0.7240687459916804;0.0;0.24375138302890098
