502710.0;9118327.189700002;0.25065147759725553;0.01405633123282674;0.3557872030681685;0.5013029551945111
499059.0;1.0350986661200004E7;0.2364842180340014;0.021216881718532116;0.40388423408893204;0.4729684360680028
499053.0;9177833.098400002;0.23689912380135467;0.021228649262469184;0.35810905886276184;0.47379824760270933
495499.0;8813355.243900003;0.2798579813531942;0.02819895778785864;0.3438875296573476;0.5597159627063883
493492.0;9576649.2332;0.2292197601008719;0.03213520123480761;0.3736704303936312;0.4584395202017438
492792.0;8538302.501300002;0.2612217701486395;0.03350808136079878;0.33315527099301434;0.522443540297279
490783.0;9010985.970400006;0.2398799547164166;0.03744824732239344;0.3515988655152221;0.4797599094328332
490327.0;3121258.6130999993;0.3614494568346547;0.038342580661610545;0.12178811408102319;0.7228989136693094
489249.0;9494012.243500004;0.2292267313298735;0.040456816055636946;0.3704460249929842;0.458453462659747
488796.0;8419065.741900003;0.29498516515532774;0.04134526562288552;0.3285027824118019;0.5899703303106555
487512.0;2959655.129099999;0.3863585173849382;0.04386352002541789;0.11548252201547644;0.7727170347698764
484751.0;8164750.6642;0.2640621208475695;0.04927855149379164;0.31857968486215976;0.528124241695139
484681.0;2818975.9710999993;0.38971121862733216;0.04941583950639076;0.10999337437759138;0.7794224372546643
482627.0;2629272.468299999;0.3960612692160127;0.05344426204751342;0.10259135016094696;0.7921225384320254
481271.0;2449288.328199999;0.40500623830201776;0.0561037269772906;0.09556856489884943;0.8100124766040355
479917.0;2413379.8632999994;0.41618165534905605;0.05875926939242209;0.0941674556792029;0.8323633106981121
477685.0;2367594.105299999;0.42142310588762727;0.06313679573701109;0.09238094523268403;0.8428462117752545
476133.0;7967848.4383;0.3111292021275149;0.0661806671020658;0.31089677430483825;0.6222584042550298
470722.0;2260823.843699999;0.43586177280829425;0.07679303047597753;0.08821488582779329;0.8717235456165885
469931.0;2286138.669699999;0.42864877322815664;0.07834438501834756;0.08920264278708195;0.8572975464563133
468444.0;1813685.0076;0.45746805472463953;0.08126077465741738;0.07076801508390534;0.9149361094492791
468024.0;1739918.4627999999;0.4591896994845885;0.08208450273301209;0.06788972478916343;0.918379398969177
465410.0;7524406.0422;0.27223154303523067;0.08721122937492767;0.2935941346267531;0.5444630860704613
462920.0;1641117.3332000002;0.46558525888149854;0.09209476010881056;0.06403461224175812;0.9311705177629971
462906.0;7350677.914500001;0.24811170199070312;0.09212221771133038;0.2868154521598119;0.49622340398140624
460550.0;1603748.5774999997;0.4819697612143254;0.09674293996395208;0.06257652406439383;0.9639395224286508
458765.0;1351709.4485000002;0.479696279591108;0.10024378428522958;0.05274223155601134;0.959392559182216
457972.0;7199477.731699999;0.29171872368567814;0.10179906134224528;0.28091578558472186;0.5834374473713563
457122.0;2135740.6263;0.44664919263317004;0.10346613006666314;0.0833342748183766;0.8932983852663401
455116.0;2000336.4942999997;0.4370709425731137;0.10740041225628927;0.07805095295397022;0.8741418851462274
453112.0;1531102.6997999998;0.47296395440779965;0.1113307719312697;0.05974196098022296;0.9459279088155993
452077.0;6359765.9767999975;0.3032349389948147;0.11336067326041378;0.24815114680351963;0.6064698779896294
449319.0;1189874.7941000003;0.49449266970823413;0.118769820956819;0.04642761947304944;0.9889853394164683
448337.0;6945344.8182;0.25103602553556775;0.12069577564785232;0.2709997958839065;0.5020720510711355
446935.0;8226635.860900002;0.2259302199299406;0.12344545841448036;0.32099437788503005;0.4518604398598812
445786.0;1475594.8764000002;0.47543919221542014;0.12569894307842872;0.05757610612274471;0.9508783844308403
445565.0;1022072.1391999999;0.49916283267843015;0.12613238094677737;0.03988014250581325;0.9983256653568603
441293.0;6815195.946299998;0.2804451514744761;0.1345108722299692;0.26592152854907286;0.5608903029489521
438030.0;954546.7719;0.49884554626068395;0.1409104548744109;0.03724537616457516;0.9976910925213679
434723.0;712756.6546000002;0.49776247579345656;0.14739633284105774;0.027810988938279366;0.9955249515869131
433654.0;6084006.4339;0.28340484822550516;0.14949291691917854;0.23739130956072216;0.5668096964510103
431639.0;692783.1783;0.4974395511775224;0.15344485042471026;0.0270316456310604;0.9948791023550448
429939.0;6553922.437600001;0.27514726091132996;0.15677898787354597;0.25572692059497537;0.5502945218226599
425980.0;5241020.408899999;0.3282970381762506;0.16454360561468748;0.20449891232374925;0.6565940763525012
424734.0;504185.65530000004;0.4912647807475831;0.16698733223895174;0.019672775542525858;0.9825295614951662
421532.0;389810.6011;0.4902303750370439;0.17326727818669993;0.015209985407011208;0.9804607500740878
420833.0;0.0;0.4450380565154654;0.17463819705536826;0.0;0.8900761130309308
417667.0;5944772.626699999;0.29834471068519697;0.18084753773949402;0.23195855793801465;0.5966894213703939
416338.0;5149958.145399998;0.3230167695986645;0.1834540487215544;0.20094576190901975;0.646033539197329
413525.0;4890506.137499999;0.32378897408317;0.18897106557071608;0.1908222269337193;0.64757794816634
406366.0;4571942.050999997;0.30944269004646097;0.20301170674496005;0.1783922029857049;0.6188853800929219
402437.0;6241877.457800003;0.26297671474974255;0.21071748676641622;0.24355126509536645;0.5259534294994851
397016.0;5624105.247800001;0.30836697262989143;0.2213494627135564;0.21944646580965743;0.6167339452597829
395399.0;5465157.981699999;0.29920333834005086;0.224520815804596;0.21324451647569062;0.5984066766801017
390200.0;4161404.7864999985;0.3511680081297582;0.23471739262606472;0.16237348573055924;0.7023360162595164
387600.0;4317116.987399999;0.34460350739009227;0.2398166616654605;0.16844920634128482;0.6892070147801845
383862.0;4223507.963999999;0.32041635932797496;0.24714784153825334;0.16479668412700743;0.6408327186559499
380257.0;0.0;0.41036663543652224;0.25421817418710785;0.0;0.8207332708730445
375180.0;4059348.8693999997;0.35024480472973346;0.26417547761518956;0.1583913749172314;0.7004896094594669
373265.0;3587887.786199997;0.33802090490081704;0.2679312853884368;0.13999547656246566;0.6760418098016341
370640.0;5479940.512600002;0.289990943003541;0.2730795858609037;0.21382131474293437;0.579981886007082
364314.0;5381848.149700003;0.306355441956234;0.2854864996852182;0.2099938575007813;0.612710883912468
359414.0;3314637.454099998;0.34377188951930754;0.2950966605671564;0.12933354599420038;0.6875437790386151
357545.0;3797802.265299998;0.3341446696959813;0.2987622505035528;0.14818611107784743;0.6682893393919626
352727.0;3541627.714199999;0.34221789598579;0.30821158828501777;0.13819045889988352;0.68443579197158
346902.0;0.0;0.3818821185926168;0.3196359121905871;0.0;0.7637642371852336
344279.0;0.0;0.37654055899536215;0.32478029014840837;0.0;0.7530811179907243
340625.0;0.0;0.37124814804589695;0.33194672440608225;0.0;0.7424962960917939
339661.0;3723772.5246999976;0.3359328773325572;0.33383737646530437;0.145297551169437;0.6718657546651144
331166.0;0.0;0.3551202679035526;0.35049825742286866;0.0;0.7102405358071052
315754.0;0.0;0.3307129245875323;0.3807251552825485;0.0;0.6614258491750646
310062.0;0.0;0.31546805033914893;0.3918886319641796;0.0;0.6309361006782979
307768.0;0.0;0.3129807107169376;0.39638775626278494;0.0;0.6259614214338752
286899.0;0.0;0.27743716575658467;0.4373172353332274;0.0;0.5548743315131693
279349.0;0.0;0.2542408283315796;0.45212472812070365;0.0;0.5084816566631593
277232.0;0.0;0.2473177518817145;0.4562767098731655;0.0;0.494635503763429
271332.0;0.0;0.21667086953816703;0.46784812807794823;0.0;0.43334173907633405
264574.0;0.0;0.20953479031707464;0.48110230506573154;0.0;0.4190695806341493
258416.0;0.0;0.20284501627950355;0.49317972765980816;0.0;0.4056900325590071
255574.0;0.0;0.2017542359643646;0.4987536209713323;0.0;0.4035084719287292
251658.0;0.0;0.19382788459555017;0.5064339046475915;0.0;0.38765576919110034
248164.0;0.0;0.19315079776054075;0.5132865377336102;0.0;0.3863015955210815
244900.0;0.0;0.18629944655201192;0.5196880816353748;0.0;0.37259889310402383
242160.0;0.0;0.18487341132912918;0.5250619266999688;0.0;0.36974682265825837
238142.0;0.0;0.17840584302005183;0.5329422586231581;0.0;0.35681168604010366
231384.0;0.0;0.17054747289189634;0.5461964356109414;0.0;0.3410949457837927
224626.0;0.0;0.16440380397413878;0.5594506125987248;0.0;0.32880760794827757
221461.0;0.0;0.16176082522262997;0.5656579920255277;0.0;0.32352165044525993
214703.0;0.0;0.155201101056004;0.5789121690133111;0.0;0.310402202112008
207945.0;0.0;0.1499561053146535;0.5921663460010944;0.0;0.299912210629307
201187.0;0.0;0.1449722423393349;0.6054205229888777;0.0;0.2899444846786698
194429.0;0.0;0.14012356034579568;0.618674699976661;0.0;0.28024712069159136
187671.0;0.0;0.13643847389979977;0.6319288769644443;0.0;0.27287694779959953
180913.0;0.0;0.1331613613619417;0.6451830539522277;0.0;0.2663227227238834
174481.0;0.0;0.13123938667635635;0.6577978610527637;0.0;0.2624787733527127
167723.0;0.0;0.1278116422645939;0.671052038040547;0.0;0.2556232845291878
160965.0;0.0;0.12620457589119632;0.6843062150283303;0.0;0.25240915178239265
154207.0;0.0;0.12467758171514529;0.6975603920161136;0.0;0.24935516343029057
147449.0;0.0;0.12323363630824691;0.7108145690038971;0.0;0.24646727261649382
140691.0;0.0;0.12187569151445049;0.7240687459916804;0.0;0.24375138302890098
