498607.0;6888913.502800003;0.2240929746637583;0.022103370028457844;0.26879790737366505;0.4481859493275166
498234.0;7027803.040500003;0.2158460467600754;0.022834919009878853;0.2742172259751661;0.4316920935201508
497040.0;6435081.931300005;0.239502960079009;0.025176660253355222;0.25108989337846555;0.479005920158018
496017.0;4476022.344200002;0.29188205297084935;0.027183026494625173;0.17464952041997742;0.5837641059416987
495397.0;6739265.373400005;0.23191547924073447;0.028399006034788784;0.26295880023307555;0.46383095848146894
495202.0;4340038.723600002;0.2974512899015137;0.028781451212743465;0.1693435875410818;0.5949025798030274
494552.0;4255058.703900002;0.2965809692289996;0.03005626847259241;0.16602775965985664;0.5931619384579992
493800.0;3962845.9159999997;0.30278741750731036;0.031531133979371496;0.1546259347039445;0.6055748350146207
491804.0;6555136.380500004;0.22408287514457825;0.035445803595769175;0.2557742873257464;0.4481657502891565
491725.0;6192712.465400005;0.23948311598000135;0.03560074292427389;0.24163290060032813;0.4789662319600027
490309.0;3004870.1036000005;0.35146449612404446;0.03837788329342175;0.11724676111103398;0.7029289922480889
489833.0;2861282.4451000006;0.3594731254096219;0.03931144177909574;0.11164412694908711;0.7189462508192438
487583.0;2726901.202000001;0.37444840802450063;0.04372427075549593;0.10640071709630407;0.7488968160490013
487203.0;3855952.0097000008;0.31806197071697806;0.044469548538176855;0.15045505081742772;0.6361239414339561
486927.0;2532352.384;0.37799028835370285;0.04501085555928194;0.09880963395392389;0.7559805767074057
486564.0;6328649.875400002;0.22410069416838205;0.04572279196747451;0.24693703039190465;0.4482013883367641
486537.0;6067254.591000002;0.25478870574159795;0.04577574591519131;0.2367376708825269;0.5095774114831959
486251.0;5579860.687900002;0.27172882443343715;0.046336665509524845;0.21772009123564737;0.5434576488668743
486177.0;5918890.278700003;0.23947341418333803;0.04648179855141534;0.23094865688794514;0.47894682836667607
485367.0;3227650.5173000004;0.34541112039916444;0.04807041698291941;0.12593941039194886;0.6908222407983289
485327.0;5841852.938800002;0.2603968979938466;0.048148867275833195;0.2279427437281504;0.5207937959876932
485230.0;2612878.7827;0.3778279873018184;0.04833910923614911;0.1019516863907994;0.7556559746036368
485155.0;5676445.396000002;0.24502079808891047;0.04848620353536245;0.22148872142835105;0.49004159617782095
483980.0;3107917.2454000013;0.3455962232803844;0.05079068088970477;0.12126754843336272;0.6911924465607688
483543.0;4682392.548700002;0.2869667617646227;0.05164775033978783;0.18270186119785609;0.5739335235292454
483110.0;2441798.1797000007;0.3914158380168806;0.05249697476057951;0.09527630745623542;0.7828316760337612
482283.0;3678370.5809000027;0.3327904318184278;0.054118934566571936;0.14352601673528056;0.6655808636368556
479228.0;4092591.1098999996;0.29937990487686494;0.060110575687861975;0.15968845096255846;0.5987598097537299
479059.0;5763448.343000002;0.21939531019695116;0.0604420281754227;0.22488348173118208;0.4387906203939023
477983.0;3466024.0664000027;0.3234619923770878;0.06255234105480341;0.13524048684548123;0.6469239847541756
477980.0;2234550.8870999995;0.42739292620321223;0.06255822482677195;0.08718974365526802;0.8547858524064245
477896.0;2347894.4269000012;0.4201820894523558;0.06272297044189089;0.09161228522153693;0.8403641789047116
476911.0;4175426.959100003;0.28473474408704846;0.06465480890489275;0.16292061564446822;0.5694694881740969
476569.0;2145901.4075999996;0.43668429055340824;0.06532555890930558;0.08373073744628029;0.8733685811068165
475889.0;5091912.3894;0.26046528054534307;0.06665921388883986;0.1986808796836325;0.5209305610906861
474921.0;5279944.272300002;0.2161351929268257;0.06855771097735336;0.20601767911107596;0.4322703858536514
474576.0;5458260.585700002;0.20753809563152106;0.06923434475373473;0.21297538759050816;0.4150761912630421
472648.0;2059331.2373999995;0.4245062280752429;0.07301564887217897;0.0803528636231754;0.8490124561504858
470556.0;3563507.627500002;0.322975766434621;0.07711859919156973;0.1390441893039839;0.645951532869242
468445.0;1487277.8618999994;0.46286807826699394;0.08125881340009453;0.05803196350185105;0.9257361565339879
466619.0;1947333.662399999;0.4293840805644277;0.08484006927160864;0.07598284013853022;0.8587681611288553
466439.0;1885811.2962999998;0.4364802651457201;0.08519309558972066;0.07358230437078764;0.8729605302914402
462514.0;1717228.4054999996;0.4451885444259109;0.09289103058188544;0.06700438344789827;0.8903770888518218
462417.0;1333449.3813999998;0.46907017505437504;0.09308127254220136;0.05202974361099826;0.9381403501087501
461677.0;1822439.8486999993;0.4411521802924618;0.09453260296110631;0.07110961945535119;0.8823043605849236
459704.0;1639391.6888;0.44497284927823433;0.09840216365907856;0.06396727947536432;0.8899456985564687
458452.0;1261690.9845000003;0.4858935485335879;0.10085765782727991;0.049229809061759264;0.9717870970671758
457607.0;4854638.927699999;0.23464688673731207;0.10251492026508353;0.189422727443175;0.46929377347462414
454540.0;4959103.977;0.2169108959011792;0.10853009647424772;0.19349883997298306;0.4338217918023584
451549.0;1192094.6204000004;0.48958388604108494;0.1143962171268757;0.04651423467934148;0.9791677720821699
447736.0;5210983.783000001;0.2044291885979;0.12187449129888189;0.2033269158713038;0.4088583771958
446147.0;1076773.7028000003;0.4984923238035458;0.12499092918488185;0.0420145379833833;0.9969846476070916
439559.0;877372.0545000003;0.49882101826630465;0.1379116924277816;0.034234102684244434;0.9976420365326093
438884.0;1002419.1632000003;0.4976884555399058;0.13923554112070166;0.03911330477148583;0.9953769110798116
434083.0;934401.3837000002;0.4982319434615236;0.14865153752767823;0.03645932504211744;0.9964638869230472
432603.0;768312.1338000001;0.4972420105348931;0.15155419836548814;0.02997870327320773;0.9944840210697862
427484.0;667623.7383000002;0.49444892034260945;0.16159387460112928;0.026049951664378356;0.9888978406852189
425889.0;4751206.7505;0.2223882105560695;0.1647220800310663;0.18538691645858918;0.444776421112139
422465.0;566272.5974000001;0.4922362100648461;0.17143742510448598;0.022095340451335748;0.9844724201296922
420028.0;461323.49659999995;0.4889290505944477;0.1762170092002581;0.01800034075881212;0.9778581011888954
418741.0;0.0;0.44575850150450996;0.17874114737475902;0.0;0.8915170030090199
414566.0;4360895.2415999975;0.2624995256079439;0.18692939669763492;0.17015738617438173;0.5249990512158877
395947.0;3178264.8451;0.3292312524955591;0.2234460467916772;0.12401243521128993;0.6584625049911182
391524.0;3594846.736400001;0.30710020911515723;0.23212068793061857;0.14026700722554022;0.6142004182303145
391493.0;3507078.873600001;0.31702250865649917;0.23218148690762674;0.13684240074068452;0.6340450173129983
388480.0;3427170.353600001;0.3217919570258616;0.2380907552213573;0.1337244572582186;0.6435839140517232
387831.0;3934041.9368000007;0.2891605937722369;0.23936361122388342;0.15350203478418975;0.5783211875444738
386442.0;2219016.0806000005;0.41654650555518447;0.24208779764531446;0.0865835924128468;0.8330930111103689
386010.0;3801748.3966000006;0.2838596555340526;0.2429350608087833;0.14834008482642638;0.5677193110681052
385993.0;4151280.2659000005;0.27851420415073047;0.24296840218327165;0.1619784379557055;0.5570284083014609
385992.0;3300945.2107000006;0.32215015920428186;0.2429703634405945;0.1287992895585993;0.6443003184085637
382474.0;3667539.1952999993;0.29504242163253125;0.24987006670236156;0.14310338785743867;0.5900848432650625
377808.0;3087641.0156;0.3134405908808261;0.25902129337075414;0.12047639201407358;0.6268811817616522
377512.0;2596533.970600001;0.37249355467163814;0.2596018255383161;0.10131392961143068;0.7449871093432763
371144.0;3002363.8562000017;0.34718125226055163;0.27209111217019005;0.11714897006514459;0.6943625045211033
361938.0;2713880.933600002;0.35672014221044945;0.2901464470842968;0.10589268039386315;0.7134402844208989
361212.0;1984003.3723999998;0.4259108491508676;0.29157031990068194;0.07741365231348249;0.8518216983017352
359110.0;2901145.181200001;0.345497810972854;0.29569288279330114;0.11319952752735153;0.690995621945708
355941.0;2317754.0282;0.40953087588401205;0.30190810724939543;0.09043623966737584;0.8190617517680241
351402.0;2792811.5226000017;0.34749331541962186;0.31081025423778674;0.10897246607303408;0.6949866308392437
337346.0;0.0;0.3833557455571702;0.33837768716768946;0.0;0.7667114911143404
303872.0;2257726.206;0.33674775178321764;0.40402881479258723;0.08809401937603378;0.6734955035664353
298581.0;2007461.4646999997;0.3560582878011663;0.41440582728775766;0.07832896154456159;0.7121165756023325
298088.0;1749070.6683;0.36548014766073506;0.41537272714792;0.06824683388702826;0.7309602953214701
297068.0;1877708.9684999997;0.33241848420747466;0.4173732096172214;0.07326616035814902;0.6648369684149493
294872.0;1623172.7865;0.34117216194600536;0.421680130698188;0.06333443555935842;0.6823443238920107
292247.0;1685044.7219;0.33797835520103003;0.4268284311706549;0.06574861114073549;0.6759567104020601
291477.0;1549594.1062999999;0.33707315436687363;0.42833859930924517;0.06046347553684725;0.6741463087337473
286013.0;1382268.3612;0.3225759133804953;0.4390549093212677;0.0539346070709653;0.6451518267609906
284668.0;1215769.5673999998;0.32719556779193293;0.4416928004204936;0.047438005344802116;0.6543911355838659
272259.0;892819.0299;0.3627422290719111;0.46603004253967134;0.0348368268527341;0.7254844581438222
271814.0;775418.538;0.34166557010181275;0.4669028020483372;0.030255987430881506;0.6833311402036255
258989.0;1047643.1078000001;0.318108457522987;0.49205592721381824;0.04087789387058276;0.636216915045974
254876.0;407384.0428;0.3101557474374048;0.5001225785826778;0.015895681976200695;0.6203114948748096
247046.0;1993064.4799000002;0.2931392589877217;0.5154792234205504;0.07776720686653327;0.5862785179754434
245028.0;521968.31999999995;0.286722303449214;0.5194370406980507;0.020366635765468807;0.573444606898428
239363.0;1812394.7666000002;0.28186614744017635;0.530547563431965;0.07071767128431102;0.5637322948803527
235973.0;1486956.5186;0.27583433345776726;0.5371962257564079;0.058019425036017036;0.5516686669155345
206637.0;0.0;0.23003646951761073;0.594731670579375;0.0;0.46007293903522145
133092.0;0.0;0.14164537986810016;0.7389723403879759;0.0;0.2832907597362003
