497018.0;3708936.1531;0.312911539928019;0.0252198079144578;0.14471865209667661;0.625823079856038
496827.0;3583942.3342999998;0.3178907372540475;0.025594408063121105;0.13984152932333546;0.635781474508095
496539.0;4922987.254999999;0.25052925094796663;0.02615925017210033;0.19208960478794979;0.5010585018959333
496192.0;3384102.6751999995;0.3178907372540475;0.02683980646312738;0.13204400331948687;0.635781474508095
496136.0;4751937.405900001;0.2704493103981337;0.026949636873206676;0.185415425837093;0.5408986207962674
495177.0;6554212.140099999;0.24491569265958005;0.02883048264581458;0.2557382244712294;0.4898313853191601
494740.0;4509511.1479;0.28843655307820437;0.02968755209589764;0.17595621709302292;0.5768731061564087
494564.0;3503608.4721999997;0.31287743218723424;0.030032733384718274;0.13670698945504595;0.6257548643744685
494024.0;3171369.7359000007;0.3409739421513473;0.03109181233905432;0.12374339555455459;0.6819478843026946
492526.0;3057042.5346000013;0.349450094873505;0.03402977580867542;0.11928247258711756;0.69890018974701
492118.0;3864230.0742;0.30775681711610947;0.034829968796395994;0.15077805188483837;0.6155136342322189
491374.0;2912322.7277000006;0.349450094873505;0.03628914424459232;0.11363566322676924;0.69890018974701
491065.0;6695786.461900002;0.24067450733926948;0.03689517275735128;0.26126230042634474;0.48134901467853897
490772.0;3795500.9499000004;0.31283046948679855;0.03746982115294473;0.14809631625556163;0.6256609389735971
490339.0;5070244.189300001;0.24339394266722242;0.03831904557373641;0.19783541009817954;0.48678788533444484
490071.0;4586527.837699999;0.2717315773322743;0.03884466253625875;0.17896132450838995;0.5434631546645486
489241.0;2792347.719600001;0.35754064376523226;0.0404725061142197;0.10895436898475112;0.7150812875304645
488243.0;4821260.5808999995;0.2639401788936793;0.04242984092241854;0.1881203406781524;0.5278803577873586
487982.0;4428984.7492;0.294568339191572;0.04294172908368096;0.1728141646561474;0.589136678383144
485961.0;3297563.002799999;0.33190055298925275;0.04690543013314976;0.1286673194873459;0.6638011059785055
485741.0;4032220.4847000004;0.30749521110607086;0.04733690674417556;0.15733285487124393;0.6149904222121417
484611.0;4249900.121900001;0.2913895582322812;0.049553127518989874;0.1658264774045268;0.5827791164645624
483681.0;2684984.1721;0.3897527694153803;0.05137709682923529;0.10476516020974132;0.7795055388307606
482912.0;2456839.6367;0.3961464221248495;0.05288530371050273;0.09586320873810047;0.792292844249699
482105.0;6090390.9273999985;0.23149077984519104;0.05446803837003827;0.23764042554856887;0.46298155969038207
481877.0;2554879.9314;0.396104311840533;0.054915205039646815;0.09968863433575767;0.792208623681066
480683.0;4679635.013600001;0.25224615568423;0.05725694628312319;0.18259426517939997;0.50449231136846
480572.0;2366461.0670000003;0.4051831850818905;0.057474645845958926;0.09233673531135317;0.810366370163781
474662.0;1965118.3829;0.4464567404215075;0.06906567662397009;0.0766767805765518;0.892913480843015
465526.0;5823023.401400001;0.2177065978576945;0.08698372352547772;0.2272080356718107;0.435413195715389
465216.0;5617602.23;0.22758522725134048;0.08759171329555952;0.21919272513261984;0.45517045450268095
465179.0;1681492.4655000009;0.47261588531285287;0.08766427981650476;0.06561000596208338;0.9452317706257057
465024.0;1546998.7423000003;0.4696797552704887;0.08796827470154567;0.06036220725821531;0.9393595105409774
463555.0;2273551.3052;0.43528298148429445;0.09084936170880428;0.08871149752367082;0.8705659629685889
462350.0;1735058.3609999996;0.4539156919651603;0.09321267678283193;0.06770008890638858;0.9078313839303206
461990.0;2179270.1509;0.4235331101531056;0.09391872941905596;0.08503274949318484;0.8470662203062111
461274.0;2083967.0487999998;0.4358381696773561;0.09532298966221266;0.08131412617177335;0.8716763393547122
460157.0;1894006.2976;0.4503899931152819;0.09751371409182999;0.07390206440253562;0.9007799862305638
458338.0;1826414.8323;0.44430986852339854;0.1010812411620842;0.07126471898927486;0.8886197370467971
455612.0;1329395.2522000007;0.47985920807312626;0.10642762862415837;0.05187155590190026;0.9597184161462525
436671.0;1223795.8297;0.49103300962916596;0.1435758035761566;0.04775118136441613;0.9820660192583319
433364.0;1150167.8458999998;0.49438835337926434;0.15006168154280347;0.04487829756909223;0.9887767067585287
432926.0;5517466.491699998;0.21183271128421383;0.15092071225020937;0.2152855376062534;0.42366542256842765
432500.0;782470.0362000001;0.49937643278932486;0.15175620786974114;0.030531129216191888;0.9987528655786497
428974.0;1040981.9069999999;0.4957889338460946;0.15867160119009094;0.040617981065042656;0.9915778676921893
427290.0;5158816.061499999;0.23419258481167235;0.16197435852176112;0.20129138815478462;0.4683851696233447
426663.0;5422093.078999998;0.20727326397858686;0.16320406686318464;0.21156417084175197;0.4145465279571737
426322.0;920219.3254000003;0.4970344375692059;0.16387285561027465;0.03590595656220521;0.9940688751384118
425855.0;3454840.6308;0.3141468476460494;0.16478876278004304;0.13480412135979078;0.6282936952920988
425121.0;3767793.4893000005;0.3116536447227039;0.16622832565501092;0.14701520129818973;0.6233072894454078
423941.0;3223425.730100001;0.30919008279739923;0.16854260929596745;0.12577456379342544;0.6183801655947985
422552.0;2849638.5605000006;0.34574472513269333;0.1712667957173985;0.11118979524454352;0.6914894502653867
422110.0;5037589.448600001;0.214094872996086;0.1721336714540958;0.19656125765564678;0.428189745992172
421812.0;648065.0619;0.49567405273577425;0.17271812613630347;0.02528679339781253;0.9913481054715485
421157.0;5289391.183199998;0.20427167473896105;0.17400274968276663;0.20638628729290787;0.4085433494779221
421017.0;4924349.278899999;0.231021287257788;0.17427732570796486;0.19214274947817767;0.462042574515576
420660.0;549143.3715;0.49361546454017685;0.17497749457222037;0.02142697669920279;0.9872309290803537
420110.0;0.0;0.4436768225928724;0.17605618609978485;0.0;0.8873536451857448
419977.0;5707243.546000001;0.19298024973410177;0.17631703332372317;0.2226904317223786;0.38596049946820354
418399.0;3116286.1419000016;0.3330868900338335;0.17941189737917185;0.12159409366655698;0.666173780067667
415196.0;2978137.9442000003;0.32413099924539296;0.18569380458424287;0.11620370134502317;0.6482619984907859
414856.0;4640711.289900001;0.2661203766335058;0.18636063207401002;0.18107550384301535;0.5322407532670116
414005.0;2700160.9481999995;0.3286601621176594;0.1880296620557507;0.1053573414956147;0.6573203242353188
412060.0;4310988.652199999;0.27851947459551946;0.1918443075486833;0.16821008537151583;0.5570389491910389
410779.0;4378964.8029000005;0.2662384123713515;0.19435667817924715;0.1708624407904147;0.532476824742703
408745.0;2617024.2681;0.31952051496596307;0.19834587557391292;0.1021134387193945;0.6390410299319261
408236.0;4749726.684499999;0.2151702853058949;0.1993441555512408;0.18532916589408963;0.4303405706117898
407495.0;3544836.616099999;0.3074832545821329;0.2007974472274686;0.13831566675963336;0.6149665091642658
405376.0;4540651.413699999;0.235243506362483;0.20495335149457614;0.17717127637322688;0.470487012724966
403615.0;4205576.564;0.2242875358070413;0.20840712564010536;0.16409702041453367;0.4485750716140826
402040.0;3701820.9063999983;0.28439174205631873;0.2114961059235855;0.14444102291427643;0.5687834841126375
396840.0;2525167.095499999;0.34203537151065283;0.22169464400237704;0.09852927181671729;0.6840707430213057
395688.0;4085049.042699999;0.24201626769053156;0.22395401243829394;0.15939416770877576;0.4840325353810631
390835.0;2419237.1972;0.36972299935314107;0.23347199422605844;0.09439600247318848;0.7394459987062821
388738.0;1962252.5129000002;0.40986788184669776;0.23758475083206343;0.07656495744820335;0.8197357636933955
385131.0;3972122.4827999985;0.2267255524660541;0.24465900599556364;0.15498789624438744;0.4534511049321082
379881.0;1591276.9390000002;0.4387280816314857;0.2549556069404974;0.062089894303553016;0.8774561632629714
379201.0;2117335.1458;0.38966318895625235;0.2562892619200317;0.08261611300075529;0.7793263779125047
378714.0;1677369.7510000006;0.43661688281425326;0.257244394236257;0.06544914212922372;0.8732337656285065
374545.0;3873934.504300001;0.23558094630312176;0.2654208760151958;0.15115670818558508;0.4711618926062435
373738.0;1858839.1541999998;0.42309708228907467;0.2670036106747314;0.07252988074100648;0.8461941645781493
370411.0;3782636.2508000005;0.2591320975772;0.2735287137878351;0.1475943496978938;0.5182641951544
368695.0;3613909.908800001;0.2503033010839953;0.27689423135383634;0.1410108314653047;0.5006066021679906
366792.0;2777666.5338;0.3139460507560191;0.28062650403920947;0.10838152509301112;0.6278921015120382
366627.0;2038369.8033999994;0.4020012476371022;0.2809501114974788;0.07953497128173996;0.8040024952742044
363132.0;3302697.062000001;0.2863669098142196;0.2878047058408204;0.12886764488970898;0.5727338196284392
348183.0;3461580.694299998;0.2628616597043035;0.3171235415600233;0.13506711130205507;0.525723319408607
348113.0;2319663.9802999995;0.37155015990690726;0.3172608295726224;0.09051076391963349;0.7431003198138145
343982.0;3210732.5572999986;0.3080466398251365;0.3253627835732932;0.12527929000530394;0.616093279650273
335296.0;2916885.383099999;0.2929783311435408;0.3423982646795207;0.11381369307473992;0.5859566622870817
332210.0;2671584.2839999986;0.30386105751818554;0.348450704777819;0.10424231115976303;0.6077221150363711
326072.0;2589908.265299999;0.2982735541862765;0.36048890222543867;0.1010554018016692;0.596547108372553
322827.0;3041336.275799998;0.2882574948638379;0.3668531822380692;0.11866963146254922;0.5765149897276758
317510.0;2475137.4841;0.30914889870812456;0.37728118742363353;0.09657717082930158;0.6182977974162491
317053.0;2220095.3221;0.3470104266855216;0.3781774820201735;0.08662570324159109;0.6940208533710432
316578.0;0.0;0.39804613709263303;0.37910907924852466;0.0;0.7960922741852661
313703.0;1986165.7012000007;0.3829554650579781;0.38474769405170267;0.07749802402990161;0.7659109301159562
237775.0;0.0;0.35257393549972166;0.5336620400606421;0.0;0.7051478709994433
136323.0;0.0;0.3132638133515728;0.7326355179778653;0.0;0.6265276267031455
19284.0;0.0;0.16672084873708914;0.9621791137862661;0.0;0.3334416974741783
