503121.0;7920498.190100002;0.25359574359314035;0.01325025447313764;0.30904921915341854;0.5071914871862807
501465.0;7817730.635700001;0.24004301806475156;0.01649809659976818;0.3050393410271506;0.4800860361295031
501245.0;7702869.011800003;0.2603346259667902;0.016929573210793976;0.3005575654714971;0.5206692519335804
500771.0;7501237.933900001;0.2842694135595095;0.017859209181822284;0.2926901402557518;0.568538827119019
496638.0;7549720.312500003;0.268256594835369;0.02596508569713872;0.29458186990323265;0.536513189670738
495363.0;7734819.079000002;0.24166950911737967;0.028465688783765496;0.30180422232098675;0.48333901823475933
494648.0;7269363.152300002;0.2858112912399138;0.029867987769599334;0.2836426386371769;0.5716225824798276
494157.0;6662376.3007000005;0.28501819726960426;0.030830965115116;0.259958672298059;0.5700363945392085
493184.0;7217873.299400001;0.2562652734140665;0.03273926849024372;0.28163356061567574;0.512530546828133
489353.0;2627457.4510999997;0.37799028835370274;0.04025284529406112;0.10252053016516553;0.7559805767074055
488922.0;6518257.973999999;0.365886108951232;0.04109814720020711;0.2543353320404975;0.731772217902464
486924.0;2832153.0746999984;0.37792532091010556;0.04501673933125048;0.11050753061884569;0.7558506418202111
485227.0;6979016.605200004;0.254280593806809;0.04834499300811764;0.2723136323661695;0.508561187613618
482275.0;2543124.392499998;0.4066631019091334;0.05413462462515469;0.09922994600194626;0.8133262038182668
480816.0;2459935.7149999985;0.4123238323927769;0.05699609905918486;0.0959840143437691;0.8246476647855538
478996.0;6862185.3225000035;0.26883938838780264;0.060565587386761904;0.2677550028678056;0.5376787767756053
477856.0;6307226.160800002;0.3029396868436024;0.06280142073480467;0.24610110036457739;0.6058793736872048
477788.0;6130107.959399999;0.3075877979691026;0.0629347862327581;0.23919014091142743;0.6151755959382053
476291.0;6096175.791299998;0.33608934553403574;0.06587078844505635;0.23786614464202668;0.6721786910680715
475938.0;2423812.2428999986;0.41774969852754923;0.06656311228002047;0.09457451577718029;0.8354993970550985
473575.0;2344135.882599999;0.4229497393742372;0.07119756333390209;0.09146563091353885;0.8458994787484744
471364.0;2248131.8419000003;0.425218680872439;0.07553390327471135;0.0877196577308175;0.850437361744878
470401.0;3978327.0348;0.36818453592931377;0.07742259407661063;0.15522999111074243;0.7363690718586275
470141.0;1797601.6748;0.45844541927064014;0.07793252098055022;0.07014046094224323;0.9168908385412803
469243.0;1778665.0535000004;0.4566991876065845;0.0796937300564646;0.06940157458866968;0.913398375213169
468274.0;5623956.9379;0.305511052446772;0.08159418840230094;0.21944067891877156;0.611022104893544
465265.0;2022177.4525000001;0.4485236817361089;0.08749561168674014;0.07890316337246504;0.8970473634722178
464746.0;2142547.9121000003;0.43050182140694104;0.08851350423729644;0.08359988770162602;0.8610036428138821
464061.0;5333218.145799997;0.33070824926047915;0.08985696550344495;0.20809636767476133;0.6614164985209583
460099.0;5886130.0884;0.2948674608216199;0.09762746701655498;0.22967038991678562;0.5897349216432398
458844.0;1670896.4385000006;0.47486440688538417;0.10008884495672486;0.06519656052066257;0.9497288137707683
458023.0;1931587.8167000003;0.4396505960408916;0.10169903721878022;0.07536845437620819;0.8793011920817831
457147.0;1582254.3136000005;0.4682480928758299;0.10341709863359203;0.061737841280162506;0.9364961857516598
456384.0;1908210.7861000006;0.4519318707685569;0.1049135379709224;0.07445630808444012;0.9038637415371138
454655.0;1460146.4468000007;0.47858852304535426;0.10830455188212058;0.05697332521295372;0.9571770460907085
450031.0;1389612.9727000005;0.4820300229730776;0.1173734057429537;0.05422118581823369;0.9640600459461552
448688.0;1560090.0993000008;0.4735876928841657;0.12000737432753389;0.060873017760459454;0.9471753857683314
448522.0;3737908.875299999;0.3742500518080745;0.12033294304312608;0.14584913618464096;0.748500103616149
445241.0;5563805.6554;0.2773822232241145;0.126767828319379;0.2170936413408907;0.554764446448229
444195.0;909544.0013000001;0.4991479902508683;0.12881930347907436;0.0354894170342449;0.9982959805017366
440652.0;5407439.415100001;0.2861132050326397;0.13576803817391253;0.21099240082459683;0.5722264100652794
439671.0;5188178.114899999;0.3027785147622026;0.13769203160762303;0.2024370635224469;0.6055570295244052
437755.0;909544.0013000001;0.4990909073775805;0.14144980063819312;0.0354894170342449;0.998181814755161
433738.0;5070244.9119;0.311121830440552;0.14932817130405962;0.19783543829324507;0.622243660881104
432521.0;713696.5386000001;0.4966932748468474;0.15171502146596139;0.027847662189042534;0.9933865496936948
431693.0;1272637.5348000003;0.4848344908779012;0.15333894252927666;0.04965693154085624;0.9696689817558024
428675.0;642459.6481000001;0.49364495056848806;0.15925801712962145;0.025068076251953314;0.9872899011369761
428267.0;4889263.808499998;0.3346578949086083;0.16005821011734203;0.19077375260822022;0.6693157898172166
426662.0;4493752.458799998;0.35118027983860256;0.1632060281205075;0.1753413301952108;0.7023605596772051
425162.0;4933162.907499999;0.32566937918875094;0.16614791410477428;0.1924866476738925;0.6513387583775019
423941.0;493673.2474;0.490164013322319;0.16854260929596745;0.019262592827380735;0.980328026644638
422389.0;0.0;0.44503805651546546;0.17158648066102217;0.0;0.8900761130309309
420265.0;4727359.829100001;0.3392925004957254;0.17575219121474395;0.18445643553920782;0.6785850009914508
415390.0;4771656.9936;0.30677294591528487;0.18531332066361103;0.18618486268745799;0.6135458918305697
411551.0;4576912.351299999;0.3011386477634693;0.1928425875260112;0.178586138694016;0.6022772955269386
408384.0;4083468.2902999986;0.3621620925487866;0.1990538894674598;0.15933248847052964;0.7243241850975732
404840.0;4223676.7184;0.341005406507719;0.2060045854196208;0.16480326874003268;0.682010813015438
396799.0;3759429.7968000006;0.36233396148993785;0.22177505555261368;0.14668885911941176;0.7246679229798757
395642.0;3467339.078599999;0.3747787136981383;0.22404423027514478;0.13529179719033985;0.7495574273962766
394627.0;3644264.356199999;0.34795696645016166;0.22603490645783197;0.1421952289667811;0.6959139329003233
391084.0;4078235.1207000003;0.3259914565430061;0.23298364115267015;0.15912829588822486;0.6519829130860122
385311.0;3250936.2299;0.365814601260313;0.24430597967745163;0.12684799355474233;0.731629202520626
382167.0;4258427.650800001;0.31383788596591705;0.25047217270047484;0.16615921230132247;0.6276757719318341
376800.0;3830068.920600002;0.31533867631499934;0.2609982407521814;0.14944512085044265;0.6306773526299987
371011.0;0.0;0.39963023820804267;0.2723519593941284;0.0;0.7992604764160853
369161.0;3616516.368000001;0.3366506310196817;0.27598028544139075;0.14111253266656526;0.6733012620393634
367216.0;3307107.033599998;0.3628813423271137;0.2797949309343234;0.12903971718197607;0.7257626846542274
364269.0;0.0;0.3975415775545028;0.2855747562647462;0.0;0.7950831551090056
361541.0;0.0;0.39122109512226805;0.2909250662414661;0.0;0.7824421902445361
359882.0;3163924.9203;0.35926266269281126;0.29417879214006515;0.1234529069523607;0.7185253253856225
356678.0;3363118.0763999997;0.3211363634987267;0.300462660602459;0.13122520711276672;0.6422727269974534
352799.0;3051989.6224999977;0.3448881011069026;0.30807037775777296;0.11908531345628047;0.6897762022138052
342691.0;0.0;0.3583134117418243;0.32789476677708546;0.0;0.7166268234836486
336060.0;0.0;0.35439999798396493;0.34089986408486755;0.0;0.7087999959679299
331589.0;3141243.2307999996;0.3316328014645492;0.3496686455753054;0.12256789211354449;0.6632656029290984
328475.0;0.0;0.3212443464736343;0.3557760008786433;0.0;0.6424886929472686
317747.0;0.0;0.31503028199777383;0.3768163694381194;0.0;0.6300605639955477
313717.0;0.0;0.29278428794028394;0.38472023644918285;0.0;0.5855685758805679
302823.0;0.0;0.2790426316009059;0.40608617372425115;0.0;0.5580852632018118
302417.0;0.0;0.27295887967184235;0.406882444197326;0.0;0.5459177593436847
296465.0;0.0;0.25344335570039883;0.4185558477828967;0.0;0.5068867114007977
291177.0;0.0;0.24899899266023026;0.4289269765060985;0.0;0.4979979853204605
284513.0;0.0;0.23444507419127814;0.4419967953055345;0.0;0.46889014838255627
278676.0;0.0;0.2267088802395234;0.453444654298978;0.0;0.4534177604790468
272343.0;0.0;0.22337970202404017;0.4658652969245524;0.0;0.44675940404808034
267849.0;0.0;0.21515334217137783;0.4746791873334157;0.0;0.43030668434275565
262806.0;0.0;0.20778714802865045;0.48456980801252064;0.0;0.4155742960573009
254651.0;0.0;0.19893666624583273;0.5005638614803178;0.0;0.39787333249166545
247893.0;0.0;0.19163739276761324;0.5138180384681011;0.0;0.3832747855352265
242107.0;0.0;0.18479627764007353;0.5251658733380796;0.0;0.36959255528014706
238142.0;0.0;0.17885233578858065;0.5329422586231581;0.0;0.3577046715771613
234977.0;0.0;0.17667497786081474;0.5391496380499611;0.0;0.35334995572162947
228219.0;0.0;0.17006671193812437;0.5524038150377444;0.0;0.34013342387624873
224626.0;0.0;0.16415349256927514;0.5594506125987248;0.0;0.3283069851385503
221461.0;0.0;0.16176082522262997;0.5656579920255277;0.0;0.32352165044525993
217868.0;0.0;0.15770152948915378;0.5727047895865082;0.0;0.31540305897830756
214703.0;0.0;0.155201101056004;0.5789121690133111;0.0;0.310402202112008
207945.0;0.0;0.1499561053146535;0.5921663460010944;0.0;0.299912210629307
201187.0;0.0;0.1452898245111048;0.6054205229888777;0.0;0.2905796490222096
191163.0;0.0;0.13940072878703488;0.6250801663930713;0.0;0.27880145757406977
