503822.0;7993396.869800002;0.23925705821314355;0.011875413089823624;0.31189364629649396;0.4785141164262871
502275.0;8235396.672400005;0.23725740710290938;0.014909478168264111;0.3213362152149862;0.47451481420581876
500432.0;7839129.571800003;0.24656450126995524;0.018524075414266577;0.30587430422437545;0.4931290025399105
499678.0;7366232.386100003;0.26089438491504685;0.020002863435691354;0.2874223707130329;0.5217887698300937
494382.0;8074680.356400003;0.23162447657066834;0.03038968221747598;0.31506523947925563;0.4632489531413367
493514.0;7638518.529800003;0.25171249954359204;0.03209205357370503;0.2980466796992986;0.5034249990871841
493199.0;6954486.589000006;0.2951662684814324;0.03270984963040106;0.27135649783113414;0.5903325369628648
490449.0;7755097.300800002;0.24653140761169948;0.038103307268223516;0.3025954564659479;0.49306281522339895
488102.0;7125701.155100005;0.253625133540077;0.042706378204939624;0.2780371038600622;0.507250267080154
483747.0;2524339.4017000007;0.39751252911967516;0.05124765384592755;0.0984969761054567;0.7950250582393503
482737.0;5773213.503100001;0.33492602094223;0.05322852374200052;0.2252645076504336;0.66985204188446
481093.0;6542505.097100005;0.2737578948986565;0.05645283078075693;0.2552814283946561;0.547515789797313
480885.0;2379659.6743;0.4175577629718712;0.05686077230390859;0.0928517306035781;0.8351155259437424
477954.0;6806118.099500004;0.26042388754600215;0.0626092175171659;0.26556732084675444;0.5208477750920043
477453.0;5933167.114200001;0.33119724875863255;0.06359180743591102;0.23150572347105108;0.6623944975172651
474587.0;2222510.8062000005;0.4347987744196582;0.06921277092318344;0.08671995280229622;0.8695975488393164
472237.0;1966743.7142000005;0.44725875572402823;0.07382172563186808;0.07674019923495874;0.8945175114480565
471905.0;4153609.473900001;0.3872329246014195;0.07447286306305247;0.16206932111688666;0.774465849202839
470913.0;1802658.6366000003;0.45663953816010067;0.07641843032731424;0.07033777808796673;0.9132790763202013
469440.0;1625186.7328000006;0.46040778685593725;0.07930736236386422;0.06341301755211867;0.9208155737118745
468662.0;7256199.528300004;0.23965491994686156;0.08083322056103727;0.2831290083552442;0.4793098398937231
468565.0;5686318.828800002;0.37161787121861656;0.08102346252135319;0.22187397203051873;0.7432357424372331
466861.0;1916248.7136000001;0.454621680035671;0.08436544499948026;0.07476993926746237;0.909243360071342
463900.0;1523047.6548999997;0.47046897724333103;0.09017272793242291;0.05942766189488231;0.9409379544866621
463749.0;4702387.744400002;0.3767843133767701;0.09046887778817245;0.18348205197242487;0.7535686267535402
462632.0;6098340.726300003;0.28996577800695067;0.09265960221778978;0.23795061804953352;0.5799315560139013
460590.0;6268849.349800006;0.2681024328664601;0.09666448967103831;0.2446036789665179;0.5362048657329203
460359.0;4612619.1115000015;0.3802463331475367;0.09711754011261539;0.17997937761579266;0.7604926662950734
458177.0;6174291.174100001;0.2618390165496807;0.10139700359106216;0.24091412186249828;0.5236780330993615
456234.0;6007903.192700002;0.290031755985652;0.10520772656934908;0.23442184391558116;0.580063511971304
455739.0;5293196.5051;0.33911319607039214;0.10617854894415713;0.20653476681194782;0.6782263921407843
455007.0;1345771.9199000003;0.48399990358358125;0.10761418930447932;0.05251055565211118;0.9679998071671625
452399.0;1351450.0315000005;0.4780444711022179;0.11272914840245785;0.05273210938700621;0.9560889422044359
450847.0;4601189.834500001;0.36640729481438583;0.11577301976751256;0.1795334196662342;0.7328145896287717
447160.0;1202034.4484000003;0.4875673518285918;0.12300417551684034;0.04690207594995233;0.9751347036571836
447129.0;5431517.111400003;0.2790909880814555;0.12306497449384851;0.2119318863294139;0.558181976162911
441738.0;1125073.3053000001;0.4903367670434638;0.13363811272130338;0.043899135906365336;0.9806735340869276
441198.0;875251.1385;0.4995189379413764;0.13469719167563943;0.034151346850209985;0.9990378758827528
440791.0;4815260.610600002;0.3626413830987419;0.13549542340603715;0.18788622836707636;0.7252827661974838
436225.0;5582049.294000003;0.27514314589809785;0.14445052434214525;0.21780548826371374;0.5502862917961957
434707.0;646159.0747;0.4975478215574515;0.14742771295822327;0.02521242385163769;0.995095643114903
430654.0;3908324.9202000014;0.3682090628369364;0.15537668888771214;0.1524985847854107;0.7364181256738728
430563.0;5579264.728400002;0.2692057362813139;0.155555163304091;0.21769683754456615;0.5384114725626278
428278.0;692985.1373000003;0.4958125805549519;0.16003663628679074;0.027039525851439605;0.9916251611099038
425449.0;480524.54500000004;0.49166018569270925;0.1655850332531179;0.018749544770040122;0.9833203713854185
424125.0;441286.8742000001;0.490164013322319;0.16818173794856406;0.01721853355949583;0.980328026644638
422875.0;0.0;0.44503805651546535;0.17063330960211973;0.0;0.8900761130309307
418543.0;4495755.185500002;0.3173942393454503;0.17912947632468224;0.17541947441138994;0.6347884786909006
417518.0;4877779.426100003;0.2773676713496573;0.18113976508059787;0.19032564450592757;0.5547353426993146
411559.0;4009961.5888000005;0.31564567571357255;0.19282689746742843;0.156464336978555;0.6312913514271451
411098.0;3997925.757400001;0.3186360091944648;0.19373103709325976;0.15599471193644826;0.6372720183889296
409803.0;0.0;0.4427440212094442;0.1962708653263434;0.0;0.8854880424188885
406536.0;0.0;0.4366062751245601;0.20267829300007648;0.0;0.8732125502491201
401357.0;0.0;0.4349404241580365;0.2128356446750883;0.0;0.869880848316073
396905.0;3634458.0503000007;0.34532376565343303;0.22156716227639214;0.1418125975831944;0.6906475313068661
393927.0;0.0;0.4307356075917225;0.22740778658382316;0.0;0.861471215183445
387728.0;3323749.3744999995;0.3488722244420763;0.2395656207281364;0.12968908321130732;0.6977444488841525
382086.0;0.0;0.4129472695709816;0.25063103454362523;0.0;0.8258945391419632
378024.0;0.0;0.4051799799597323;0.2585976617890197;0.0;0.8103599599194646
375645.0;3092134.2399999993;0.33964723910676237;0.26326349296006685;0.12065171273998909;0.6792944782135247
371270.0;3015198.4565;0.37282740233141104;0.27184399374751167;0.11764976220039418;0.7456548046628221
366940.0;2663813.8669999996;0.36310908923442686;0.28033623795542845;0.10393911794530743;0.7262181784688537
360958.0;2966600.3654;0.35847625649947934;0.29206847926068447;0.11575351757709833;0.7169525129989587
358460.0;2606493.4121000003;0.37954710411430276;0.2969677000531501;0.10170253617946526;0.7590942082286055
354468.0;2725144.5118999993;0.3599449927026203;0.3047970392859454;0.1063321729604846;0.7198899854052406
353118.0;4301811.748;0.30266316862010556;0.30744473667178557;0.16785201255725768;0.6053263372402111
351415.0;3279028.932600001;0.32908579321453163;0.3107847578925898;0.12794414023958042;0.6581715864290633
348570.0;2877738.1733999993;0.3551150205142592;0.31636453497608247;0.11228621155786488;0.7102300410285184
347480.0;3541181.3537000003;0.3124461915536498;0.318502305457983;0.13817304239896722;0.6248923831072996
337893.0;0.0;0.391441859827472;0.33730487941209353;0.0;0.782883719654944
333365.0;3515845.413900001;0.30551107743122174;0.34618545256993355;0.13718446160218162;0.6110221548624435
332858.0;3446617.4829000006;0.3106094903555829;0.3471798100326157;0.134483263078344;0.6212189807111658
328614.0;0.0;0.3516201022071863;0.35550338611076787;0.0;0.7032402044143726
323140.0;0.0;0.32534795320523957;0.36623930869601884;0.0;0.6506959064104791
318487.0;0.0;0.31196927900754895;0.3753650390192144;0.0;0.6239385580150979
305620.0;0.0;0.2967853442233831;0.400600536992255;0.0;0.5935706884467662
293387.0;0.0;0.25512808248530766;0.4245925978226121;0.0;0.5102561649706153
289921.0;0.0;0.24820486234045716;0.43139031570359126;0.0;0.4964097246809143
281749.0;0.0;0.2353133176215466;0.44741771054587676;0.0;0.4706266352430932
274433.0;0.0;0.22859168122210594;0.46176626911980734;0.0;0.45718336244421187
271808.0;0.0;0.22058558821992474;0.46691456959227423;0.0;0.4411711764398495
266633.0;0.0;0.21465478812488745;0.4770640762379946;0.0;0.4293095762497749
265368.0;0.0;0.2121999001548596;0.47954506675139297;0.0;0.4243998003097192
259582.0;0.0;0.20609905730830996;0.49089290162137145;0.0;0.4121981146166199
254146.0;0.0;0.2020665113738682;0.5015542964283543;0.0;0.4041330227477364
251852.0;0.0;0.19779740368203008;0.5060534207269597;0.0;0.39559480736406016
245694.0;0.0;0.1906289614557832;0.5181308433210362;0.0;0.3812579229115664
240509.0;0.0;0.1875828528722499;0.5282999625399851;0.0;0.3751657057444998
238936.0;0.0;0.18334456913309757;0.5313850203088196;0.0;0.36668913826619515
236809.0;0.0;0.17885233578858067;0.5355566146345099;0.0;0.35770467157716135
233543.0;0.0;0.17655193299938898;0.5419620810509201;0.0;0.35310386599877797
230051.0;0.0;0.17054747289189634;0.5488107916222932;0.0;0.3410949457837927
223293.0;0.0;0.16440380397413876;0.5620649686100766;0.0;0.3288076079482775
216535.0;0.0;0.15952060896573256;0.5753191455978599;0.0;0.3190412179314651
209777.0;0.0;0.15684174325727185;0.5885733225856432;0.0;0.3136834865145437
206511.0;0.0;0.15470731196053755;0.5949787890020535;0.0;0.3094146239210751
193321.0;0.0;0.14949943737228324;0.6208477730903728;0.0;0.2989988747445665
173047.0;0.0;0.14853285327428004;0.6606103040537228;0.0;0.29706570654856007
166289.0;0.0;0.14750817502040253;0.6738644810415061;0.0;0.29501635004080506
159531.0;0.0;0.1434587596816962;0.6871186580292894;0.0;0.2869175193633924
