503204.0;8909083.374200001;0.23208395057301248;0.013087470115341544;0.3476227371165463;0.46416790114602496
502982.0;8377759.331600001;0.22415302239882184;0.013522869241013029;0.32689105123746715;0.4483060447976437
502444.0;8683923.293900004;0.2236508486257447;0.014578025680703386;0.3388372358347946;0.4473016972514894
501630.0;8168611.7177;0.23920961423083972;0.016174489141498834;0.31873033896757647;0.47841922846167945
500442.0;6709279.8256;0.2240517923246546;0.018504462841038134;0.26178879679250133;0.4481035846493092
499045.0;7728601.386599998;0.22396037001112984;0.02124433932105194;0.30156161473052495;0.4479207400222597
498103.0;8618156.7967;0.22366931343675112;0.023091843719171487;0.33627109869060323;0.44733862687350223
496478.0;5347432.042999998;0.25748182650952317;0.026278886868793847;0.20865097847389993;0.5149636530190463
496470.0;5062745.782699998;0.2574818265095233;0.026294576927376603;0.19754283043349097;0.5149636530190466
496416.0;5205455.572399997;0.25744634907623276;0.026400484822810207;0.20311121111028482;0.5148926981524655
496362.0;3856079.8017999995;0.31015545637287256;0.026506392718243812;0.15046003712608794;0.6203109127457451
496049.0;7271980.9199;0.22375325489398598;0.027120266260294148;0.283744781079898;0.44750650978797196
495875.0;3991712.6437999993;0.304956826534409;0.027461525034469098;0.15575228300577923;0.609913653068818
495453.0;3435836.559899998;0.30762362203222815;0.02828917562470949;0.13406260319623348;0.6152472440644563
495443.0;4778744.642499999;0.2704858001536938;0.028308788197937935;0.18646141503373798;0.5409716003073876
495291.0;6958142.775999996;0.2237520583171735;0.028606899311010302;0.27149915826868565;0.447504116634347
495161.0;7621867.6252999995;0.21564353162641414;0.02886186276298009;0.2973969795276154;0.4312870632528283
495108.0;3579893.5095999986;0.3019331936492108;0.02896580940109085;0.13968354859005427;0.6038663872984216
494781.0;8060574.376899999;0.21050979753186552;0.029607140545661013;0.31451483951131937;0.42101959506373104
494540.0;7548262.074199999;0.21027479252495956;0.030079803560466543;0.294524971031831;0.42054958504991913
493888.0;3324835.9047999987;0.3362434775509048;0.03135854333496118;0.12973147844109487;0.6724869551018096
493838.0;4902297.711799999;0.26404913269733654;0.0314566062011034;0.19128232132961973;0.5280982653946731
493601.0;4681184.861799997;0.26529889461539263;0.03192142418661756;0.18265473856939632;0.5305977892307853
492572.0;3195269.674099997;0.3298360741008474;0.033939557971824574;0.12467594513177135;0.6596721482016948
491658.0;4162859.7345;0.28355825037809157;0.03573214716490448;0.16243025621803578;0.5671165007561831
491284.0;4067865.7359999996;0.28432885564087124;0.03646565740364833;0.1587236937826853;0.5686577112817425
490625.0;4269434.060199997;0.2826357179941709;0.037758125979402875;0.16658867041735403;0.5652714359883418
490010.0;3744958.0952999974;0.30184144066280477;0.03896429923295226;0.14612418907706676;0.6036828813256095
488918.0;3109147.302199998;0.3248199608037747;0.041105992229498484;0.12131554391097403;0.6496399216075494
487982.0;4490126.789099999;0.2704471346838151;0.04294172908368096;0.17519986050949157;0.5408942693676302
487955.0;2814129.760699997;0.35146449612404446;0.042994683031397765;0.10980428052212585;0.7029289922480889
487907.0;6812287.615699997;0.2071097314871955;0.043088823382894305;0.2658080486543241;0.414219462974391
487791.0;2927990.2986999983;0.3510703843708118;0.04331632923234427;0.114246994795487;0.7021407687416236
487706.0;7037804.515399998;0.20175800703138644;0.04348303610478606;0.2746074726407217;0.4035160140627729
487706.0;7427236.446699999;0.20137547027997532;0.04348303610478606;0.2898026827642599;0.40275094055995064
487269.0;4362757.436599998;0.2704285855319739;0.044340105554869114;0.17023004699657354;0.5408571710639478
486653.0;2704223.3282999983;0.3594731254096219;0.04554824006574135;0.10551585114585087;0.7189462508192438
482160.0;3020860.219199998;0.3254712415214189;0.05436016921728182;0.11787067801900435;0.6509424830428377
481841.0;6280099.2834;0.23941929621932806;0.05498581030326922;0.2450426391317954;0.4788385924386561
481727.0;2632513.172799999;0.4136418671971819;0.0552093936380735;0.10271779892353665;0.8272837343943638
481561.0;6425214.590299999;0.2157596029362809;0.05553496235366569;0.2507048804717037;0.4315192058725618
481143.0;6019015.997199997;0.24000879740733425;0.056354767914614703;0.23485545345262024;0.4800175948146685
480266.0;2511389.5513999984;0.38816685442827303;0.05807479058674935;0.09799168704063856;0.7763337088565461
479974.0;5902577.994199997;0.23948214532228115;0.05864747772501996;0.23031216930012688;0.4789642906445623
478798.0;2346776.3366;0.41732308709101695;0.06095391633668512;0.09156865855489742;0.8346461741820339
476877.0;2239896.2990999995;0.43691111981183894;0.06472149165386946;0.08739831581386256;0.8738222396236779
475361.0;6578877.725800001;0.20719451676137618;0.06769475775530177;0.2567006487806088;0.41438903352275236
472979.0;2031148.3031;0.45093521470985937;0.07236647269831743;0.07925319619950832;0.9018704294197187
472226.0;1899090.0429000005;0.4528147296254864;0.07384329946241937;0.07410042661127948;0.9056294592509728
469232.0;1672414.1147000007;0.4581907017837207;0.07971530388701589;0.06525577859423326;0.9163814035674414
463467.0;1476916.6899000006;0.466472134078141;0.0910219523532146;0.05762768184692734;0.932944268156282
463380.0;5757282.572899996;0.22511707078180865;0.09119258174030208;0.22464290009235688;0.4502341415636173
463024.0;5671932.657499998;0.2327759719207714;0.09189078934723473;0.2213126392834914;0.4655519438415428
461984.0;2096607.5580000011;0.4299760442041232;0.09393049696299303;0.08180734508353887;0.8599520884082464
457761.0;1358412.4880000006;0.48092262486140996;0.10221288663736548;0.05300377686209057;0.9618452497228199
457471.0;1812904.6529;0.4482350559219895;0.1027816512609904;0.07073756649280546;0.896470111843979
448236.0;1612939.8419000006;0.4612776778588616;0.12089386263745962;0.0629351571980272;0.9225553557177232
440889.0;919741.7857000002;0.4986429382320304;0.13530322018839838;0.035887323482838525;0.9972858764640607
439683.0;1066831.9416;0.49781129030937216;0.13766849651974888;0.04162662128141243;0.9956225806187443
433312.0;6147346.619599999;0.2092861021682218;0.15016366692359137;0.23986277467084427;0.4185722043364436
432974.0;5960123.0627999995;0.20081238975239613;0.15082657189871282;0.2325575152480863;0.40162477950479225
427297.0;655209.6217;0.49423790358685793;0.1619606297205012;0.025565566345471906;0.9884758071737159
427013.0;1220614.2022;0.4849244859993269;0.16251762680018905;0.047627037722070366;0.9698489719986538
426750.0;5154278.787099998;0.20214540834855804;0.16303343747609716;0.2011143486458106;0.4042908166971161
426464.0;4935116.624600001;0.25690239433452955;0.1635943570704307;0.1925628795888189;0.5138047886690591
423893.0;5460207.775299999;0.18888993566888165;0.168636749647464;0.21305136480948852;0.3777798713377633
423399.0;521148.8212;0.4930177684329629;0.1696056107649492;0.020334659814189165;0.9860355368659258
421673.0;4537843.955099998;0.19428906444731064;0.17299074090417885;0.1770617323941347;0.3885781288946213
421673.0;4849239.556599998;0.1930647444540991;0.17299074090417885;0.18921204985922446;0.3861294889081982
420257.0;3602186.752099999;0.26896106162309324;0.1757678812733267;0.14055340664969432;0.5379221232461865
419351.0;4626204.234299998;0.19422021537807818;0.17754478040782384;0.18050945432216575;0.38844043075615636
419229.0;4427293.885899999;0.21416035085996651;0.17778405380121087;0.17274818901042177;0.42832070171993303
419090.0;432894.55380000005;0.4893635633863667;0.17805666856908628;0.01689107435121684;0.9787271267727334
419082.0;0.0;0.4450380565154656;0.17807235862766901;0.0;0.8900761130309311
417573.0;5575693.494399999;0.17445640725162298;0.1810318959278414;0.21755749188061604;0.34891281450324596
417275.0;5253623.214499999;0.17455884247689388;0.18161635061004908;0.2049906600820772;0.34911768495378775
412471.0;4189817.0852000006;0.21558692226899961;0.1910382307889942;0.1634821027034871;0.43117384453799923
411656.0;4323926.696600001;0.2151321779802032;0.1926366555071125;0.16871491378296483;0.4302643559604064
411448.0;5018426.9736;0.17577551986704648;0.19304459703026416;0.19581355873650563;0.35155103973409296
405555.0;4087455.4346000007;0.24502340461762823;0.20460228643378697;0.15948806250173236;0.49004680923525645
401956.0;3345352.1966000004;0.31931366373438863;0.21166085153870443;0.13053200181835406;0.6386273274687773
398406.0;3999602.9093000004;0.2575836107646724;0.2186233150348025;0.15606015257826852;0.5151672215293448
391648.0;3917599.1776;0.25797670948709817;0.23187749202258584;0.15286045621557906;0.5159534189741963
388945.0;3437190.0335000004;0.29916974328922613;0.2371787705662346;0.13411541426306112;0.5983394865784523
380465.0;3235158.0581999994;0.2952559387239928;0.2538102326639562;0.126232346467082;0.5905118774479856
377007.0;2746119.116600001;0.3219736110320045;0.2605922604863526;0.10715057920829985;0.643947222064009
373274.0;2370716.9077000003;0.35110130858084065;0.2679136340725312;0.09250279358364977;0.7022026171616813
369266.0;2517772.9891000013;0.3483196765435798;0.27577435342249207;0.09824076183231849;0.6966393530871596
366482.0;2205466.858;0.3770635026236048;0.2812344938092913;0.0860549164932058;0.7541270052472095
365750.0;2664696.6484000003;0.33169841581513665;0.28267013416961345;0.10397356311476588;0.6633968316302733
361440.0;2279864.0802;0.3751344653326092;0.29112315323107335;0.08895781513370193;0.7502689306652184
358857.0;2097831.0653;0.4008146122362419;0.2961890808959808;0.08185508500678837;0.8016292244724837
358603.0;2009401.3852000004;0.4108281008274923;0.2966872402559833;0.07840465513117137;0.8216562016549847
354998.0;2997251.6832;0.27990952944337066;0.30375757290483785;0.11694949863848578;0.5598190588867413
351761.0;1884781.3662000005;0.41494348116417085;0.3101061628588856;0.0735421176192036;0.8298869623283417
348462.0;2873984.4753000005;0.30728085870684185;0.3165763507669497;0.1121397463433166;0.6145617174136837
345446.0;0.0;0.4160467858032372;0.32249150285264877;0.0;0.8320935716064743
253343.0;0.0;0.3625988797848615;0.5031291860585985;0.0;0.725197759569723
134750.0;0.0;0.2492353158072213;0.7357205757466997;0.0;0.4984706316144426
33640.0;0.0;0.19715917888176124;0.93402330365951;0.0;0.3943183577635225
