500578.0;1.00839857779E7;0.27320678150607375;0.018237731845131278;0.39346615021129433;0.5464135630121475
497313.0;9812400.315800002;0.29100218106817183;0.024641237004218663;0.38286918105847834;0.5820043621363437
497122.0;9670883.874800004;0.29098164050487485;0.02501583715288197;0.3773473635491851;0.5819632810097497
496653.0;1.0117792317800002E7;0.2731427538090416;0.025935666837296055;0.3947852446050578;0.5462855076180833
493154.0;9402491.149499997;0.2674956290800672;0.03279810620992906;0.3668749715115097;0.5349912581601344
490083.0;8526204.701499999;0.30729795440546986;0.03882112744838461;0.3326832280113824;0.6145959088109397
488775.0;8766162.571899997;0.30727270856518984;0.04138645202666526;0.3420461229577545;0.6145454171303797
485141.0;8347890.329699998;0.36121433299280586;0.048513661137882275;0.325725595291069;0.7224286659856117
484210.0;2684774.9037;0.3928320443667418;0.05033959170545053;0.10475699478452927;0.7856640887334836
480962.0;2496899.4821000006;0.4035324858342619;0.056709755490049564;0.09742630030672823;0.8070649716685238
480444.0;2308152.4558;0.417557762971871;0.05772568678328303;0.09006159676213865;0.835115525943742
480424.0;9337899.872599997;0.2931627634692563;0.05776491192973992;0.3643546901843808;0.5863255269385126
479371.0;2478429.0458;0.4081512306921771;0.05983011589069521;0.09670560398448515;0.8163024613843542
478753.0;2337027.2313000006;0.41487701000250793;0.061042172916213125;0.09118825907646874;0.8297540200050159
477106.0;2183026.8893;0.4252656190201129;0.06427236372693806;0.0851793333369303;0.8505312380402258
475556.0;3579237.9003000003;0.385664900944025;0.06731231257734709;0.13965796742869657;0.77132980188805
474474.0;2040672.6703999997;0.4298952634803255;0.06943439300066487;0.0796248266457692;0.859790526960651
473797.0;1790181.8143999998;0.4452589554971108;0.07076216420823062;0.06985094606479351;0.8905179109942216
471903.0;1695282.1405999996;0.4528147296254864;0.07447678557769816;0.06614806407657936;0.9056294592509728
470534.0;7480834.5033;0.38324466451063993;0.07716174685267231;0.29189402059968483;0.7664893290212799
470384.0;1620775.8862999997;0.45989687350265557;0.077455935451099;0.06324091112220562;0.9197937470053111
469230.0;7329790.1527;0.31796327547743347;0.07971922640166158;0.28600043442743983;0.6359265509548669
468776.0;8891387.528600002;0.2927352679169813;0.08060963722623299;0.3469322644803963;0.5854705358339626
467554.0;2984470.0104;0.3846909614751529;0.083006293674749;0.11645077167668282;0.7693819229503058
465645.0;7276084.854799998;0.3284777169429977;0.08675033390405922;0.2839049121532042;0.6569554338859954
465063.0;6968532.7093;0.34279911929432055;0.08789178566595474;0.2719045621582334;0.6855982385886411
463484.0;1325957.3022999999;0.4761093893126153;0.09098861097872624;0.05173741083847333;0.9522187786252306
462121.0;1564946.8571999997;0.46780495174285697;0.09366180470976333;0.061062523167895566;0.9356099034857139
462020.0;1287702.7814999996;0.47859111887870237;0.09385989169937063;0.050244761070923925;0.9571822377574047
458972.0;1211860.5042999994;0.4841429239617951;0.09983780401940076;0.047285477957044283;0.9682858479235902
458893.0;6029259.728700001;0.3811679060241123;0.09999274334790548;0.23525515270704975;0.7623358120482246
453495.0;4937095.199399999;0.33747447439516576;0.11057961037662024;0.19264008142414543;0.6749489487903315
451226.0;4876584.9959;0.33116407357210703;0.11502970324215447;0.19027903913947405;0.6623281471442141
449535.0;7101141.294299996;0.3241425674508301;0.11834618937508458;0.27707880482121555;0.6482851349016602
447558.0;1085898.5097;0.495834764732253;0.12222359510234822;0.04237057801769521;0.991669529464506
445388.0;8075885.233200001;0.3092752127952807;0.12647952349292085;0.3151122524606715;0.6185504255905614
443343.0;966281.8065;0.4992682678968799;0.13049029471813792;0.03770326444291621;0.9985365357937598
441596.0;4560643.922200002;0.3635273927354415;0.1339166112611473;0.17795136229617636;0.727054785470883
439310.0;1525334.2294000003;0.46765500185875747;0.13840004550116988;0.05951688154329338;0.9353100037175149
436885.0;639684.0176000001;0.49830822333147246;0.14315609450906788;0.024959774170683277;0.9966164466629449
435469.0;4009351.4909000006;0.3535000707559913;0.14593323487821572;0.1564405316224932;0.7070001415119826
434331.0;840342.2226999999;0.49685411835439386;0.1481651457116128;0.03278923894859247;0.9937082367087877
432331.0;7605705.848899998;0.26898235022787254;0.15208766035730187;0.2967663646020548;0.5379647004557451
432048.0;3213027.4034;0.3787103173923808;0.15264269617966686;0.1253688324025447;0.7574206347847616
430075.0;4198951.7223000005;0.297814737172146;0.15651225687763912;0.16383852630150436;0.595629474344292
429373.0;7605379.719999998;0.2869774968356284;0.15788905951827598;0.29675363940731714;0.5739549936712568
425601.0;3735476.9726000014;0.35705733063365774;0.16528692214004553;0.14575424598803305;0.7141146612673155
423491.0;3375741.5642000004;0.37212766715174417;0.1694251750912475;0.1317177618680294;0.7442553343034883
423195.0;3767860.3370000003;0.3520296722887356;0.17000570725880948;0.14701780962269045;0.7040593445774712
422144.0;546017.6431;0.4923562263732354;0.17206698870511908;0.021305014178901592;0.9847124527464708
422032.0;422088.27449999994;0.490164013322319;0.17228664952527767;0.0164694250938768;0.980328026644638
421897.0;0.0;0.44503805651546546;0.17255141926386167;0.0;0.8900761130309309
419025.0;5149950.2321;0.26338564174983653;0.17818415029507118;0.2009454531406662;0.5267712834996731
416532.0;6676092.400900002;0.23660881010186444;0.18307356480092257;0.2604938596000319;0.4732176202037289
413721.0;6374209.821999999;0.2427422845544716;0.18858665913543854;0.2487147299233558;0.4854845691089432
413000.0;6173690.663300001;0.2515327156664779;0.19000072566520945;0.24089069058464443;0.5030654313329558
411101.0;5967498.178000003;0.22059571519703852;0.19372515332129123;0.23284528421653028;0.44119143039407704
410961.0;4980849.620900002;0.24766351375968648;0.19399972934648946;0.19434733133122667;0.49532702751937296
408683.0;6026624.652300002;0.20469777341904472;0.1984674735279293;0.2351523348937906;0.40939554683808943
404461.0;4476289.469000002;0.2812023648575101;0.20674790194497888;0.17465994333894985;0.5624047297150202
400629.0;5688719.3261;0.21585040293201702;0.21426344000611913;0.22196763682259854;0.43170080586403403
395542.0;5563032.446500002;0.21858959733073485;0.22424035600742925;0.21706347157112985;0.4371791946614697
394082.0;5323609.554700001;0.22792274614122518;0.22710379169878225;0.20772145090748906;0.45584549228245036
393646.0;0.0;0.4326146699195262;0.22795889989154247;0.0;0.8652293398390524
393268.0;5824800.898600002;0.20831427617718665;0.2287002551595777;0.22727739167802688;0.4166285523543733
386510.0;5581548.558500004;0.21108388929450722;0.24195443214736104;0.21778595010947613;0.42216777858901444
376686.0;0.0;0.39892206799023616;0.2612218240869857;0.0;0.7978441359804723
371912.0;0.0;0.3870564661924583;0.2705848665462455;0.0;0.7741129323849166
369044.0;0.0;0.3803071317681901;0.2762097525481636;0.0;0.7606142635363802
359957.0;0.0;0.37594468613773313;0.2940316978408518;0.0;0.7518893722754663
351545.0;0.0;0.35936817006623384;0.31052979444062;0.0;0.7187363401324677
339350.0;0.0;0.3526133788422314;0.334447327492709;0.0;0.7052267576844627
339249.0;0.0;0.3451573908145613;0.33464541448231633;0.0;0.6903147816291226
332357.0;0.0;0.33442123274659136;0.34816239995136083;0.0;0.6688424654931827
324514.0;0.0;0.3188947562375556;0.36354454113443047;0.0;0.6377895124751112
318074.0;0.0;0.31396644549576647;0.3761750382935492;0.0;0.6279328909915329
308169.0;0.0;0.29537083785737883;0.3956012920763243;0.0;0.5907416757147577
303163.0;0.0;0.27806176921336473;0.405419346234484;0.0;0.5561235384267295
294823.0;0.0;0.257299745530934;0.4217762323070074;0.0;0.514599491061868
288391.0;0.0;0.25654365157595366;0.43439103940754337;0.0;0.5130873031519073
283827.0;0.0;0.24129782438526087;0.4433422178290058;0.0;0.48259564877052175
277387.0;0.0;0.2338253872511322;0.4559727149881246;0.0;0.4676507745022644
269574.0;0.0;0.22607023632172793;0.47129601845150887;0.0;0.45214047264345586
266192.0;0.0;0.224859370123125;0.4779289907173691;0.0;0.44971874024625
256095.0;0.0;0.2015111920706221;0.4977318059061303;0.0;0.4030223841412442
252551.0;0.0;0.19601002857577401;0.5046825018582913;0.0;0.39202005715154803
248392.0;0.0;0.19213623060220086;0.5128393710640017;0.0;0.3842724612044017
241634.0;0.0;0.1849353908686544;0.526093548051785;0.0;0.3698707817373088
234876.0;0.0;0.17940081032458924;0.5393477250395684;0.0;0.3588016206491785
228118.0;0.0;0.17614178857019208;0.5526019020273517;0.0;0.35228357714038416
224972.0;0.0;0.17529742097233106;0.5587720175650206;0.0;0.3505948419446621
218214.0;0.0;0.16934362323815086;0.5720261945528039;0.0;0.3386872464763017
211456.0;0.0;0.16505718714740686;0.5852803715405872;0.0;0.3301143742948137
204698.0;0.0;0.16016767076514563;0.5985345485283705;0.0;0.32033534153029125
194775.0;0.0;0.15450669411735576;0.6179961049429569;0.0;0.30901338823471153
184751.0;0.0;0.14773737730859884;0.6376557483471504;0.0;0.2954747546171977
177993.0;0.0;0.143685582529695;0.6509099253349337;0.0;0.28737116505939
171235.0;0.0;0.14047799138634826;0.664164102322717;0.0;0.2809559827726965
164803.0;0.0;0.13901224496050363;0.676778909423253;0.0;0.27802448992100726
158045.0;0.0;0.13582651190008957;0.6900330864110363;0.0;0.27165302380017914
