502972.0;7633747.958199995;0.23923434822139522;0.013542481814241473;0.2978605371874878;0.47846869644279044
502676.0;7894129.469799995;0.23923201058110935;0.014123013981803455;0.3080203403855428;0.4784640211622187
501903.0;8226837.190099996;0.2392263808343131;0.015639065892362275;0.3210022335312984;0.4784527616686262
501669.0;8320870.787999995;0.23922336302964983;0.016098000105907895;0.3246713221804828;0.47844672605929967
501395.0;8062632.843599995;0.2392230551387782;0.016635384612367295;0.31459515864163395;0.4784461102775564
501325.0;7755234.852699994;0.23165692026988705;0.016772672624966414;0.30260082359138185;0.4633138405397741
501300.0;7289393.685899996;0.23165863688243543;0.016821704058037526;0.2844242082581437;0.46331727376487086
499056.0;3886877.295099998;0.27861904594132686;0.02122276549050065;0.15166172179639617;0.5572380918826537
498715.0;3689886.058799998;0.29585446190603876;0.021891554237590635;0.14397533815014057;0.5917089238120775
498474.0;4402788.844199997;0.258832159512363;0.022364217252396165;0.1717920289531954;0.517664319024726
498228.0;4239700.039599998;0.259682142532266;0.02284668655381592;0.16542848129437598;0.519364285064532
498155.0;3765746.1757999975;0.28379993816957344;0.02298985833838357;0.14693531735360035;0.5675998763391469
497948.0;4470110.312099998;0.2588195277609612;0.023395838604212387;0.17441883936175814;0.5176390555219224
497680.0;3513665.8320999984;0.30560780235621693;0.023921455566734723;0.13709941669247963;0.6112156047124339
497595.0;5978048.230700001;0.25126292068427697;0.024088162439176507;0.23325693579080084;0.5025258413685539
497575.0;3619316.224099998;0.3055546922090356;0.0241273875856334;0.1412217800043814;0.6111093844180712
497327.0;4118568.9202999976;0.2653333204341311;0.02461377940169884;0.16070207685158017;0.5306666408682622
496535.0;7475380.647899996;0.23160112919036321;0.026167095201391707;0.29168121709764583;0.46320225838072643
495994.0;3410086.951999998;0.3107624767233505;0.027228135413050598;0.13305788152039896;0.621524953446701
495093.0;3288955.832699998;0.3152505879922819;0.02899522826093352;0.12833147707760315;0.6305011759845638
494711.0;6919042.533599996;0.23165874917564255;0.02974442855826013;0.26997350936474;0.4633174983512851
494443.0;3208248.9463999975;0.3270653414838581;0.030270045520782465;0.12518238221100816;0.6541306829677161
494146.0;7171307.861999997;0.2316241716420731;0.03085253894566729;0.2798166279275279;0.4632483432841462
493870.0;3116441.234099997;0.327065341483858;0.03139384596677238;0.12160014519540718;0.654130682967716
492681.0;6055947.2857;0.24048581176572084;0.03372578092363453;0.23629647213595528;0.4809716235314417
492184.0;3016726.111099998;0.33169784192900104;0.03470052581308825;0.11770936962027286;0.6633956838580021
491949.0;5793732.1491;0.23683203865859798;0.03516142128395672;0.2260651228860145;0.47366407731719595
491949.0;5899321.1827;0.2363515327875918;0.03516142128395672;0.23018509205992727;0.4727030655751836
490569.0;4007951.1997999973;0.2664596408597931;0.03786795638948217;0.15638589378776907;0.5329192817195862
490279.0;2915716.3775999984;0.33621738499039616;0.038436721013107085;0.11376807975240967;0.6724347699807923
490271.0;7086844.496499998;0.22369812454413257;0.03845241107168984;0.2765209593308894;0.44739624908826514
488810.0;6455062.3146;0.2157814914542498;0.04131780802036569;0.25186950618930715;0.4315629829084996
487130.0;2811776.2546999985;0.3532819839972378;0.044612720322744506;0.10971244927942932;0.7065639679944756
487053.0;6127279.260899999;0.2253002710970161;0.04476373713660353;0.23907976817455362;0.4506005421940322
486424.0;2718432.4072999996;0.3688929941778381;0.04599736799267274;0.10607027394406934;0.7377859883556762
485582.0;5496830.287200001;0.22870446207830664;0.04764874665850784;0.2144803353659466;0.4574089241566133
485365.0;5324858.600200002;0.24396056331527938;0.0480743394975651;0.2077701873035083;0.48792112663055875
484519.0;2617422.6737999995;0.3725666742486646;0.04973356319269157;0.10212898407620614;0.7451333484973292
483487.0;2543691.181299999;0.3761605551582372;0.051757580749867124;0.09925206148406127;0.7523211103164744
482248.0;6368601.132499999;0.21588420999551658;0.05418757857287149;0.2484958849632477;0.43176841999103316
480574.0;2470853.8941999986;0.38978150050013116;0.057470723331313235;0.09641002981342159;0.7795630010002623
479524.0;2350294.746299999;0.396166317225294;0.059530043520299995;0.09170594307215235;0.792332634450588
479020.0;5699443.1269000005;0.22747661030306057;0.06051851721101364;0.22238606785863355;0.45495322060612114
478881.0;5253813.244100001;0.24380769469549743;0.060791131978889024;0.20499807483025176;0.48761538939099486
477561.0;2156961.3171999995;0.4215335855896848;0.0633799916450438;0.08416228308188939;0.8430671711793696
477403.0;5160368.174;0.22874040628950024;0.06368987030205324;0.20135194989530278;0.4574808125790005
475311.0;6273702.0512999995;0.21380044210615254;0.067792820621444;0.2447930260976406;0.4276008842123051
475172.0;2068359.8943999996;0.4215335855896848;0.06806543538931939;0.08070515199303346;0.8430671711793696
471698.0;5394448.438500001;0.22151557610567751;0.07487884332888128;0.21048550705631236;0.44303115221135503
471197.0;1919666.5317999998;0.43604328350759597;0.07586143324762638;0.07490329881386545;0.8720865670151919
467952.0;1822452.8134999995;0.44471138627260404;0.08222571326025689;0.07111012532773703;0.8894227725452081
467295.0;1589037.3201999995;0.4632756680691863;0.08351425932136575;0.06200250681545199;0.9265513361383726
466228.0;1770802.4453999992;0.45983780154565795;0.08560692088484086;0.0690947841778276;0.9196756030913159
465532.0;1721529.0793999992;0.4615326706335837;0.08697195598154064;0.06717219106286493;0.9230653412671674
465516.0;4658684.352500001;0.2513636646183097;0.08700333609870615;0.18177679318479795;0.5027273292366194
464940.0;5045278.586100002;0.22165467843836173;0.0881330203166646;0.19686127943247247;0.44330935687672346
461837.0;1480214.3272000002;0.46800922194779304;0.09421880178945118;0.057756352065410556;0.9360184438955861
457706.0;4857784.287400001;0.24254923802438993;0.10232075579012193;0.18954545595543668;0.48509847604877987
450915.0;4575038.458200001;0.22937023865047987;0.11563965426955913;0.1785130214246938;0.45874047730095974
450899.0;1396039.6715000002;0.47308379783402726;0.11567103438672464;0.054471948610952545;0.9461675956680545
445741.0;4338678.7606;0.24269972000945542;0.12578719965795673;0.16929052326492888;0.48539944001891083
445105.0;1328039.5470999999;0.4804928346877894;0.12703455931528584;0.05181865776437133;0.9609856693755788
443822.0;4426109.6118;0.23011079642000073;0.12955085246049539;0.17270197992393707;0.46022159284000147
438917.0;5098304.901200002;0.219514360504405;0.1391708196290478;0.19893030853681867;0.43902872100881
437711.0;1008488.5022999999;0.4961690222888905;0.1415360959603983;0.03935012377764086;0.992338044577781
433816.0;1240246.7341000005;0.49171580572897916;0.14917519323287773;0.04839307774986604;0.9834316114579583
433632.0;758301.0045;0.49916079555495074;0.14953606458028113;0.029588079903471204;0.9983215911099015
428403.0;859507.7241000002;0.49781846673474933;0.15979147912143518;0.033537055954567824;0.9956369334694987
424906.0;657813.2313000001;0.4967429450811604;0.16664999597942248;0.02566715635844181;0.9934858901623208
424868.0;586029.6793;0.49629007565848676;0.1667245237576906;0.022866240284578183;0.9925801513169735
424333.0;1165899.2586;0.49169196377979524;0.1677737964254124;0.04549212017146238;0.9833839275595905
423191.0;491331.21510000003;0.49216914171259074;0.17001355228810086;0.019171209275970828;0.9843382834251815
421169.0;351694.8077;0.48969939312110333;0.1739792145948925;0.013722748631626716;0.9793987862422067
419149.0;0.0;0.4422894170525202;0.17794095438703844;0.0;0.8845788341050403
417377.0;3369342.5041999994;0.3140667500730634;0.18141630236311895;0.13146807751120596;0.6281335001461268
413551.0;4026617.4405000014;0.2617865128491238;0.18892007288032212;0.1571142301845978;0.5235730256982476
409970.0;3294819.9746999997;0.3141005405779424;0.19594333535342837;0.12856028951624124;0.6282010811558848
407271.0;3440184.6664999994;0.2956944675567204;0.20123676886778577;0.13423226158353113;0.5913889351134408
405057.0;2963804.0695999996;0.29887138899037347;0.20557899258056356;0.11564440915831321;0.5977427779807469
401267.0;4162296.9146000016;0.25157500370153707;0.21301215783414432;0.16240829559807934;0.5031500074030741
400169.0;3552265.523799999;0.27408323142317903;0.2151656183746276;0.1386055346528825;0.5481664628463581
397565.0;2444793.311899999;0.37341956289620426;0.22027273244331477;0.0953931742549461;0.7468391257924085
395482.0;2584477.4579999987;0.3523575406521824;0.22435803144679992;0.10084349761140808;0.7047150813043648
395137.0;2220593.8293;0.4020452620470918;0.22503466522318127;0.08664515444998792;0.8040905240941836
393690.0;3497077.8663999997;0.2805104568333391;0.2278726045693373;0.13645217232427362;0.5610209136666782
392832.0;3056417.0206999998;0.29470837854377396;0.22955536335233792;0.11925806571551362;0.5894167570875479
390820.0;2745324.0366999987;0.32715051172793236;0.2335014130859011;0.10711955605592194;0.6543010234558647
388284.0;3115709.281799999;0.2797863990237637;0.23847516165663485;0.12157158521327693;0.5595727980475274
387865.0;2095084.6227999993;0.38334658133587146;0.2392969284749067;0.08174792180951174;0.7666931626717429
387585.0;3704040.3993999995;0.2690405941504027;0.23984608052530315;0.14452762511556527;0.5380811883008054
385124.0;3922273.8248999994;0.26518759641172485;0.24467273479682355;0.15304285586560212;0.5303751928234497
385059.0;2038761.7500999994;0.3839987450284354;0.24480021652280845;0.07955026461540124;0.7679974900568708
385023.0;2144249.3936;0.369657835436338;0.24487082178643085;0.08366627765795934;0.739315670872676
384341.0;2854685.4555;0.3045292013045045;0.2462083992806108;0.11138671959468714;0.609058402609009
382558.0;1953756.9076999996;0.3987545441935718;0.2497053210872426;0.07623346817943771;0.7975090883871436
356499.0;0.0;0.4187177776816778;0.3008137256632482;0.0;0.8374355553633556
304977.0;0.0;0.37971542360019533;0.40186162545084403;0.0;0.7594308472003907
217156.0;0.0;0.2993976670695468;0.5741012048003734;0.0;0.5987953341390936
143267.0;0.0;0.24645851603206892;0.7190165471280329;0.0;0.49291703206413784
49955.0;0.0;0.1739064695646016;0.9020253904373016;0.0;0.3478129391292032
