500106.0;8738500.915900003;0.22376355889466154;0.019163445301513895;0.3409667952460237;0.4475271177893231
498785.0;8901497.452500002;0.2237393244773476;0.021754266224991516;0.34732674270790237;0.4474786489546952
496704.0;8283459.4644000055;0.23244702405419004;0.025835642713830983;0.32321157304998943;0.4648940481083801
495717.0;3529502.8328999984;0.29697696168657006;0.027771403691478534;0.13771735922759565;0.5939539233731401
495560.0;3811770.3449;0.2857866949195005;0.028079321091165125;0.1487311303417681;0.571573389839001
494819.0;7652495.401600005;0.2667663209822948;0.02953261276739292;0.2985920420252943;0.5335326419645896
494507.0;3251146.8436999987;0.30761113861807227;0.030144525052120414;0.12685621147599807;0.6152222772361445
493655.0;3689139.6991;0.29148269081045697;0.031815516291183954;0.14394621600694255;0.5829653816209139
492967.0;8093166.826300004;0.224677658213308;0.033164861329300986;0.3157865614151207;0.449355316426616
492560.0;8479631.661700003;0.22373562652684742;0.03396309305969871;0.33086599868586086;0.44747125305369484
490761.0;4114056.6552;0.26760587810887887;0.03749139498349602;0.16052601317827356;0.5352117562177577
489493.0;3438739.952899999;0.30755412866159965;0.03997826926886288;0.13417589043120404;0.6151082573231993
487003.0;2840471.382899999;0.36519837657999904;0.04486180000274576;0.11083210195163143;0.7303967531599981
486901.0;2747162.3867999986;0.36137804206792273;0.0450618482496759;0.1071912864760672;0.7227560841358455
486897.0;7476310.947500005;0.2330313465684585;0.04506969327896728;0.2917175163755525;0.466062693136917
486090.0;8373115.629300005;0.22435209183724564;0.04665242793850281;0.3267098590276655;0.4487041836744913
486052.0;2657424.8525999985;0.3613780420679227;0.04672695571677091;0.10368982555686293;0.7227560841358454
485968.0;2904683.4639;0.3574706634257511;0.04689170133188985;0.11333758746743781;0.7149413268515022
485958.0;8587642.714100005;0.20858870379700775;0.046911313905118296;0.33508047239736083;0.4171774075940155
485926.0;2539880.528999998;0.3725885624376718;0.04697407413944932;0.09910337397861464;0.7451771248753436
485588.0;3134905.930199998;0.34100191869030555;0.04763697911457077;0.1223206175412936;0.6820038373806111
484634.0;3020418.993199999;0.3534733540456302;0.04950801860056445;0.11785346186068993;0.7069467080912604
484538.0;4284549.711300001;0.2616276134974021;0.049696299303557526;0.16717846667225256;0.5232552269948042
484003.0;3907359.2530999994;0.2682769732596033;0.050745571971279345;0.15246090550614633;0.5365539465192066
484003.0;4025257.5833;0.2680741135664153;0.050745571971279345;0.15706117003664577;0.5361482271328306
483670.0;7143493.519100006;0.2237601636783806;0.05139867065978657;0.278731342539135;0.4475203273567612
483145.0;6580387.078600006;0.22465548566456883;0.05242833075427995;0.2567595420841704;0.44931097132913767
480737.0;2381335.5838;0.3954479847700207;0.05715103838768958;0.09291712276830255;0.7908959695400414
478842.0;6243177.2331000045;0.25421743993100865;0.06086762101447996;0.24360198091297028;0.5084348798620173
476912.0;6999935.352500006;0.22384713149856478;0.0646528476475699;0.2731298591190288;0.44769426299712956
475905.0;2271349.030699999;0.4130567207763382;0.06662783377167435;0.08862556716951235;0.8261134415526764
474369.0;8179224.898800004;0.1997366700540049;0.06964032501956355;0.3191444537433099;0.3994733401080098
474329.0;7760802.470900004;0.207474416567337;0.06971877531247732;0.302818065994064;0.414948833134674
471237.0;5760280.423900003;0.24096358302908125;0.07578298295471261;0.22475987297568487;0.4819271660581625
470935.0;7205663.349300006;0.21568886299227993;0.07637528266621166;0.28115714165139616;0.43137772598455987
470121.0;6046247.147400005;0.2393945668835806;0.07797174612700711;0.23591798329657385;0.4787891337671612
469400.0;2158048.5609999984;0.40770693821007653;0.07938581265677801;0.0842047061516704;0.8154138764201531
468893.0;1671817.2299999995;0.4484798670983571;0.08038017011946018;0.06523248880285491;0.8969597341967142
468832.0;2023986.1106999991;0.4214560578753163;0.0804998068161537;0.07897373524698725;0.8429121157506326
468774.0;1806387.5441999994;0.43576898833332006;0.08061355974087868;0.07048327600418562;0.8715379766666401
466252.0;7341046.348900005;0.19987539486445074;0.08555985070909258;0.2864396389525538;0.3997507897289015
465247.0;1916700.7986999992;0.4347090737755831;0.08753091431855134;0.07478757913604037;0.8694181475511662
464729.0;6675036.064900007;0.2241413157648167;0.0885468456117848;0.2604526425189687;0.4482826315296334
464287.0;6790406.785200005;0.21259279392748623;0.08941372134848208;0.26495428246207836;0.42518558785497246
461056.0;6467020.072900005;0.22423517163622542;0.09575054375859277;0.25233608490402243;0.44847034327245083
459914.0;1504210.9307;0.47453187726570706;0.09799029962128121;0.05869267341742837;0.9490637545314141
454936.0;1416053.5175999994;0.48332280421954715;0.10775343857440128;0.05525286710383126;0.9666456084390943
451102.0;1599264.5294999997;0.46970621101022497;0.11527289915018721;0.06240156139161922;0.9394124220204499
450938.0;5278744.514200002;0.20884237122100482;0.1155945453511337;0.20597086585576313;0.41768474244200965
448100.0;1320652.0253999997;0.49274684264266366;0.12116059363336648;0.0515304047078;0.9854936852853273
448058.0;6133915.830200002;0.1940812140656496;0.12124296644092594;0.23933871988577135;0.3881624281312992
446600.0;5963178.492000002;0.19624841536365836;0.12410247961763327;0.23267673477011327;0.3924968307273167
445599.0;5141380.771300003;0.21896944828900378;0.12606569819780064;0.20061108210676898;0.43793889657800755
444180.0;5063492.077200003;0.2091947234090947;0.12884872233891703;0.19757195003265626;0.4183894468181894
443912.0;6349707.391100002;0.1929677450551653;0.12937433930143938;0.24775867173670418;0.3859354901103306
440612.0;5513746.1268000025;0.20143133587090892;0.13584648846682632;0.21514037301689126;0.40286267174181783
437842.0;4954112.539200002;0.2095791161622686;0.14127917125110565;0.19330407950242703;0.4191582323245372
437459.0;1238061.2014999997;0.4881318899327118;0.1420303328057551;0.04830780064642464;0.9762637798654236
435940.0;848787.0730000002;0.49957921985036413;0.14500948267915595;0.033118747816398876;0.9991584397007283
432558.0;1004778.4148000001;0.4913572650949875;0.15164245494501616;0.03920536020124121;0.982714530189975
429961.0;1152225.2502000001;0.4897653077500043;0.15673584021244338;0.04495857524571524;0.9795306155000086
429099.0;718268.3744000001;0.4975478215574515;0.15842644402473538;0.028026050246229856;0.995095643114903
426455.0;1076413.6108000001;0.4913496058217456;0.1636120083863363;0.04200048758544715;0.9826992116434912
426380.0;4852057.520800004;0.20922039993552638;0.16375910268554966;0.18932200375539512;0.41844079987105276
425829.0;626592.8173999999;0.49364495056848806;0.164839755470437;0.024448969786604494;0.9872899011369761
420946.0;515714.0974999999;0.49207249395781505;0.17441657497788682;0.020122602810262447;0.9841449879156301
420317.0;419399.14869999996;0.4909294996547935;0.17565020583395602;0.016364498331853918;0.981858999309587
419949.0;4738014.243700003;0.21582840620728239;0.1763719485287628;0.18487215920123495;0.43165681241456477
418780.0;4638765.169800003;0.231805895434604;0.1786646583391681;0.18099956835476097;0.463611790869208
418202.0;330154.5539999999;0.48675066938444644;0.1797982650717722;0.01288227137545206;0.9735013387688929
418120.0;0.0;0.4422894170525201;0.17995908817224546;0.0;0.8845788341050402
414149.0;4371993.654300002;0.24374342287579046;0.18774724100126108;0.1705904341590484;0.4874868457515809
411486.0;4451873.091200004;0.24173340818086042;0.19297006925199606;0.1737072428506048;0.48346681636172084
410735.0;5419217.263600003;0.20391193066224758;0.19444297350145232;0.21145195965471975;0.40782386132449516
395419.0;4217715.604100001;0.244334140299791;0.2244815906581391;0.1645706725477879;0.488668280599582
392749.0;3838059.383;0.25928211495609177;0.22971814771013402;0.14975689999692118;0.5185642299121835
390023.0;3640793.2418;0.28471442916105794;0.2350645351722082;0.14205978986065862;0.5694288583221159
385601.0;4095729.6676000017;0.23302366014582823;0.2437372150538267;0.15981091406818307;0.46604732029165646
385515.0;3568861.5974000003;0.2731925052685336;0.24390588318359133;0.13925309538252245;0.5463850105370672
385291.0;3750403.672700001;0.2537902283553418;0.2443452048239085;0.14633666958055505;0.5075804567106836
381683.0;2977492.4262999995;0.35619108264877297;0.25142142124473155;0.11617851393911047;0.7123821652975459
380095.0;3961925.349100002;0.24075974960337426;0.2545358978734087;0.15459001518539978;0.4815194992067485
377707.0;3466044.5569000007;0.2847009907281527;0.2592193803603614;0.13524128636249044;0.5694019814563054
367622.0;3361165.6631;0.2639988433696716;0.2789986604612485;0.13114902607069745;0.5279976867393432
361985.0;2742368.3810000005;0.3443433478854507;0.2900542679901231;0.10700422958727727;0.6886866957709014
361649.0;2619859.9089000006;0.3636315233476254;0.29071325045059887;0.10222408233725873;0.7272630466952508
358779.0;3203531.913100001;0.3067958027432051;0.29634205896716265;0.12499832870539576;0.6135916054864102
358665.0;1953803.899299999;0.41054647088889684;0.29656564230196697;0.07623530174052667;0.8210929417777937
357942.0;2493545.5462000007;0.36006875902897817;0.29798363134638356;0.09729543337814524;0.7201375180579563
356548.0;2309009.0908000004;0.39235421965567546;0.3007176240544288;0.09009502172752536;0.7847084393113509
355801.0;2395028.2188000004;0.36000429786846333;0.3021826832745937;0.09345139448370957;0.7200085957369267
355559.0;2082950.4660999987;0.4071938054001438;0.30265730754672204;0.08127446022121067;0.8143876108002877
348840.0;2846842.7757;0.327453285776377;0.3158349954989144;0.11108070676442226;0.654906571552754
348054.0;3038996.6632999987;0.2970507302041718;0.3173765437546702;0.11857834232910176;0.5941014604083436
338846.0;1850161.984399999;0.4209352961265527;0.33543580118342264;0.07219130701915351;0.8418705922531055
338732.0;2212711.2086;0.3842354385841389;0.33565938451822697;0.08633758316927448;0.7684708771682778
338466.0;1697029.3937;0.43961034006458166;0.3361810789661036;0.06621623999092947;0.8792206801291633
293546.0;0.0;0.3850340216179322;0.42428075790827985;0.0;0.7700680432358644
179249.0;0.0;0.3101401236486978;0.648446586137441;0.0;0.6202802472973956
46209.0;0.0;0.16384014076061645;0.9093722603686771;0.0;0.3276802815212329
