503079.0;1.0992371535E7;0.24100246481092255;0.01333262728069711;0.42891037381742303;0.4820049296218451
501541.0;1.0944183245199999E7;0.2558260472330718;0.016349041043231996;0.42703011919484846;0.5116520944661436
496624.0;1.0666160693300001E7;0.24716704621866864;0.025992543299658544;0.4161819818038026;0.4943340924373373
494720.0;1.21105455488E7;0.23346853884320137;0.029726777242354528;0.4725403068782588;0.46693707768640275
494539.0;1.1792679441199997E7;0.23915162075184032;0.03008176481778939;0.4601375173072814;0.47830324150368064
493111.0;1.0164691098100003E7;0.27459710590461184;0.032882440274811374;0.39661518397037193;0.5491942118092237
491985.0;9934694.981300002;0.2865740537025786;0.035090816020334314;0.38764098580766;0.5731481074051572
491430.0;9588625.613399997;0.2965481808823007;0.03617931383451303;0.3741377357146171;0.5930963617646015
487976.0;9140874.641599994;0.2797061983887594;0.042953496627618035;0.35666698010192904;0.5594123967775188
486558.0;9971735.3138;0.25425258240633225;0.045734559511411574;0.3890862592691975;0.5085051648126645
485423.0;8951969.636099994;0.2850594218902138;0.047960586572840115;0.34929611238089114;0.5701188437804277
485047.0;1.1108351483699998E7;0.237987712383181;0.048698019326229657;0.4334357851896508;0.475975424766362
483155.0;1.1510973182799997E7;0.23374707094827368;0.05240871818105151;0.4491456456977442;0.46749414189654737
482213.0;2844664.9296999993;0.3831632366597371;0.05425622257917106;0.1109957295837472;0.7663264733194742
481293.0;2614782.105299999;0.3928173360449783;0.05606057931618802;0.10202595196718221;0.7856346720899566
479525.0;1.1296455055799996E7;0.21928275362418403;0.05952808226297715;0.44077538185165566;0.43856550724836807
478742.0;2474672.4814999998;0.39878213099115356;0.061063746746764416;0.09655902693393222;0.7975642619823071
474750.0;8715468.1974;0.3292522846654245;0.06889308597955977;0.34006808363766755;0.658504569330849
473224.0;2353073.952199999;0.42887639447044507;0.07188596465422052;0.09181438466163912;0.8577527889408901
472035.0;2176872.0759999994;0.45523000259100554;0.07421789961108267;0.08493917922051654;0.9104600051820111
469605.0;7158530.4599;0.38237253495308904;0.07898375490559488;0.279318067603791;0.7647450699061781
469243.0;1679598.8959000001;0.4615609387751519;0.0796937300564646;0.06553612093714589;0.9231218775503038
467993.0;2145365.8891;0.458775154222298;0.08214530171002025;0.08370984209723849;0.917550308444596
467427.0;7859834.153699999;0.2897696171990247;0.08325537335475026;0.30668217447641205;0.5795392343980494
466616.0;1.05248973475E7;0.22319050320149417;0.08484595304357717;0.4106700397937586;0.44638100640298833
464565.0;2349186.2089000004;0.42808759426797677;0.0888684918127313;0.0916626891492741;0.8561751885359535
463157.0;2309765.7847;0.4203939624703461;0.0916299421232964;0.09012454709996032;0.8407879249406922
463136.0;1527908.7806999998;0.4692649499650742;0.09167112852707614;0.059617337733022684;0.9385298999301483
461799.0;9543421.566899998;0.2765802899421769;0.09429332956771927;0.37237392301772626;0.5531605798843539
459795.0;1990664.4845999985;0.44940535701971895;0.09822368924269971;0.07767356166194697;0.8988107140394379
456344.0;8054538.354399997;0.23643417054445187;0.10499198826383618;0.31427932048263635;0.47286834108890374
453352.0;1979026.4002999982;0.4486922318734844;0.11086007017378702;0.07721945627879664;0.8973844637469688
451338.0;1396797.4437999998;0.47943484584151785;0.1148100424219959;0.05450151606138182;0.9588696916830357
449040.0;3811990.8987999996;0.3715135437290666;0.11931701174989262;0.14873973611490765;0.7430270874581332
446897.0;7630927.239199995;0.25581849339131574;0.12351998619274844;0.2977504758020195;0.5116369867826315
446270.0;1341828.9969999997;0.48378626331877284;0.12474969453417196;0.05235670709180844;0.9675725266375457
445319.0;1309926.2603999996;0.4899981116117951;0.1266148502481971;0.05111189703081873;0.9799962232235901
444429.0;7431418.327299994;0.2606621121957013;0.12836036926552874;0.2899658551939483;0.5213242243914026
441663.0;1028133.6422000001;0.4921167610734291;0.13378520702051672;0.040116655755874676;0.9842335221468582
441620.0;801726.3306000001;0.4990007037785536;0.13386954108539903;0.03128248886621325;0.9980014075571072
441073.0;6971623.860299997;0.30125064280304237;0.13494234884099499;0.27202517550601857;0.6025012856060847
440226.0;5412994.128700002;0.3365347816806771;0.1366035337934443;0.21120913970383134;0.6730695633613542
432494.0;6555903.387099997;0.27171371311218123;0.1517679754136782;0.25580421508851137;0.5434274262243625
430769.0;8841011.902099995;0.22866215700154896;0.15515114429558502;0.3449666623603616;0.4573243140030979
430200.0;937324.9314000006;0.49798588660821186;0.15626709971228356;0.036573398691546743;0.9959717732164237
427414.0;5905895.089899999;0.31429110175708486;0.1617311626137284;0.23044159876420078;0.6285822035141697
427233.0;5881409.2207;0.3169501597882954;0.16208615018916328;0.22948618679705826;0.6339003195765908
425926.0;7094527.288399999;0.2436442195742331;0.16464951351012108;0.2768207335093093;0.4872884391484662
423067.0;6411785.356799999;0.29640043992084875;0.17025674819613357;0.2501808863961554;0.5928008798416975
421242.0;514643.5020999999;0.4941401531186524;0.17383604281032483;0.020080829342930203;0.9882803062373048
421059.0;499843.4590999999;0.49351750838083863;0.1741949529004054;0.019503347772603718;0.9870350167616773
420820.0;0.0;0.4450380565154656;0.17466369340056523;0.0;0.8900761130309311
419780.0;4705589.904099998;0.3482189105226985;0.17670340101632354;0.18360699675886838;0.696437821045397
414329.0;4278450.9860000005;0.3626531841962402;0.18739421468314907;0.1669405010485558;0.7253063683924804
413329.0;8461707.264999999;0.2313272532839384;0.1893554720059936;0.33016660823453087;0.4626545065678768
411299.0;0.0;0.4386590351101122;0.193336824371368;0.0;0.8773180702202245
407981.0;0.0;0.43643626106683664;0.19984427616856615;0.0;0.8728725221336733
407758.0;7280917.655299997;0.20621657477320718;0.20028163655156048;0.2840934827689662;0.41243314954641436
399299.0;4404932.0198;0.34798481520324115;0.21687191224550234;0.17187565333259583;0.6959696304064823
397334.0;4087504.8682;0.3238348606301157;0.22072578288489184;0.1594899913470036;0.6476697212602314
395702.0;6205627.171799998;0.3032831368845427;0.22392655483577412;0.24213681838841655;0.6065662737690855
391040.0;3719471.9240000006;0.35158645130736366;0.2330699364748753;0.14512974641065476;0.7031729026147273
385432.0;3073979.3521999996;0.371913979117878;0.24406866754138742;0.11994332877679081;0.743827958235756
381602.0;0.0;0.4097775854238488;0.251580283087882;0.0;0.8195551708476976
379453.0;3787454.0803000005;0.3409908859312024;0.2557950250746749;0.14778233616152944;0.6819817718624048
375732.0;3835593.7385;0.322869518257843;0.26309286357297934;0.14966069323199985;0.645739036515686
371449.0;0.0;0.3993626919806101;0.2714929286867225;0.0;0.7987253839612202
368804.0;5176871.2311;0.3030559851171961;0.27668045430564625;0.20199588122234663;0.6061119702343922
365797.0;5429704.331099999;0.2926786910896276;0.28257795507543976;0.21186115361503577;0.5853573821792551
364225.0;0.0;0.3940588044072503;0.2856610515869514;0.0;0.7881176088145005
359440.0;3677651.273;0.3194154865856596;0.29504566787676245;0.14349795012387667;0.6388309731713192
355540.0;3310312.3022000003;0.35728195089276843;0.3026945714358561;0.12916478327431427;0.7145639017855369
351405.0;3241088.0993;0.3575330834412253;0.3108043704658182;0.12646373021688118;0.7150661668824506
347412.0;3410742.6836;0.35007414019258826;0.3186356709559364;0.13308346745376967;0.7001482803851765
345094.0;3263735.5675000004;0.3539368927240206;0.32318186543029004;0.12734740977781592;0.7078737854480412
335417.0;0.0;0.3373217242514322;0.3421609525434566;0.0;0.6746434485028644
329345.0;0.0;0.33314617952377645;0.3540697070077685;0.0;0.6662923590475529
317409.0;0.0;0.31579088102567554;0.37747927441324086;0.0;0.6315817620513511
313400.0;0.0;0.3104836061572271;0.38534195502052454;0.0;0.6209672123144542
299690.0;0.0;0.30606854172307274;0.41223079291672304;0.0;0.6121370834461455
298385.0;0.0;0.2967759760136367;0.41479023372303514;0.0;0.5935519520272734
290632.0;0.0;0.2812901489519362;0.4299958617470488;0.0;0.5625802979038724
278487.0;0.0;0.2677215566190332;0.4538153319329956;0.0;0.5354431132380664
270866.0;0.0;0.2628193389013172;0.46876207399039377;0.0;0.5256386778026344
267899.0;0.0;0.2492805633288309;0.47458112446727346;0.0;0.4985611266576618
259465.0;0.0;0.22692096080071555;0.49112236872814424;0.0;0.4538419216014311
252837.0;0.0;0.21379686762593386;0.5041215822639578;0.0;0.4275937352518677
249672.0;0.0;0.2120039142240431;0.5103289616907607;0.0;0.4240078284480862
243514.0;0.0;0.20540009011357885;0.5224063842848373;0.0;0.4108001802271577
236756.0;0.0;0.19872984911637168;0.5356605612726206;0.0;0.39745969823274335
229998.0;0.0;0.19345867537657366;0.5489147382604039;0.0;0.3869173507531473
223240.0;0.0;0.1882049341138275;0.5621689152481874;0.0;0.376409868227655
216482.0;0.0;0.18408038610738;0.5754230922359707;0.0;0.36816077221476
209724.0;0.0;0.1802162167443362;0.588677269223754;0.0;0.3604324334886724
179386.0;0.0;0.17920287141836772;0.6481778938842113;0.0;0.35840574283673543
172954.0;0.0;0.17807332220323613;0.6607927009847473;0.0;0.35614664440647226
166196.0;0.0;0.17575704618499152;0.6740468779725306;0.0;0.35151409236998304
159438.0;0.0;0.1729817160679596;0.6873010549603139;0.0;0.3459634321359192
152680.0;0.0;0.1718176915994034;0.7005552319480973;0.0;0.3436353831988068
145922.0;0.0;0.17071932968540887;0.7138094089358806;0.0;0.34143865937081774
