502599.0;8324528.536699998;0.24006236772720643;0.014274030795662484;0.32481404355386917;0.48012473545441287
501452.0;8165490.369399999;0.25426017928743283;0.01652359294496516;0.31860854735401023;0.5085203585748657
496740.0;7591481.266100001;0.2744797816846019;0.02576503745020858;0.29621133686243395;0.5489595633692038
495245.0;7446281.9716;0.2576962847350696;0.02869711714786115;0.29054581841778093;0.5153925694701392
492483.0;9542807.48689999;0.2382302501964817;0.034114109873557744;0.37234996228445605;0.4764605003929634
488926.0;7034596.514;0.2766850878112605;0.04109030217091573;0.27448229991750195;0.553370175622521
487672.0;3124125.2110999995;0.37266420392388167;0.04354971885376277;0.12189996561513934;0.7453284078477633
485978.0;9900850.450099995;0.22768138105728447;0.046872088758661404;0.3863204090347179;0.45536276211456894
485399.0;2962412.765399999;0.3897247361267304;0.04800765674858839;0.11559012198264636;0.7794494722534608
483907.0;2703893.6670999997;0.3992228017580658;0.050933852674272424;0.1055029881246116;0.7984456035161316
483538.0;2759017.9197999993;0.39595474707273765;0.051657556626402056;0.1076538764708326;0.7919094941454753
482927.0;6634251.842200002;0.3101024880204834;0.05285588485066006;0.25886128653646623;0.6202049760409668
481123.0;9152004.053399997;0.22951545583318889;0.05639399306107159;0.35710123763774;0.45903091166637777
480280.0;9355188.330099992;0.21843023244425055;0.05804733298422953;0.3650292669802469;0.4368604648885011
478382.0;2632526.9894999983;0.4078536118259828;0.06176979938298845;0.10271833803613331;0.8157072236519656
476159.0;2374594.1426999997;0.418787384121988;0.06612967441167183;0.09265407907358547;0.837574768243976
476113.0;2458417.7721;0.4161404458366747;0.06621989224852268;0.09592478586385475;0.8322808916733494
475709.0;2246484.9445999996;0.4213784835837612;0.06701224020695187;0.08765539759056176;0.8427569671675224
472661.0;2031968.9440000006;0.4594231871363792;0.072990152526982;0.079285216714287;0.9188463742727584
472454.0;1927357.1934999998;0.44788892812534015;0.07339613279281082;0.07520338006331627;0.8957778562506803
471878.0;8934769.606099993;0.20513786698755526;0.07452581701076927;0.3486249859298354;0.4102757339751105
469657.0;3886202.274899998;0.3632660769101643;0.07888176952480697;0.15163538324284614;0.7265321538203287
469446.0;8769381.540999996;0.22233012202496039;0.07929559481992716;0.3421717236286917;0.44466024404992077
468694.0;6514464.457099999;0.3247012923911638;0.08077046032670625;0.2541873131397097;0.6494025847823276
467787.0;1706753.5806999994;0.4625065954321244;0.08254932071852623;0.06659566718441182;0.9250131908642488
465700.0;8535700.662599994;0.1960788867728061;0.08664246475130276;0.3330537500786348;0.3921577735456122
464791.0;1830656.9897999999;0.45358939196776854;0.08842524765776844;0.07143024335799948;0.9071787839355371
463522.0;1474392.0620999995;0.4728333758223006;0.09091408320045814;0.05752917361783405;0.9456667516446012
461876.0;1532326.8278;0.46653215501865253;0.09414231275386024;0.059789725122510975;0.9330643100373051
456930.0;5586529.250500001;0.34895893956851615;0.10384269147264928;0.21798029129061125;0.6979178791370323
454825.0;7877706.6944999965;0.24503527113963866;0.10797113813723702;0.30737954156696085;0.4900705422792773
454458.0;5895364.684700002;0.3027461307627165;0.10869091957472096;0.23003071381399703;0.605492261525433
452809.0;9255646.137299998;0.1933079081464409;0.11192503290009159;0.36114523895330924;0.3866158162928818
451698.0;6759556.194900003;0.2839301026110273;0.11410398978577187;0.2637505260046178;0.5678602052220546
450590.0;1424846.3709999996;0.48246134644988076;0.1162770628994836;0.055595954673852685;0.9649226928997615
449256.0;7996578.362599998;0.23351185053695636;0.1188933801681582;0.3120177846829921;0.4670237010739127
447001.0;1283267.5556;0.4817145869878541;0.12331601543117261;0.0500717033833561;0.9634291739757082
443608.0;1227600.9426000002;0.49300463874601136;0.1299705615275841;0.0478996527285035;0.9860092774920227
442761.0;7438588.910399999;0.265747424818676;0.13163174648003342;0.2902456435424515;0.531494849637352
442260.0;939877.6169000004;0.5;0.13261433639877854;0.03667300170155756;1.0
441184.0;6295504.377000002;0.2946321617106129;0.13472464927815925;0.24564372911803092;0.5892643234212258
437009.0;6944174.166699999;0.21023942058363138;0.14291289860103515;0.27095411833644767;0.42047884116726275
436733.0;7213917.358599998;0.20163073056276826;0.14345420562214023;0.28147920411108285;0.4032614611255365
436679.0;6427311.096000001;0.2902079628904967;0.14356011351757383;0.250786683842399;0.5804159257809934
432950.0;801914.2778;0.49865971464050834;0.1508736420744611;0.031289822361406094;0.9973194292810167
432159.0;5108606.383400004;0.28688996126099375;0.15242499661683112;0.1993322611607095;0.5737799225219875
427662.0;6064809.6519;0.2772992330811558;0.16124477079766297;0.2366422720197789;0.5545984661623116
426858.0;1104354.2188999997;0.49033676704346396;0.16282162168522996;0.04309069970452442;0.9806735340869279
425513.0;5554815.794900002;0.26981439021772236;0.16545951278445586;0.2167428667682388;0.5396287804354447
422694.0;531673.0195;0.49507915933151114;0.1709882971775546;0.02074530257791028;0.9901583186630223
421801.0;4461298.9335;0.3550071221739772;0.17273969996685476;0.17407502895859459;0.7100142443479543
421376.0;0.0;0.4450380565154654;0.17357323432906369;0.0;0.8900761130309308
419514.0;5622176.126900003;0.2695616234565568;0.17722509546420018;0.21937119361168608;0.5391232469131136
418690.0;5255401.667300004;0.2698807355001128;0.1788411714982241;0.2050600533747655;0.5397614710002256
410604.0;5132891.465300002;0.26929405431516906;0.19469989821074493;0.20027983862593163;0.5385881086303381
409297.0;0.0;0.4364362610668367;0.19726326153170273;0.0;0.8728725221336734
404251.0;0.0;0.4294681571186907;0.20715976598277624;0.0;0.8589363142373814
399200.0;4929066.299600002;0.2802226497453538;0.21706607672046396;0.19232680249215203;0.5604452994907076
396941.0;0.0;0.426972115885773;0.22149655701276974;0.0;0.853944231771546
393081.0;4710695.007500003;0.3052287653631131;0.22906701027894963;0.18380619233742945;0.6104575307262262
387743.0;4316919.866600002;0.33027652674279606;0.23953620186829372;0.16844151490220413;0.6605530534855921
387564.0;4218724.029600001;0.3253838636877677;0.2398872669290829;0.16461002021328436;0.6507677273755355
379148.0;4783472.6965000015;0.3003221642267946;0.25639320855814246;0.18664589855507027;0.6006443284535892
373180.0;4041034.681700001;0.3181101916273174;0.2680979922608786;0.1576767752453082;0.6362203832546348
368584.0;3966037.1960000005;0.3173271282324093;0.2771119309166721;0.15475045497633505;0.6346542564648185
368126.0;3396532.844800001;0.3410466756844743;0.27801018677053485;0.1325290150089822;0.6820933513689486
363682.0;3350316.9520000005;0.35747560013567026;0.28672601431325595;0.13072572117070183;0.7149512002713405
360650.0;3611509.0593000012;0.3363669990351573;0.29267254651612057;0.14091715293076412;0.6727339980703146
357023.0;3368347.273600001;0.3358682211815166;0.2997860268260777;0.13142924469634695;0.6717364423630332
356121.0;3216547.8633999997;0.3523469131355575;0.3015550809312834;0.12550619692027423;0.704693826271115
350716.0;3281439.3570999997;0.3414090143294791;0.3121556767612581;0.12803819238020006;0.6828180286589582
346418.0;0.0;0.3839265512710316;0.3205851607348439;0.0;0.7678531025420632
339708.0;0.0;0.37505399992065197;0.3337451973711307;0.0;0.7501079998413039
334426.0;0.0;0.3648271640178731;0.3441045585503955;0.0;0.7296543280357461
326586.0;0.0;0.35509965179658975;0.3594808159614966;0.0;0.7101993035931795
320489.0;0.0;0.3497991693857132;0.37143860185887967;0.0;0.6995983387714264
313757.0;0.0;0.31424016478773475;0.38464178615626904;0.0;0.6284803295754695
313253.0;0.0;0.3091857326916718;0.3856302598469827;0.0;0.6183714653833436
305172.0;0.0;0.2986545533483059;0.40147918027288937;0.0;0.5973091066966117
298740.0;0.0;0.29802510037860497;0.41409398737342534;0.0;0.5960502007572099
291139.0;0.0;0.2664234458492337;0.4290015042843666;0.0;0.5328468916984674
285149.0;0.0;0.2520003731711539;0.44074943564820535;0.0;0.5040007463423078
276813.0;0.0;0.2492655579212272;0.4570984766914373;0.0;0.4985311158424544
274875.0;0.0;0.24339908737141058;0.46089939338311003;0.0;0.48679817474282117
267761.0;0.0;0.24053316244675288;0.474851777977826;0.0;0.48106632489350576
260631.0;0.0;0.2126475464638442;0.4888355426897075;0.0;0.4252950929276884
256242.0;0.0;0.20604960637505706;0.49744350107967217;0.0;0.41209921275011413
247194.0;0.0;0.19086436843038893;0.5151889573367695;0.0;0.38172873686077785
238995.0;0.0;0.1831938442913405;0.5312693061267717;0.0;0.366387688582681
234377.0;0.0;0.17641051978138156;0.5403263924436678;0.0;0.3528210395627631
228219.0;0.0;0.16825359033156956;0.5524038150377444;0.0;0.3365071806631391
221461.0;0.0;0.16176082522262997;0.5656579920255277;0.0;0.32352165044525993
214703.0;0.0;0.155201101056004;0.5789121690133111;0.0;0.310402202112008
207945.0;0.0;0.1499561053146535;0.5921663460010944;0.0;0.299912210629307
201187.0;0.0;0.1449722423393349;0.6054205229888777;0.0;0.2899444846786698
194429.0;0.0;0.14012356034579568;0.618674699976661;0.0;0.28024712069159136
187671.0;0.0;0.13696538856779666;0.6319288769644443;0.0;0.27393077713559333
184405.0;0.0;0.13396033358187842;0.6383343433808546;0.0;0.26792066716375684
177647.0;0.0;0.12945484808655275;0.6515885203686379;0.0;0.2589096961731055
170889.0;0.0;0.12597896005684422;0.6648426973564212;0.0;0.25195792011368845
