502490.0;1.0110639700999998E7;0.24103889438835133;0.014487807843852537;0.3945061572820271;0.48207778877670265
502404.0;1.07244465145E7;0.23562772731083903;0.014656475973617166;0.4184562311120204;0.47125545462167806
501461.0;9996559.6536;0.25030511657446813;0.016505941629059558;0.3900548779907797;0.5006102331489363
501029.0;1.0514503231399994E7;0.23324877934078092;0.017353204792528394;0.4102644726959071;0.46649755868156184
497944.0;9428839.002100002;0.2539550594859465;0.02340368363350377;0.36790303604444263;0.507910118971893
493075.0;1.02330029143E7;0.22832763426555874;0.03295304553843378;0.3992806366917612;0.4566552685311175
492573.0;8834127.348299997;0.24845227115160073;0.033937596714501736;0.34469803456384646;0.49690454230320147
487935.0;8129397.648099996;0.31692090820934005;0.04303390817785466;0.3172002486501698;0.6338418164186801
485990.0;9417685.244600004;0.24184896094077468;0.04684855367078727;0.36746782856591437;0.48369792188154936
484345.0;8619076.733699998;0.2948260122798646;0.050074821966866516;0.3363069936311355;0.5896520245597292
484083.0;3096335.9470999986;0.3830569354013837;0.05058867138545178;0.12081565877812962;0.7661138708027674
483940.0;7874922.282199997;0.3169241844244986;0.05086913118261855;0.30727089682941244;0.6338483688489972
483810.0;6693221.818100003;0.322672269840962;0.05112409463458834;0.26116223081648265;0.645344539681924
480630.0;2954737.294099999;0.3996034720914819;0.05736089292123395;0.11529063344607117;0.7992069441829638
479234.0;2943367.2780999993;0.40549606964510015;0.06009880814392491;0.11484698779623642;0.8109921392902003
479126.0;9807611.088800004;0.21774791287480097;0.06031062393479212;0.38268231063326347;0.43549582574960194
477727.0;9619059.719400005;0.23414742539999045;0.06305442292945161;0.37532524140797;0.4682948507999809
477525.0;2788161.1295000003;0.38961225359905005;0.06345059690866621;0.10879101279549805;0.7792245071981001
477241.0;9163453.131000001;0.21373222962682722;0.06400759398835405;0.3575479681851607;0.42746445925365445
477174.0;2540899.7505000005;0.4112478977168098;0.06413899822898464;0.09914314289228145;0.8224957954336196
477123.0;5972380.926600004;0.35140089119087126;0.06423902235244972;0.23303580375279365;0.7028017823817425
473575.0;8314260.909700001;0.3134471685471254;0.07119756333390209;0.3244134119230364;0.6268943370942508
472448.0;2359792.796100001;0.4290839528724022;0.07340790033674788;0.09207654663820579;0.8581679057448044
470416.0;2507531.6802000008;0.4141301756801013;0.07739317521676796;0.09784115710510445;0.8282603513602026
470351.0;2346116.8230000003;0.43020214853294736;0.07752065694275286;0.0915429250520029;0.8604042970658947
468993.0;1950804.9658999993;0.45695137110880274;0.08018404438717573;0.07611828662312894;0.9139027422176055
467632.0;9079307.6615;0.222835814765349;0.08285331560356714;0.354264703544462;0.445671629530698
465894.0;7288352.5726999985;0.30760390769418117;0.08626198083067092;0.2843835851541688;0.6152078153883623
465195.0;1831024.9401999998;0.44992588523584937;0.08763289969933925;0.07144460038215099;0.8998517704716987
463816.0;6230012.0491;0.35045315029210816;0.09033747354754186;0.24308828976153515;0.7009063005842163
462733.0;2249997.1550000007;0.442714768769984;0.09246151522818248;0.08779244021787776;0.885429537539968
460479.0;1662252.3761999998;0.4678023883185048;0.09688218923387405;0.06485927861742727;0.9356047766370096
459961.0;9077138.2216;0.20989086345270588;0.09789812052710752;0.35418005436066025;0.41978172690541177
459132.0;6887675.2186;0.3189641741039954;0.09952400284774564;0.26874959087185973;0.6379283482079908
456851.0;1535677.8735999998;0.473992140109072;0.103997630801154;0.059920479282537395;0.947984280218144
452570.0;1500251.0085999996;0.47856868728366986;0.11239377340025143;0.05853816156684262;0.9571373745673397
451407.0;1393570.4133999997;0.4833328506122741;0.11467471566671962;0.05437560084729202;0.9666657012245482
449889.0;7568127.347700002;0.2612215966539669;0.11765190428279762;0.29530009238355587;0.5224431933079338
446944.0;6814995.8167;0.29764080973920093;0.12342780709857476;0.26591371970989075;0.5952816194784019
444432.0;1154614.338;0.4933032026614131;0.1283544854935602;0.04505179485152259;0.9866064053228262
443101.0;7313246.356100001;0.268639358300354;0.13096491899026627;0.28535491348944464;0.537278716600708
441827.0;1830505.9801999994;0.46049858940101684;0.1334635608195702;0.07142435112775782;0.9209971788020337
440276.0;4981183.731899999;0.3771965108986955;0.13650547092730209;0.19436036797881895;0.754393021797391
436903.0;901601.6542999998;0.49916283267843026;0.14312079187725668;0.035179515298308185;0.9983256653568605
436346.0;1006359.3838999995;0.4978964134362586;0.14421321220608108;0.039267047894885436;0.9957928268725172
434570.0;5053177.535200002;0.3344416355506675;0.14769640521145297;0.197169487829583;0.668883271101335
429887.0;6480524.451200002;0.27349691752084504;0.1568809732543339;0.25286301104788333;0.5469938350416901
425367.0;6408033.2875000015;0.2873996625446115;0.16574585635359115;0.2500344847356104;0.574799325089223
424539.0;4480700.6400999995;0.35508157478835445;0.16736977741690642;0.17483206243440147;0.7101631495767089
423553.0;449907.5015;0.4909294996547935;0.16930357713723113;0.01755490105453644;0.981858999309587
423201.0;640680.0002;0.4901640133223189;0.16999393971487242;0.024998636327763887;0.9803280266446378
422218.0;6106894.254400001;0.2817881298582952;0.1719218556632286;0.23828436740681705;0.5635762597165904
420436.0;0.0;0.44503805651546535;0.17541681621253755;0.0;0.8900761130309307
416561.0;5859399.878900001;0.32857330647130717;0.18301668833856008;0.2286274062337507;0.6571466129426143
412551.0;5542193.218700002;0.29998331108439663;0.19088133020316664;0.21625034758261605;0.5999666221687933
410747.0;5477383.7639000015;0.3103252352698301;0.19441943841357817;0.2137215531912817;0.6206504705396602
406554.0;5385643.451900002;0.294973734310105;0.20264299036826527;0.21014194606203204;0.58994746862021
400992.0;5901705.0593;0.2662031815059397;0.21355150359792655;0.2302781083303822;0.5324063630118794
400710.0;0.0;0.4420018413757953;0.2141045781629687;0.0;0.8840036827515906
395176.0;4082383.6169;0.36978217349862386;0.22495817618759034;0.15929016569495916;0.7395643469972477
392928.0;4810343.138699999;0.33043109817214533;0.22936708264934486;0.1876943539654378;0.6608621963442907
390519.0;3217778.1062000003;0.3682536940704353;0.2340917515400773;0.12555419965540326;0.7365073881408706
387299.0;3383014.314699999;0.3608269128957879;0.2404070001196367;0.13200153667728715;0.7216538257915758
378554.0;3526886.8283000006;0.3584503292997498;0.2575581954079121;0.13761528557521585;0.7169006585994996
373864.0;4148294.5699000005;0.3096086499619656;0.26675649225205295;0.1618619393472489;0.6192172999239312
367239.0;0.0;0.39451693295626494;0.27974982201589793;0.0;0.7890338659125299
361886.0;3809517.0803000014;0.33999156244296785;0.2902484324650847;0.14864321040940248;0.6799831248859357
358496.0;3719988.6817000005;0.34422650781529257;0.2968970947895277;0.1451499097336988;0.6884530156305851
356101.0;4363879.5204;0.29782872771122665;0.3015943060777403;0.1702738294852368;0.5956574554224533
347651.0;4652871.346099999;0.2763209951567031;0.3181669304557766;0.18154997600161873;0.5526419903134062
340274.0;0.0;0.3367784387177234;0.3326351257264007;0.0;0.6735568774354468
339706.0;3881663.7259;0.32653169276463506;0.3337491198857764;0.15145829400036742;0.6530633855292701
331867.0;0.0;0.3241154507242681;0.34912341603955466;0.0;0.6482309014485362
318762.0;0.0;0.2982255972588046;0.3748256932554322;0.0;0.5964511945176092
311843.0;0.0;0.29007718259121706;0.3883956326721935;0.0;0.5801543651824341
304211.0;0.0;0.2798323507174624;0.40336394856014296;0.0;0.5596647014349247
295223.0;0.0;0.26195248567651036;0.42099172937786955;0.0;0.5239049713530207
290197.0;0.0;0.25642728651978497;0.43084900868248616;0.0;0.5128545730395699
284216.0;0.0;0.24957673296200567;0.4425792887304193;0.0;0.49915346592401133
276448.0;0.0;0.24370115620952393;0.4578143356142756;0.0;0.48740231241904786
260770.0;0.0;0.23004788410351146;0.48856292792183215;0.0;0.4600957682070229
256928.0;0.0;0.20960721083580358;0.4960980785562008;0.0;0.41921442167160716
252910.0;0.0;0.20402220044417374;0.5039784104793902;0.0;0.4080444008883475
245834.0;0.0;0.19850308251972051;0.517856267295838;0.0;0.39700616503944103
241688.0;0.0;0.19343410727666296;0.5259876401563515;0.0;0.38686821455332593
239394.0;0.0;0.18896558795360816;0.5304867644549568;0.0;0.3779311759072163
232636.0;0.0;0.18334456913309757;0.5437409414427401;0.0;0.36668913826619515
226205.0;0.0;0.1789838468181971;0.5563537872859533;0.0;0.3579676936363942
222713.0;0.0;0.173068903007643;0.5632024978573263;0.0;0.346137806015286
215955.0;0.0;0.16702794985243108;0.5764566748451097;0.0;0.33405589970486216
209197.0;0.0;0.16223275760940706;0.5897108518328931;0.0;0.3244655152188141
202439.0;0.0;0.15770323840298733;0.6029650288206764;0.0;0.31540647680597467
199173.0;0.0;0.15558057085302693;0.6093704952370866;0.0;0.31116114170605386
192415.0;0.0;0.15109506792040642;0.62262467222487;0.0;0.30219013584081283
185657.0;0.0;0.14714648192991822;0.6358788492126533;0.0;0.29429296385983644
179225.0;0.0;0.14634654058468238;0.6484936563131892;0.0;0.29269308116936477
172467.0;0.0;0.14225401352139735;0.6617478333009725;0.0;0.2845080270427947
165709.0;0.0;0.13901224496050366;0.675002010288756;0.0;0.2780244899210073
158951.0;0.0;0.13754453249388238;0.6882561872765393;0.0;0.27508906498776475
152193.0;0.0;0.1361532883110757;0.7015103642643226;0.0;0.2723065766221514
