500780.0;7912895.3588000005;0.22379611877273362;0.017841557865916683;0.308752564950586;0.44759223754546723
498446.0;8159303.8271;0.22379391772549118;0.022419132457435813;0.31836715520654857;0.44758783545098235
497690.0;8743356.7124;0.22371396699884927;0.023901842993506277;0.34115626314067804;0.44742793399769853
497592.0;7822752.121;0.27315949826357266;0.02409404621114504;0.3052352739184547;0.5463189965271453
497237.0;7529406.732299999;0.23170727209179032;0.024790292560754847;0.29378925611198553;0.46341454418358063
497085.0;7098165.763799999;0.24167591695076263;0.02508840367382722;0.2769627028595055;0.48335183390152525
496282.0;8397095.583799997;0.22376742764198534;0.026663293304071373;0.3276455307538228;0.4475348552839707
494405.0;8916659.102000002;0.21552722755698456;0.030344573299050555;0.3479183337703067;0.4310544551139691
493191.0;7306131.677200001;0.2240611986243453;0.03272553968898381;0.28507730646198254;0.4481223972486906
493097.0;7189324.151099999;0.22406788352296675;0.0329098978773312;0.2805196039202953;0.4481357670459335
491704.0;3735683.690299999;0.32481996080377445;0.03564192932805363;0.14576231188770702;0.6496399216075489
491460.0;6651013.732699999;0.29244962572354505;0.036120476114827695;0.25951531726107824;0.5848992514470901
491144.0;3611255.967299999;0.3273529206958655;0.036740233428846567;0.14090727755637514;0.654705841391731
491088.0;3910244.330899999;0.32002115424521504;0.03685006383892586;0.15257347810194608;0.6400423084904301
490592.0;8657458.122999998;0.21552077956120755;0.03782284747105674;0.33780459366947835;0.4310415591224151
490287.0;6582300.298899998;0.29962360375393376;0.03842103095452433;0.2568341938580348;0.5992472075078675
490166.0;3366087.044499999;0.334036682678976;0.038658343090588514;0.131341053016771;0.668073365357952
489037.0;3269685.813399999;0.34704666069672263;0.04087260260807999;0.12757958189692126;0.6940933213934453
488550.0;5780461.2416;0.2650128679310665;0.041827734924305277;0.22554730651867305;0.530025735862133
488240.0;3159603.9176999987;0.3511821648669627;0.04243572469438708;0.1232843061336446;0.7023643297339254
486656.0;7025081.485899999;0.21874006419938555;0.04554235629377281;0.27411103387666075;0.4374801283987711
486485.0;3063394.1606999994;0.3707534150532847;0.045877731295979225;0.11953030612478727;0.7415068301065694
486339.0;6827926.783299998;0.22406415056598358;0.04616407486511453;0.26641827195328666;0.44812830113196717
485912.0;2967568.2471999987;0.3751628345439991;0.047001531741969145;0.11579128327154621;0.7503256690879982
484777.0;2703834.4159999983;0.40934176688529617;0.04922755880339768;0.10550067621117512;0.8186835337705923
484249.0;5570393.693999998;0.30586298455191596;0.050263102669859595;0.21735069943701238;0.6117259691038319
483921.0;2845843.237499999;0.38096351985190546;0.0509063950717526;0.11104170587169931;0.7619270397038109
481729.0;5225819.469900001;0.2751700805207364;0.05520547112342781;0.20390578822781547;0.5503401610414728
481704.0;2577934.6168000004;0.41755776297187114;0.05525450255649892;0.10058820306864413;0.8351155259437423
481152.0;6097614.367500001;0.23792461027532777;0.0563371165987091;0.23792227631968543;0.47584922055065554
480891.0;7688907.9777000025;0.21416094445649383;0.056849004759971525;0.3000128211153185;0.42832188891298767
480200.0;5318660.882900001;0.25868693739693605;0.05820423357005709;0.2075283591197088;0.5173738747938721
480092.0;6211100.784100001;0.22211441818987085;0.0584160493609243;0.24235039278319123;0.4442288363797417
479174.0;2476636.8937000004;0.4252656190201129;0.06021648358329558;0.0966356761600206;0.8505312380402258
475829.0;4741176.1867;0.28370534405338704;0.06677688932821053;0.1849955347758141;0.5674106881067741
475133.0;5071393.810600001;0.2652685367850294;0.06814192442491032;0.19788026707012246;0.5305370735700587
474728.0;4939697.603599999;0.2694423072664587;0.06893623364066236;0.1927416244037192;0.5388846145329174
470593.0;2173063.8416;0.443702996309676;0.07704603267062449;0.08479058605889647;0.887405992619352
470116.0;6920655.2576;0.21618904909773592;0.07798155241362133;0.2700364361000222;0.43237809819547185
468289.0;2363469.9930000007;0.43828543000458325;0.08156476954245828;0.09222002685918972;0.8765708600091665
466410.0;6004246.623;0.20726808810541458;0.08524997205208315;0.23427916854549166;0.41453617621082917
465928.0;4568666.289700002;0.29828014443636663;0.08619529808169421;0.17826438634493327;0.5965602888727333
465358.0;5885865.890999999;0.23655474025649414;0.08731321475571559;0.22966008122177517;0.4731094805129883
464096.0;2080555.3095999998;0.4434571406370915;0.08978832149714538;0.0811810038213342;0.886914281274183
461312.0;4408313.7438;0.3062189802928414;0.09524846188394456;0.17200760452259783;0.6124379605856828
460799.0;4662138.573300003;0.26078184074913296;0.0962545868905638;0.1819115731210346;0.5215636814982659
459585.0;1851482.7989999994;0.46227990472308433;0.09863555328049706;0.07224284376734529;0.9245598094461687
459473.0;4309933.901800001;0.2562330506416876;0.09885521410065565;0.16816893015883885;0.5124661012833752
459414.0;5433161.2789;0.24922805584359695;0.09897092828270347;0.21199603995584446;0.4984561116871939
459135.0;4134559.058600001;0.2817618682338003;0.0995181190757771;0.16132599464528008;0.5635237364676006
458790.0;4036576.2945;0.2966481341292517;0.10019475285215847;0.15750281382902176;0.5932962682585033
458785.0;5682694.5624;0.2241955507152837;0.10020455913877269;0.22173255710003814;0.4483911014305674
458128.0;1619648.3539000002;0.4790682910997249;0.10149310519988154;0.06319691603510043;0.9581365821994497
457748.0;1956314.007;0.4410179720579374;0.10223838298256246;0.07633324341112081;0.8820359441158748
457044.0;1388514.1774000006;0.48235136765410236;0.10361910813784501;0.05417831202149463;0.9647027353082047
453452.0;5163656.7201000005;0.2378281004427125;0.11066394444150256;0.2014802653850564;0.475656200885425
450993.0;1284247.6928;0.48389510723791657;0.11548667619837726;0.050109947270173955;0.9677902144758331
450758.0;1538397.9130000002;0.4677793648526903;0.11594757166924571;0.06002661225958767;0.9355587297053806
448655.0;1734122.0425000002;0.46543059160368616;0.12007209581918776;0.06766355477755495;0.9308611832073723
440310.0;992914.9280000001;0.49516477130362235;0.13643878817832536;0.0387424598578563;0.9903295426072447
437950.0;1150388.4607000002;0.48904434358422305;0.14106735546023844;0.04488690571848352;0.9780886871684461
434503.0;876647.8371000002;0.49852022215188446;0.14782780945208354;0.03420584450949387;0.9970404443037689
431869.0;784715.6496000002;0.4986474313853837;0.15299376124045602;0.030618750607060704;0.9972948627707674
426887.0;2743628.3127000015;0.3899586847206201;0.16276474522286746;0.10705339075097259;0.7799173694412402
422914.0;1474073.1044;0.47503908631522934;0.1705568205665288;0.05751672823551567;0.9500781726304587
422603.0;4839785.8769;0.22444637578647678;0.17116677159393343;0.18884317756618327;0.44889275157295355
421866.0;610732.9725;0.4945403240969651;0.17261221824086986;0.023830135899568734;0.9890806481939302
419930.0;513263.1283;0.4938563590061632;0.17640921241789687;0.02002696865957533;0.9877127180123264
419603.0;0.0;0.44503805651546546;0.17705054356246702;0.0;0.8900761130309309
416186.0;4488346.3086;0.23878502654841932;0.18375215983462678;0.17513038809815637;0.47757005309683864
403459.0;3480112.9393;0.28809997581364055;0.2087130817824691;0.13579021933250313;0.5761999516272811
402523.0;3381689.2869;0.2994704730638592;0.2105488186366516;0.13194983553461687;0.5989409461277184
399178.0;3300340.771;0.3272128725020546;0.21710922438156655;0.1287757049793434;0.6544257450041092
398426.0;3205945.2355000004;0.34475959633125525;0.21858408988834563;0.12509249391891952;0.6895191926625105
398411.0;3568581.0100999996;0.28067814990579704;0.2186135087481883;0.13924214717145184;0.5613562998115941
395790.0;2644950.0352000017;0.3899179298242009;0.2237539641913638;0.10320307175880396;0.7798358596484019
394438.0;4376094.117500002;0.24696927584946768;0.2264055840918496;0.1707504297703991;0.49393855169893536
388817.0;3723768.1772000017;0.2786964259261571;0.2374298115035587;0.14529738153471872;0.5573928518523142
388567.0;2466603.054000002;0.402056486864844;0.23792012583426983;0.09624416665519285;0.804112973729688
383878.0;3119176.3484000005;0.30750173601421277;0.24711646142108784;0.1217068663786489;0.6150034720284255
382911.0;2377523.026300001;0.41584582817045035;0.2490129972522785;0.09276836092402552;0.8316916563409007
376649.0;2206238.1747;0.41388544233041596;0.2612943906079309;0.08608501243138213;0.8277708846608319
375903.0;2274241.8023999995;0.39898380053955;0.26275748857077297;0.08873843997291651;0.7979676010791
370317.0;4100305.653900001;0.23628240287232363;0.2737130719761825;0.1599894640733632;0.47256480574464726
368127.0;3851168.761400001;0.2772827626383933;0.278008225513212;0.15026841367457988;0.5545655252767866
365992.0;3962929.1792000006;0.2444915191941126;0.2821955098974851;0.15462918354338956;0.4889830383882252
365581.0;2995056.4643000015;0.36277931791334345;0.2830015866571742;0.1168638435861605;0.7255586358266869
362055.0;2112792.3907999997;0.40577653951824677;0.28991697997752397;0.08243885964473405;0.8115530790364935
360465.0;0.0;0.4425334504088201;0.2930353791208468;0.0;0.8850669008176402
359426.0;2865831.423499999;0.32830193958137527;0.29507312547928227;0.11182162313540307;0.6566038791627505
357096.0;2012874.7821000002;0.4199757775290577;0.29964285504151;0.07854018329795974;0.8399515550581154
355739.0;2771231.920600001;0.3715739571679322;0.30230428122861003;0.10813045348901788;0.7431479143358644
322699.0;2561490.5303000007;0.38363396657413434;0.36710422317539326;0.09994657271023204;0.7672679331482687
320781.0;2673850.1573000005;0.3815198086302624;0.3708659147206091;0.10433072306988017;0.7630396172605248
310040.0;2472202.308999999;0.37391011720036194;0.3919317796252822;0.09646264349137885;0.7478202344007239
298678.0;2322668.7035000003;0.37740646634092;0.41421558532744174;0.09062800494872597;0.75481293268184
296808.0;2232314.3978;0.37748522103876836;0.417883136521161;0.08710247827685107;0.7549704420775367
281754.0;0.0;0.36757422808249063;0.4474079042592625;0.0;0.7351484561649813
139456.0;0.0;0.3361619727252876;0.7264908987853933;0.0;0.6723239454505752
32609.0;0.0;0.17934613610998937;0.9360453599593628;0.0;0.35869227221997874
