499861.0;8205192.010799997;0.25062342167823953;0.019643953345610803;0.32015766219240693;0.5012468433564791
499411.0;4340440.9306999985;0.2798992801458787;0.02052651914089084;0.16935928122438412;0.5597985602917575
499142.0;8132180.157499999;0.2574864877377551;0.02105409736073602;0.31730881913863135;0.5149729754755102
498675.0;4179032.304699999;0.28578959990672537;0.021970004530504416;0.1630612923059249;0.5715791998134507
497859.0;8032043.780100003;0.2574762656935259;0.023570390505945553;0.3134016066752787;0.5149525313870518
497695.0;3797348.9583999994;0.27682873379929196;0.023892036706892054;0.14816842353596318;0.5536574675985839
497529.0;7806199.5018000025;0.23248368526892327;0.024217605422484245;0.3045894087322095;0.46496737053784654
497324.0;3615400.920999999;0.28585835809676946;0.024619663173667376;0.1410690091386149;0.5717167161935389
496924.0;3505915.2418999993;0.27998059814638065;0.025404166102805187;0.13679699709818166;0.5599611962927613
496720.0;4245412.734200001;0.2681091793903898;0.025804262596665472;0.16565138442029292;0.5362183587807796
495444.0;3240632.0959;0.297167706814926;0.02830682694061509;0.12644593746050162;0.594335413629852
495292.0;7936961.628800001;0.21533287027578457;0.028604938053687457;0.3096916046136127;0.43066574055156914
495048.0;7706439.370400004;0.21977545684814395;0.029083484840461523;0.30069687697829184;0.4395509136962879
494590.0;6530413.7152;0.24429942988278794;0.029981740694324317;0.2548096358324972;0.4885988597655759
491422.0;3004408.9073999994;0.3320216249082157;0.03619500389309579;0.11722876573724991;0.6640432498164314
490994.0;2899109.5001;0.3365196400678047;0.037034422027273244;0.11312009746635018;0.6730392801356094
490080.0;7649381.2222000025;0.2066202669227164;0.03882701122035315;0.2984705301344037;0.4132405338454328
490049.0;5846410.526199998;0.26383030340694635;0.038887810197361324;0.22812057582827674;0.5276606068138927
488944.0;3164576.5815000003;0.2971001002675294;0.04105499953910453;0.12347833406315335;0.5942002005350588
488715.0;2796907.4200000004;0.3493830272344522;0.04150412746603593;0.10913228353183792;0.6987660544689044
488683.0;7534367.728300002;0.2102550626748131;0.04156688770036695;0.2939828287766369;0.4205101253496262
488493.0;7320618.006400002;0.2153398915742652;0.04193952659170741;0.2856425472612615;0.4306797831485304
488321.0;7235786.731600001;0.2270337028751117;0.04227686285123667;0.2823325232441487;0.4540674057502234
484266.0;3424616.8648000006;0.2809521480915569;0.05022976129537124;0.13362482290431602;0.5619042961831138
482883.0;3335121.7576;0.29668217008303993;0.05294218017286522;0.13013282122280787;0.5933643401660799
481844.0;2664646.8513000007;0.3761633348616719;0.05497992653130069;0.10397162008612025;0.7523266697233438
481529.0;5439693.314200001;0.2571877047875717;0.055597722587996716;0.21225091286415104;0.5143754095751434
480656.0;6147171.341099999;0.2513019818734436;0.05730990023083999;0.23985593549453751;0.5026039637468872
478547.0;3103106.5645000003;0.307655657012003;0.0614461919247191;0.12107984090031892;0.615311314024006
478441.0;2211159.0998;0.41878641043507575;0.061654085200940616;0.08627702157312632;0.8375728208701515
478387.0;7010833.364900001;0.23701244307042524;0.06175999309637422;0.2735550877020935;0.4740248861408505
477789.0;5735945.433200003;0.23191576747589648;0.06293282497543526;0.22381034812340464;0.46383153495179297
477521.0;5329818.642900001;0.2325543794200429;0.06345844193795759;0.20796372277143105;0.4651087588400858
477434.0;2569979.9795999997;0.4103864395670926;0.06362907132504506;0.10027782178247936;0.8207728791341852
474648.0;5134387.154200003;0.2332312628773444;0.06909313422648992;0.20033819877898604;0.4664625257546888
473531.0;7438218.439100003;0.20330425178513842;0.07128385865610726;0.29023118815552584;0.40660850357027684
472913.0;4995016.390100004;0.2537904299519882;0.07249591568162518;0.19490010324709678;0.5075808599039764
470093.0;1953497.7158000004;0.4380318318066542;0.07802666133204675;0.0762233547935896;0.8760636636133085
470051.0;2331938.4063999997;0.41324622536065386;0.07810903413960622;0.09098969866726121;0.8264924507213077
470000.0;7163944.2039;0.22228962207958566;0.07820905826307128;0.2795293060026569;0.4445792441591713
465778.0;2390629.2053;0.4014972782489764;0.0864894866801209;0.09327974976457816;0.8029945564979528
464005.0;6436570.8078999985;0.22063311221730764;0.08996679591352424;0.25114798772298785;0.4412662244346153
461286.0;4748550.316300002;0.23233070351753662;0.09529945457433851;0.1852832652872187;0.46466140703507325
460734.0;7102951.853;0.19978870637553597;0.0963820686165487;0.27714945085117954;0.39957741275107195
460587.0;2059273.2840000002;0.4373145152142341;0.09667037344300684;0.08035060234458063;0.8746290304284682
459845.0;1599894.7416000003;0.462081971359699;0.09812562637655749;0.062426151581873875;0.924163942719398
457433.0;1790042.6531000002;0.4569183973866053;0.10285617903925849;0.06984551614232286;0.9138367947732106
456504.0;6288102.7739;0.21050756859078618;0.10467818709218106;0.24535492662055694;0.42101513718157235
455364.0;1705218.7671000003;0.45569123544238604;0.10691402044022381;0.06653578042814456;0.9113824708847721
454866.0;4572108.593300002;0.23239857784312493;0.1078907265870004;0.17839870128499583;0.46479715568624985
453693.0;6639166.143400002;0.20877418512642443;0.11019128142669703;0.2590530372208415;0.41754837025284885
453441.0;6738198.079400002;0.20402639938732806;0.11068551827205385;0.2629171555827782;0.4080527987746561
451562.0;4911487.022500003;0.22924543821691;0.11437072078167872;0.19164087823200548;0.45849087643382
449830.0;1484053.679;0.468996538452352;0.11776761846484544;0.057906159394112214;0.937993076904704
449746.0;6202953.863400001;0.21070336150545682;0.11793236407996438;0.24203250880412702;0.42140672301091364
448623.0;1371469.3893000002;0.4740796936395925;0.12013485605351878;0.053513242940420314;0.948159387279185
448422.0;1865498.1705999998;0.4522617634247622;0.12052906877541054;0.07278970831363596;0.9045235268495244
446565.0;4456944.5391;0.2672872829568296;0.12417112362393283;0.17390512522818427;0.5345745659136591
446081.0;6064946.4158000015;0.19857189393245514;0.12512037216818958;0.2366476083983108;0.3971437878649103
443440.0;1146454.0132000002;0.4869855065870846;0.13030005275782197;0.04473338785906466;0.9739710131741692
442116.0;1251922.4264000002;0.4819307905088118;0.13289675745326815;0.048848650556245904;0.9638615810176236
438258.0;1057261.8434000001;0.4909992128884398;0.14046328820480233;0.041253206465204494;0.9819984257768796
435313.0;4638484.9281;0.21129013055715154;0.14623919102057947;0.18098863362862613;0.4225802611143031
429749.0;4227867.254600001;0.2234791249762011;0.15715162676488642;0.16496677890181305;0.4469582499524022
427444.0;4144547.0971;0.22098968761390697;0.16167232489404307;0.16171571703713128;0.44197937522781394
427376.0;4047950.0572;0.2105878995430133;0.1618056903919965;0.15794660567101285;0.4211757990860266
425499.0;3849027.8271000013;0.2280706187717365;0.16548697038697568;0.15018487674826622;0.456141237543473
424508.0;793398.4898;0.49700188239529214;0.16743057639391462;0.03095754558175029;0.9940037647905843
422033.0;928354.0582;0.49536115687086796;0.17228468826795482;0.036223364982676025;0.9907223137417359
421629.0;5945450.954600002;0.20218974968597575;0.173077036226384;0.23198502555441886;0.4043794993719515
419803.0;676362.0760999998;0.4969105112830624;0.17665829209789813;0.02639091209501947;0.9938210225661248
419154.0;572269.1632999998;0.49354051211113126;0.1779311481004242;0.022329319926429034;0.9870810242222625
415514.0;485294.5172;0.4924198146574013;0.1850701247555783;0.01893566389391494;0.9848396293148026
415365.0;0.0;0.44503805651546546;0.18536235209668214;0.0;0.8900761130309309
415106.0;5410148.235100004;0.20275874153945808;0.18587031774329887;0.21109809603286978;0.40551748307891616
413572.0;3719160.391699999;0.22866683312229677;0.18887888647654238;0.14511759075936292;0.45733366624459354
413083.0;3496582.0314;0.24401534660253107;0.18983794130741335;0.13643282538221252;0.48803069320506215
413083.0;3603037.6836000006;0.24362845158750646;0.18983794130741335;0.14058660907071843;0.4872569031750129
410580.0;5794349.620700002;0.1979347695610425;0.19474696838649322;0.22608921595582523;0.395869539122085
407957.0;5656604.200300003;0.18794458110301415;0.1998913463443144;0.2207145395661774;0.3758891622060283
395831.0;3399374.3768000007;0.25773780324698836;0.22367355264112718;0.13263988849505876;0.5154756064939767
391263.0;3331754.5094999997;0.27865996834514206;0.23263257609188098;0.1300014348666691;0.5573199366902841
389361.0;3208028.604000001;0.27317052468711767;0.2363628875199313;0.12517378469036858;0.5463410493742353
387283.0;3140593.487800001;0.2850460266846334;0.2404383802368022;0.12254253984882825;0.5700920533692668
382362.0;2157794.524200001;0.425721579072475;0.2500897275225201;0.08419479391221385;0.85144315814495
376178.0;2820017.4813;0.3299034559146294;0.2622181428069907;0.11003401297207435;0.6598069118292588
374851.0;2607155.9576000003;0.39205425064870786;0.2648207312744054;0.10172838798379805;0.7841085012974157
373353.0;2413008.745000001;0.37883382948101574;0.2677586947440265;0.09415297504704123;0.7576676589620315
370097.0;3048861.081300001;0.30198690194785927;0.27414454858720827;0.1189632411835847;0.6039738038957185
366077.0;2509086.7574;0.37612048566311673;0.2820288030250433;0.09790183452498996;0.7522409713262335
357784.0;2710370.0533;0.3310625842534359;0.298293510003393;0.10575568966560152;0.6621251685068718
356416.0;1846489.4989000002;0.43308754941346994;0.3009765100210443;0.07204801063187001;0.8661750988269399
354859.0;2276908.5400000005;0.3949999917718268;0.3040301876727132;0.0888424931717415;0.7899999835436536
352622.0;2918485.347600001;0.324499983789292;0.30841752030391645;0.11387612194821872;0.648999967578584
339452.0;1962194.8722000006;0.4110461385481961;0.3342472792457789;0.07656270837082227;0.8220922770963922
326945.0;2065138.7219000002;0.3989927418095677;0.3587767245825954;0.08057946534782627;0.7979854836191353
326572.0;0.0;0.40349101992494796;0.35950827356401643;0.0;0.8069820398498959
219087.0;0.0;0.33307120891192066;0.5703140169099606;0.0;0.6661424178238413
136220.0;0.0;0.2485668685329329;0.7328375274821183;0.0;0.4971337370658658
35662.0;0.0;0.16838042243881998;0.9300576413527184;0.0;0.33676084487763996
