500464.0;8644673.858300002;0.23162534177601943;0.01846131517993555;0.3373057655745584;0.46325068355203886
500394.0;8499794.674900003;0.23162534177601943;0.01859860319253467;0.33165273751663654;0.46325068355203886
500098.0;8157168.833600002;0.23162625058085723;0.01917913536009665;0.31828385008378535;0.46325250116171446
499603.0;4373678.581099998;0.28274549454420306;0.020149957734904692;0.17065617816900477;0.5654909890884061
498725.0;3930098.368;0.2942122669129718;0.02187194166436219;0.15334816102157195;0.5884245338259436
498387.0;3733304.2855999996;0.2996985251784076;0.02253484663948364;0.14566947010592318;0.5993970503568152
498369.0;7398334.715800001;0.2602698358298624;0.022570149271294842;0.2886749686795586;0.5205396716597248
497629.0;7800421.415100001;0.23159621866241772;0.024021479690199795;0.3043639540777197;0.46319243732483545
496947.0;3509530.3915999993;0.31008528163303356;0.025359057184379762;0.1369380563049503;0.6201705632660671
496583.0;7869934.700500002;0.2315862837121627;0.02607295484989517;0.30707628681968174;0.4631725674243254
495357.0;6140905.647500003;0.2793759083087535;0.028477456327702565;0.2396114549494938;0.558751816617507
495247.0;4147827.4703999995;0.2890501989077666;0.02869319463321546;0.16184371363312366;0.5781003978155332
495149.0;7271821.411299997;0.2652453122469416;0.028885397850854224;0.283738557227926;0.5304906244938832
495086.0;4011154.4704999994;0.28902287392155307;0.02900895706219343;0.15651088192422366;0.5780457478431061
494958.0;3411174.5968000004;0.31520585194525036;0.02925999799951753;0.1331003202367637;0.6304117038905007
494843.0;8353505.723000003;0.231576086588671;0.02948554259164465;0.3259447018261573;0.463152173177342
494064.0;3244360.3181999982;0.3258404560570522;0.03101336204614054;0.1265914086370603;0.6516809121141044
494014.0;7984677.909400002;0.23157608658867096;0.031111424912282765;0.31155344195091156;0.4631521731773419
493538.0;7682590.480200004;0.24643898770086098;0.032044983397956764;0.2997663192384772;0.49287797540172196
493491.0;7040984.543700002;0.24350795244653872;0.03213716249213046;0.27473155388402415;0.48701590489307744
493300.0;3326418.5623;0.32054470940989843;0.03251176264079376;0.1297932320142696;0.6410894188197969
493262.0;3849004.9259999995;0.29463690130859127;0.03258629041906185;0.15018398317226844;0.5892738026171825
493020.0;3151639.4335999996;0.3204685087723942;0.03306091469119023;0.1229735406321587;0.6409370175447884
491235.0;2908014.731599999;0.3341242205587269;0.036561759012467714;0.11346756990752759;0.6682484411174539
490325.0;7514879.517500002;0.22402030662658232;0.038346503176256236;0.2932224200010923;0.44804061325316463
489254.0;5887809.257500003;0.27386135594863165;0.040447009769022726;0.22973590926755463;0.5477227118972633
487786.0;6896849.139500002;0.23915115153168096;0.043326135518958496;0.26910754728099884;0.4783023030633619
486457.0;2787393.9995999993;0.36313092529048135;0.04593264650101887;0.108761080221701;0.7262618505809627
485647.0;6755151.429800001;0.2703864622733842;0.04752126493252294;0.26357865686431403;0.5407729245467684
485511.0;2682137.3375999993;0.3553177758658598;0.0477879959284298;0.10465407982588568;0.7106355517317196
483666.0;3031671.4786999985;0.33039521967366486;0.051406515689077954;0.11829252159832823;0.6607904393473297
483233.0;6668351.623500002;0.23916800779318004;0.052255740109869636;0.2601918228905102;0.4783360155863601
481117.0;7582872.498700002;0.21549058836991916;0.05640576060500866;0.2958754321277838;0.4309811767398383
479485.0;2592290.8152999994;0.4033498287374588;0.05960653255589093;0.10114836630963595;0.8066996574749176
478753.0;2496173.4195999997;0.3778663675515978;0.061042172916213125;0.09739797013818374;0.7557327351031956
478312.0;6256203.205600003;0.2609357183804333;0.06190708739558756;0.24411024018318514;0.5218714367608666
477892.0;6588741.098;0.2338747187677319;0.06273081547118227;0.2570855068291138;0.4677494375354638
477837.0;2294387.2692;0.4090862937554168;0.06283868462393871;0.08952449416226071;0.8181725875108335
477179.0;5978138.705100004;0.2455651145967021;0.06412919194237042;0.2332604660034217;0.4911302291934042
476809.0;7168955.698200002;0.23191592279691853;0.06485485715182289;0.27972484905601475;0.46383184559383706
475852.0;2396303.1814;0.4003830406155569;0.0667317804097851;0.09350114213676404;0.8007660812311138
475420.0;6065249.641400005;0.23075886118860406;0.06757904357325394;0.23665943993120928;0.4615177223772081
474217.0;5455964.939000004;0.25938658151893856;0.06993843613263591;0.21288581395472686;0.5187731630378771
473580.0;5037978.529300001;0.28093012392177547;0.07118775704728787;0.19657643916110726;0.5618602478435509
473370.0;2195609.6648000004;0.41458533833059047;0.07159962108508523;0.08567029954255591;0.8291706766611809
472763.0;5330355.747700002;0.24159360875026112;0.07279010428005185;0.20798468001617246;0.48318721750052224
472461.0;5673593.563000004;0.23837429678840028;0.07338240399155091;0.22137744600846562;0.47674859357680055
470691.0;2090291.5859;0.43186461287941796;0.07685382945298572;0.08156090272614526;0.8637292257588359
470486.0;5792787.654700002;0.23400596765389362;0.07725588720416884;0.2260282697424611;0.46801193530778723
469036.0;5573185.544100004;0.23085863943320512;0.08009971032229342;0.21745963438942215;0.46171727886641023
467502.0;1815644.6270000003;0.4627274979308743;0.08310827905553693;0.07084447730015393;0.9254549958617486
465227.0;6509455.120000001;0.2242950206836314;0.08757013946500823;0.25399185425794824;0.4485900413672628
464724.0;6357270.038800002;0.21610978229947686;0.08855665189839902;0.2480537580191982;0.4322195645989537
464521.0;1694437.8962000005;0.45619942181299716;0.08895478713493646;0.06611512257891947;0.9123988436259943
464145.0;1612135.3116000004;0.46142705025793346;0.08969221988832601;0.06290376530132666;0.9228541005158669
464085.0;4884767.410500002;0.2556095236594654;0.08980989532769668;0.19059830805188677;0.5112190473189308
464080.0;1909612.4432;0.4542979441671695;0.0898197016143109;0.07451099921899743;0.908595888334339
462499.0;1523948.2196000002;0.4748114601462315;0.0929204494417281;0.059462800949352405;0.949622920292463
458335.0;5212628.253000002;0.2213894977127083;0.10108712493405272;0.2033910813009553;0.4427789954254166
452893.0;1446224.6084;0.46748258944384435;0.11176028728497266;0.056430110230330774;0.9349651788876887
452816.0;1350586.7698000001;0.4664973232543193;0.11191130409883168;0.05269842585499763;0.9329946465086386
450219.0;4771525.674500001;0.2479334502535253;0.11700468936625892;0.18617973875909635;0.4958669005070506
449110.0;1184087.9294999996;0.48174360200135374;0.1191797237372935;0.04620182231445503;0.9634872040027075
448238.0;4680871.025000001;0.23483212469674875;0.12088994012281393;0.18264249299902277;0.4696642493934975
448031.0;4610970.286;0.2744271851157539;0.12129592038864274;0.17991504223927146;0.5488543702315078
437635.0;4492650.471100001;0.24637290872199336;0.14168515151693448;0.17529833183449825;0.4927458174439867
434233.0;4371508.363899999;0.24267227857459567;0.14835734892925156;0.17057149865580304;0.48534455714919134
432724.0;952980.2455000001;0.4974977544308067;0.15131688622942396;0.03718425200936629;0.9949955088616134
432084.0;831096.5467999998;0.49763366650920154;0.15257209091604446;0.03242848273744755;0.9952673330184031
431215.0;2016178.2581000004;0.4244450471876065;0.15427642352959636;0.07866908133616246;0.848890094375213
427555.0;4249461.668099999;0.2665853400845796;0.16145462533120733;0.1658093694144392;0.5331706801691593
427408.0;706701.6239000001;0.496612617928768;0.16174293015766547;0.02757472823031986;0.993225235857536
424783.0;1070702.9457000003;0.4810770519180795;0.16689123063013236;0.041777663648411525;0.962154103836159
424577.0;4139713.907899999;0.25799896063115996;0.16729524963863834;0.16152713125471826;0.5159979212623199
423661.0;610876.133;0.49403934077046185;0.16909176134636392;0.023835721866470906;0.9880786815409237
422067.0;474286.97300000006;0.4933240199688091;0.17221800551897812;0.018506161499222292;0.9866480399376182
418231.0;0.0;0.4450380565154654;0.17974138860940972;0.0;0.8900761130309308
410891.0;3632995.4035000014;0.2849565414862839;0.19413701735908856;0.14175552669692085;0.5699130829725678
410891.0;3711202.193700002;0.2846176118514277;0.19413701735908856;0.1448070705346577;0.5692352237028554
410246.0;4073275.852500002;0.27282487913251574;0.19540202833232329;0.15893479064044921;0.5456497582650315
408623.0;3897546.444900003;0.24824474595371457;0.19858514896729995;0.1520780204098904;0.49648949190742914
408510.0;3549793.4647000013;0.29549939764382566;0.1988067710447814;0.13850907759725054;0.5909987952876513
407777.0;3374923.7917000013;0.28996965446709316;0.20024437266242642;0.13168585327509696;0.5799393089341863
407495.0;3801030.838600001;0.2667098573826892;0.2007974472274686;0.14831208649421612;0.5334197147653784
403932.0;3459699.885700002;0.27374911809103813;0.20778540706876364;0.1349937241974494;0.5474982361820763
401473.0;3252968.4569000015;0.29185312450317796;0.21260813882563834;0.12692728884052093;0.5837062490063559
381867.0;3161495.719800002;0.2755764990480071;0.2510605498973282;0.12335812219265584;0.5511529980960141
380245.0;3042190.560700001;0.30743835279651044;0.254241709274982;0.11870296472959174;0.6148767055930209
375240.0;2358139.2603999986;0.3888796061297893;0.26405780217581887;0.09201202747480687;0.7777592122595786
375235.0;2221656.9085999997;0.3916168978345662;0.2640676084624331;0.08668663464727826;0.7832337956691324
366251.0;2149975.8797999998;0.38713862604703064;0.28168754425086834;0.08388971891709816;0.7742772520940613
357766.0;2947289.4678999996;0.30541305329120366;0.29832881263520417;0.11500002737354188;0.6108261065824073
356834.0;2772161.754100001;0.35330849099630934;0.3001567044600953;0.10816673458020945;0.7066169819926187
355808.0;1922609.9997000005;0.4239422675047744;0.30216895447333375;0.07501814972781876;0.8478845350095487
352672.0;2562696.5776;0.37561558976010034;0.3083194574377742;0.09999363136328403;0.7512311795202007
346019.0;2457337.4951;0.37928486763403435;0.32136770240665885;0.0958826346310274;0.7585697352680687
339389.0;0.0;0.4026121175823478;0.33437083845711807;0.0;0.8052242351646955
246617.0;0.0;0.3598731483630104;0.5163206028120507;0.0;0.7197462967260208
154259.0;0.0;0.28126672739339775;0.6974584066353258;0.0;0.5625334547867955
54771.0;0.0;0.18958591971744432;0.8925799751704823;0.0;0.37917183943488864
