497881.0;9267582.038099997;0.22669968252973058;0.023527242844842974;0.3616109648121628;0.45339936505946116
496728.0;8223544.375199999;0.2807705371829861;0.025788572538082713;0.3208737514776149;0.5615410743659722
496674.0;8824453.428299997;0.22574471500956683;0.025894480433516318;0.3443205687339963;0.45148943001913366
496654.0;8082637.824699999;0.23384314190563843;0.02593370557997321;0.315375731231861;0.46768628381127686
496448.0;7978215.250699997;0.25594032372907827;0.026337724588479182;0.31130127604203117;0.5118806474581565
493781.0;4909457.916400002;0.26165610453596366;0.03156839786850554;0.1915617047203483;0.5233122090719273
493017.0;9409626.535499997;0.21858974977564777;0.03306679846315876;0.36715338650747736;0.43717949955129554
492989.0;4733604.229100002;0.2737849983150559;0.03312171366819841;0.1847000852311545;0.5475699966301119
492985.0;9063428.104299998;0.21858974977564777;0.033129558697489785;0.3536451005049339;0.43717949955129554
492424.0;3642584.4230999984;0.33610196034647477;0.03422982405560557;0.14212967980556368;0.6722039206929495
491950.0;3504707.2807;0.3370209173226264;0.03515946002663387;0.13674986376683465;0.6740418346452528
491866.0;3388001.3478;0.3370209173226264;0.035324205641752815;0.13219612528124317;0.6740418346452528
491712.0;3278349.6876;0.3448027721829473;0.03562623926947087;0.1279176368389324;0.6896055443658946
490622.0;8669362.575399997;0.21760078695780952;0.03776400975137141;0.3382690924459905;0.43520157391561903
490302.0;8580981.633;0.2175861216799099;0.03839161209468166;0.33482056426238427;0.4351722433598198
490190.0;8403230.519099997;0.22377340145420044;0.03861127291484025;0.3278849092523107;0.4475468029084009
489742.0;3097013.9462999995;0.35310222205110775;0.039489916195474595;0.1208421135690175;0.7062044441022155
489494.0;4544025.924200002;0.2856500852679939;0.039976308011540035;0.17730294610030975;0.5713001705359878
488925.0;9167259.292799996;0.21010603883066103;0.041092263428238573;0.3576964804761843;0.42021207766132207
487799.0;4439652.5969;0.2859671137627263;0.043300639173761514;0.1732304124631166;0.5719342275254526
487056.0;3001358.102799999;0.3652712124396016;0.044757853364635;0.11710972666208186;0.7305424248792032
486634.0;2890551.2319;0.3726642039238816;0.045585503954875393;0.11278616315552345;0.7453284078477632
486206.0;2750363.4255999993;0.37624036246037573;0.04642492208905285;0.10731618752621282;0.7524807249207515
485409.0;7654598.892299999;0.23220694697635436;0.04798804417535994;0.29867411794308724;0.4644138939527087
484912.0;4151679.539999999;0.30258975400274324;0.04896278906481367;0.16199401719653997;0.6051795080054865
484462.0;3981560.9569999995;0.29143877005156715;0.049845354860093706;0.15535617523536757;0.5828775401031343
483547.0;4291338.7865;0.2788904646816832;0.051639905310496455;0.16744336899770934;0.5577809293633664
483313.0;7575192.707399995;0.23643439637698038;0.052098839524042075;0.29557577502950994;0.47286879275396076
482941.0;3875646.8942;0.30243147896866923;0.052828427248140235;0.15122352377581427;0.6048629579373385
482565.0;2480897.1279999996;0.405006238302018;0.05356586000152978;0.09680190586580742;0.810012476604036
481462.0;7415974.365599996;0.2258931720455718;0.055729126828627296;0.2893632486167528;0.4517863440911436
480838.0;7845851.344499997;0.2102401079650006;0.056952951398082284;0.30613658047953024;0.4204802159300012
477702.0;2142621.5638;0.44418974870175026;0.06310345436252272;0.08360276151080165;0.8883794974035005
477639.0;7256213.658899998;0.22586064902410768;0.06322701357386193;0.283129559715877;0.45172129804821537
477300.0;2607789.121199999;0.38963355770002606;0.06389187980630623;0.10175309333837038;0.7792671154000521
477155.0;3768772.2672;0.315335969199152;0.06417626211811868;0.14705339214660096;0.630671938398304
476586.0;7027310.359500001;0.23867184280811865;0.06529221753481722;0.2741980020987523;0.4773436856162373
475233.0;2407361.807999999;0.41089631911071667;0.06794579869262588;0.09393263771110943;0.8217926382214333
474791.0;6706892.758300001;0.24717265137707045;0.06881267442932315;0.26169565602440503;0.4943453027541409
474452.0;1858065.7455999993;0.4501487464238333;0.06947754066176745;0.07249970317916885;0.9002974928476666
474256.0;2292920.9915;0.4190244313937309;0.06986194709704498;0.08946728160222081;0.8380488627874618
473110.0;7156324.9279000005;0.23240768779718038;0.0721095479890248;0.2792320101455279;0.46481537559436076
471124.0;2030869.0414999996;0.44425304463286763;0.07600460503219404;0.07924229971580891;0.8885060892657353
470202.0;6858250.780200002;0.23418288709776452;0.0778128842838567;0.2676014813093939;0.46836577419552905
468416.0;1624158.7259999996;0.46773822432459977;0.08131568986245702;0.06337290584560736;0.9354764486491995
466529.0;1525389.8781999997;0.47068561089543903;0.08501658243066465;0.059519052898904336;0.9413712217908781
465785.0;1734596.6303999994;0.4620149824979705;0.08647575787886098;0.06768207268089817;0.924029964995941
461545.0;6591673.354999998;0.23309483102161116;0.09479148892772178;0.25719992030595024;0.4661896620432223
459102.0;6201412.3826;0.22461570394554872;0.09958284056743097;0.2419723619009719;0.44923140789109745
457441.0;6080669.991700001;0.21123967865372967;0.10284048898067573;0.23726112521727408;0.42247935730745934
457413.0;5904953.370600003;0.2176258840154922;0.10289540418571538;0.2304048539020292;0.4352517680309844
454097.0;6009285.557000001;0.21741082993018934;0.10939893346826783;0.23447578226607965;0.4348216598603787
454033.0;5374106.741599999;0.258593253154649;0.10952445393692989;0.2096917961820319;0.517186506309298
453174.0;5545437.067600001;0.255096942919314;0.11120917397725334;0.21637691903627151;0.510193885838628
452113.0;6325152.034700002;0.20931447861493824;0.11329006799679138;0.24680054845464353;0.4186289572298765
451190.0;5809889.892600002;0.21756780842579695;0.11510030850577688;0.22669558045220625;0.4351356168515939
451182.0;5460524.466200001;0.21910817240992217;0.11511599856435964;0.21306372174373805;0.43821634481984434
450923.0;5059487.3583;0.24127744419397368;0.11562396421097637;0.19741569025968875;0.48255488838794736
449890.0;1177534.1375000002;0.4843920646919637;0.11764994302547477;0.045946100483393267;0.9687841293839274
449319.0;1252959.9592000002;0.48208054467598865;0.118769820956819;0.048889133956909615;0.9641610893519773
446279.0;1102213.9683;0.48777917391004655;0.12473204321826636;0.04300718945544068;0.9755583478200931
445473.0;5222125.544;0.23123436199991054;0.12631281662047905;0.2037616552594584;0.4624687239998211
441884.0;4635160.523400001;0.24156561239318117;0.13335176915216806;0.18085891897532708;0.48313122478636233
438957.0;1360359.3729;0.48044890115676314;0.139092369336134;0.05307974219200864;0.9608978023135263
433042.0;977662.9595000006;0.4973476100900507;0.1506932064007594;0.0381473446463701;0.9946952201801014
430673.0;859171.1115000005;0.496969589187808;0.15533942499857809;0.033523921697266035;0.993939178375616
429165.0;757745.3316;0.4966946117686163;0.15829700104142763;0.0295663981516763;0.9933892235372326
427112.0;557668.7091000001;0.4936619360088823;0.16232346232522746;0.02175962609385735;0.9873238720177646
421101.0;465805.9832;0.4915449846707827;0.17411258009284591;0.018175242507458087;0.9830899693415655
420124.0;1449038.7833000002;0.4736208797115525;0.17602872849726503;0.056539916272139265;0.947241759423105
417681.0;366731.1317;0.4902133809463729;0.1808200801369742;0.014309449629418262;0.9804267618927458
417578.0;0.0;0.4443629522630663;0.1810220896412272;0.0;0.8887259045261326
414696.0;4860434.408800001;0.2290098653494955;0.18667443324566513;0.18964886080822177;0.458019730698991
413384.0;4950331.1195;0.2210063428044066;0.18924760285323716;0.19315653262121724;0.4420126856088132
409674.0;4559690.679200002;0.2532212316362238;0.19652386752099035;0.17791416779177238;0.5064424632724476
405012.0;4130620.068199999;0.25897327644797147;0.20566724916009155;0.1611722995268474;0.5179465528959429
404481.0;4028155.049;0.23831093718023963;0.206708676798522;0.15717422599482125;0.47662187436047926
401221.0;3926697.686599999;0.24555099189317506;0.21310237567099516;0.1532154701344541;0.4911019837863501
399814.0;3826730.976099999;0.24555099189317506;0.2158618647242374;0.1493148778888834;0.4911019837863501
398676.0;3125135.3777999985;0.324002260448314;0.21809377555763448;0.12193938122036474;0.648004520896628
393646.0;2216307.9209000003;0.4277131901500558;0.22795889989154247;0.08647792296876133;0.8554263803001116
393140.0;3430503.5424999995;0.3045712643334695;0.2289512960969018;0.1338545146614414;0.609142528666939
388672.0;2140890.2011;0.4252664240787525;0.23771419381537115;0.08353520562256533;0.850532848157505
387639.0;2986615.455299999;0.3692208154293051;0.23974017262986955;0.11653448460169935;0.7384416308586103
383960.0;3727560.7157;0.28915308431479525;0.24695563832061457;0.1454453622594033;0.5783061686295905
382921.0;2880218.728399999;0.33338354785847063;0.24899338467905005;0.11238300011426847;0.6667670957169413
382019.0;1923773.7459999998;0.4393971089979074;0.2507624387842558;0.07506355784188877;0.8787942179958148
380481.0;2027349.1405;0.42307924629299704;0.2537788525467907;0.07910495700965099;0.8461584925859941
378815.0;3301926.9105;0.3061934329650293;0.2570463072466497;0.1288375944163685;0.6123868659300586
378689.0;2389218.1597000007;0.3986010682375212;0.2572934256693281;0.09322469230096878;0.7972021364750425
377810.0;2767517.495799999;0.3461575672404514;0.25901737085610843;0.10798552067589264;0.6923151344809028
377604.0;1851470.5802000004;0.4307147440901853;0.2594213898646144;0.07224236700306758;0.8614294881803706
376596.0;3578912.803099999;0.2847689960968995;0.26139833724604167;0.13964528248977004;0.569537992193799
366017.0;2595297.784200001;0.3901859377434899;0.282146478464414;0.10126569496349835;0.7803718754869798
364385.0;2498078.633100001;0.38993035586885216;0.28534725041529624;0.0974723094954267;0.7798607117377043
353351.0;2663033.5287;0.3669609883634913;0.3069877637155628;0.10390866999411771;0.7339219767269826
346268.0;2275787.4971000007;0.4027602261498257;0.32087934933327056;0.08879875129786348;0.8055204522996514
298941.0;0.0;0.3893039378673138;0.4136997746515336;0.0;0.7786078757346276
199443.0;0.0;0.33173961693416126;0.6088409557599186;0.0;0.6634792338683225
44897.0;0.0;0.15520757085566864;0.9119454299762492;0.0;0.3104151417113373
