500173.0;4536456.204600001;0.2668556548462961;0.019032041060883312;0.1770075838799743;0.5337113096925922
499972.0;8465801.2337;0.23945247845718062;0.01942625378277506;0.33032635043755987;0.47890495691436125
499969.0;8721960.237;0.21754761253585883;0.019432137554743593;0.34032139595728916;0.43509522507171766
499727.0;9011299.496;0.209008168636875;0.019906761826871972;0.35161109894291026;0.41801633727375
499695.0;9355861.381399998;0.20710590061946157;0.019969522061202997;0.365055528709462;0.41421180123892315
498431.0;4397423.5327;0.26356857937663125;0.022448551317278482;0.17158268033776847;0.5271371587532625
497714.0;4110261.0945999995;0.2642148068316965;0.023854772817758007;0.16037791453453598;0.528429613663393
496725.0;8591561.349499999;0.2335020285064769;0.02579445631005125;0.33523337328584646;0.4670040570129538
496229.0;7175295.160700001;0.2241340126364947;0.026767239942182133;0.2799722079832506;0.4482680252729894
494104.0;3972934.2429999993;0.30249243892715216;0.030934911753226758;0.15501957024391738;0.6049848778543043
493697.0;8317427.712899999;0.2239946949270838;0.03173314348362448;0.32453697713733004;0.4479893898541676
493584.0;3734757.6971000005;0.30500829829902043;0.031954765561105915;0.14572618064084195;0.6100165965980409
493056.0;8860969.972799998;0.20946041195440435;0.032990309427567824;0.3457454045578353;0.4189208239088087
492937.0;9215719.604299998;0.20709223569166668;0.033223699048986324;0.3595873490894398;0.41418447138333336
492715.0;3233738.3116999995;0.3152700822247422;0.03365909817465781;0.1261769495038242;0.6305401644494844
491795.0;3433282.6601999993;0.3138113076433784;0.035463454911674776;0.1339629528094602;0.6276226152867568
491694.0;4293452.461;0.25353847633974896;0.035661541901282075;0.16752584227629502;0.5070769526794979
491554.0;3117954.7717;0.3249565776239919;0.035936117926480306;0.12165920178531019;0.6499131552479838
490593.0;7001676.754400003;0.2420833344440896;0.037820886213733904;0.2731978067259229;0.4841666688881792
488811.0;3856284.8454;0.30366999855101495;0.041315846763042854;0.15046803770420206;0.6073399971020299
487833.0;3539266.6021;0.31010015217342496;0.0432339564247848;0.13809833087544301;0.6202003043468499
487362.0;2991954.9605000005;0.34293336553848924;0.04415770862384458;0.11674282628338657;0.6858667310769785
486939.0;8132811.138599998;0.22402830093353177;0.04498732047140781;0.31733343933442903;0.44805660186706353
485945.0;6804532.920000002;0.21031214731593761;0.04693681025031527;0.26550546886788445;0.42062429463187523
485351.0;6699894.9859000025;0.24024791678832735;0.04810179710008492;0.2614226105613386;0.4804958335766547
485284.0;7506298.696099997;0.20554913121671653;0.04823320134071551;0.29288760568894695;0.41109826243343306
485228.0;6412637.210899999;0.2250858026083899;0.0483430317507948;0.25021412481602734;0.4501716052167798
484745.0;2856398.3278000006;0.3554021269770256;0.04929031903772871;0.11145355400763939;0.7108042539540512
483312.0;3631896.896599999;0.30167571601326937;0.05210080078136492;0.14171266415323583;0.6033514320265387
481396.0;6342390.788199999;0.21889347724272618;0.05585856981193504;0.2474731858545247;0.43778695448545235
481283.0;2599159.436699999;0.4006706187469309;0.056080191889416466;0.10141637244124312;0.8013412374938618
480947.0;2747077.544599999;0.374282505785675;0.05673917434989223;0.10718797602576069;0.74856501157135
479526.0;5557302.8617;0.24731711683446617;0.059526121005654305;0.21683990940799128;0.49463423366893233
479358.0;7610059.043299999;0.2001855076004886;0.05985561223589218;0.29693622150977117;0.4003710152009772
478745.0;2489254.1433999995;0.4037415914115558;0.06105786297479588;0.09712798751141039;0.8074831828231116
476631.0;7991397.622100004;0.18968798496489486;0.06520396095528921;0.31181563782710864;0.3793759699297897
474382.0;7375846.852100001;0.19143996881371553;0.06961482867436657;0.2877975167125093;0.38287993762743106
472523.0;5652332.96;0.2466797293430193;0.07326080603753454;0.22054788041824874;0.4933594586860386
472501.0;6013949.353099999;0.23792590763617258;0.07330395369863713;0.2346577585140885;0.47585181527234516
472083.0;2072657.3874999995;0.4196193835948491;0.07412375925958614;0.08087283549664592;0.8392387671896983
471350.0;7260233.2025;0.18151249440328512;0.07556136087723117;0.28328639793250415;0.36302498880657025
470218.0;5912293.486300001;0.2303931988158404;0.07778150416669118;0.23069125722807446;0.4607863976316808
468556.0;2382239.1225999994;0.39998269165395584;0.08104111383725879;0.09295237786891777;0.7999653833079117
466583.0;1927752.6752999998;0.4288892665840645;0.08491067453523105;0.07521881133273214;0.857778533168129
465203.0;5800991.583699998;0.2252327111740138;0.08761720964075649;0.22634837812334654;0.4504654223480276
463389.0;5155648.280799999;0.23303753208284525;0.09117493042439648;0.20116778479950478;0.4660750641656905
462244.0;5346188.285999998;0.20350856153883715;0.09342057005905346;0.20860244842939504;0.4070171230776743
462117.0;1789253.3573999996;0.43884684791370376;0.09366964973905471;0.06981471868313384;0.8776936958274075
461558.0;5055609.658899999;0.23668687195520866;0.0947659925825248;0.1972643866493704;0.4733737439104173
460959.0;4952078.0142;0.24065383381560781;0.09594078571890868;0.1932246945511894;0.48130766763121563
458538.0;7783555.849700001;0.18023220501206075;0.10068898969751529;0.3037058780713435;0.3604644100241215
456195.0;2202299.134999999;0.4176291142671899;0.10528421560494002;0.08593131538931711;0.8352582285343798
455003.0;1573688.0987000004;0.45782033640190833;0.1076220343337707;0.061403596897750504;0.9156406728038167
454242.0;4832187.3654;0.2365118932356647;0.10911455115645538;0.18854669191724535;0.4730237864713294
451338.0;1429626.9804999998;0.4668979103297309;0.1148100424219959;0.055782488853596476;0.9337958206594618
449842.0;1672167.1530000002;0.4506360816139161;0.11774408337697131;0.06524614241747845;0.9012721632278322
447875.0;6594511.058599999;0.1876690673767841;0.1216018765310065;0.2573106444120255;0.3753381347535682
439437.0;1010702.6033000001;0.49122396135379803;0.13815096582116865;0.039436515588958;0.9824479227075961
438900.0;1277320.4209999999;0.48016417032053854;0.13920416100353614;0.04983965266379055;0.9603283406410771
432684.0;7122635.7047000015;0.17143599708143994;0.15139533652233775;0.27791749332171767;0.3428719941628799
432148.0;1142963.8131000001;0.4869795134920673;0.1524465704473824;0.04459720404969993;0.9739590269841346
431991.0;6905477.4698;0.17668317750948637;0.152754487847069;0.2694442153387159;0.35336635501897273
421783.0;913742.4288000002;0.4937809049963065;0.17277500259866596;0.0356532351059628;0.987561809992613
421689.0;803241.0397000002;0.4977583748949474;0.17295936078701335;0.03134159116677115;0.9955167497898948
421345.0;711293.7162;0.49048135611189125;0.17363403330607186;0.027753906674091146;0.9809627122237825
421229.0;5452273.242499999;0.18964442354820552;0.17386153915552183;0.21274176797513128;0.37928884709641103
420439.0;5249237.262299999;0.20618685220683058;0.175410932440569;0.20481952500065662;0.41237370441366117
419392.0;576162.5206999999;0.48995455561884127;0.17746436885758723;0.02248123449486605;0.9799091112376825
419368.0;6475350.384899998;0.18159814755869838;0.1775114390333355;0.2526611246120196;0.36319629511739676
418314.0;6254555.683899999;0.18012869689502486;0.17957860425161362;0.24404595567952084;0.36025739379004973
416878.0;477714.6307;0.4890158549125827;0.18239496976721836;0.018639904972206637;0.9780317098251654
414992.0;393598.61669999996;0.48741035644977093;0.18609390107810314;0.015357789653060302;0.9748207128995419
414814.0;0.0;0.4436839244569043;0.18644300488156948;0.0;0.8873678489138086
412755.0;6150994.345799997;0.1804219033930071;0.19048123370930636;0.24000510497718838;0.3608438067860142
411148.0;4594856.220899999;0.2442036175446839;0.19363297422711753;0.1792862889567106;0.4884072350893678
407865.0;4209052.553;0.25879590662657037;0.20007178201801612;0.16423264972224294;0.5175918132531407
406492.0;3437255.5085999984;0.309895229882492;0.20276458832228164;0.13411796903020362;0.619790459764984
404430.0;4349516.7738999985;0.24451231716781097;0.20680870092198705;0.16971341074841137;0.48902463433562193
402067.0;3257310.7167999987;0.3054974221203225;0.2114431519758687;0.12709671909594764;0.610994844240645
401934.0;3679684.9991999995;0.2868211647654858;0.211703999199807;0.14357730390680756;0.5736423295309716
399323.0;3805288.1432999987;0.28304229693145333;0.21682484206975408;0.1484782018901993;0.5660845938629067
398799.0;3352258.6769999987;0.3000867457092436;0.2178525409069246;0.1308014851669376;0.6001734914184872
396060.0;3564375.6726;0.28348679253812126;0.2232244247141958;0.1390780594790544;0.5669735850762425
392260.0;3167445.558299999;0.3207639944237666;0.230677202541005;0.1235902784154565;0.6415279888475331
388953.0;4047262.539899999;0.27154673315509986;0.23716308050765184;0.1579197794942219;0.5430934663101997
385918.0;3055519.2618999984;0.32073600171737443;0.24311549648248498;0.11922303614420769;0.6414720034347489
384836.0;2937303.3230999988;0.3116373091674347;0.24523757690580278;0.11461037887180361;0.6232746183348694
380159.0;2690247.307799999;0.3737110687262453;0.25441037740474665;0.10497052203665472;0.7474221374524906
375082.0;1604110.0400999999;0.4302227239088464;0.2643676808328283;0.0625906279416503;0.8604454478176928
373331.0;2323116.9696999993;0.3870802898488738;0.26780184240512905;0.09064549580798223;0.7741605796977477
371096.0;2445169.517499999;0.3841389009981113;0.2721852525216866;0.0954078533880171;0.7682778019962226
369303.0;2131730.1044;0.4026089753537123;0.27570178690154684;0.08317778861866483;0.8052179507074246
366469.0;2808604.408;0.3597790080774829;0.2812599901544882;0.10958868727325473;0.7195580161549658
365480.0;2610900.0944999997;0.3808213075892185;0.2831996736467815;0.10187448013072822;0.761642615178437
365188.0;2239348.443999999;0.3875834582119647;0.2837723607850521;0.0873769391041152;0.7751669164239294
357544.0;2000056.7975000003;0.41989535810561823;0.29876421176087564;0.07804003948924049;0.8397907162112365
354881.0;1782089.2867;0.42647030795797797;0.30398704001161064;0.06953518444139105;0.8529406159159559
316237.0;0.0;0.41281955234796486;0.37977786799561464;0.0;0.8256391046959297
175298.0;0.0;0.3469532727337182;0.6561955138199997;0.0;0.6939065454674364
82576.0;0.0;0.1645650500767121;0.8380472153087901;0.0;0.3291301001534242
