502075.0;9814218.2525;0.21811981994819873;0.015301729632833017;0.3829401149699723;0.43623963989639747
502075.0;9921627.519899998;0.21548882744886835;0.015301729632833017;0.38713110768572107;0.4309776548977367
501493.0;9586626.030500002;0.2173462370077737;0.016443181394728532;0.37405971416609274;0.4346924740155474
501165.0;9395268.733500002;0.22551981164390802;0.017086473796621537;0.36659316069966086;0.45103962328781605
500164.0;9015269.841700003;0.23621207017464466;0.019049692376788913;0.3517660175110237;0.4724241403492893
500039.0;9301436.492300004;0.23016065100158467;0.019294849542144478;0.3629319287697652;0.46032130200316934
499864.0;9106074.777400002;0.23195600684440393;0.01963806957364227;0.3553091272750582;0.46391201368880786
499477.0;8909899.960900003;0.23012675089930024;0.020397076157583103;0.34765459944085336;0.4602535017986005
497795.0;8625813.581599997;0.23191256445776262;0.0236959109746076;0.3365698581041875;0.46382512891552524
495788.0;4647580.1834;0.28297236299087597;0.02763215442155657;0.18134352059166836;0.5659447259817519
495382.0;4111851.6735999994;0.2885121410597783;0.02842842489463145;0.16043997719601935;0.5770242821195566
495039.0;3949605.9518999998;0.28456548358956113;0.029101136156367124;0.15410932571439398;0.5691309671791223
494332.0;8497773.429000001;0.2506083122855118;0.030487745083618206;0.3315738707014287;0.5012166245710236
494007.0;8753765.804200001;0.21383961422390438;0.03112515371354268;0.3415624145740446;0.42767922844780876
493883.0;8347395.400700003;0.22233376380255748;0.0313683496215754;0.32570628370014204;0.44466752760511497
493719.0;3856849.991899998;0.29578916264410077;0.0316899958225219;0.15049008910555833;0.5915783252882015
491458.0;3261864.141600002;0.3276911282677001;0.036124398629473385;0.12727438877595257;0.6553822565354002
490488.0;8225953.078100001;0.24511046271150988;0.03802681823263258;0.32096773644327636;0.49022092542301976
490191.0;8065278.852600003;0.2653590806699759;0.0386093116575174;0.314698403033047;0.5307181613399518
489475.0;3147768.9347000006;0.33375317010114725;0.04001357190067408;0.12282251797751383;0.6675063402022945
488799.0;7726435.587100005;0.21440907474066476;0.041339381850916984;0.30147710759116947;0.4288181494813295
488455.0;3661422.3250999996;0.2949393628254377;0.042014054369975504;0.14286471423949182;0.5898787256508754
488166.0;7611655.158300003;0.20575589150193255;0.04258085773627757;0.2969985001799496;0.4115117830038651
488159.0;4510994.165000001;0.2770855786964251;0.042594586537537484;0.17601408280623262;0.5541711573928502
488043.0;7913247.580300003;0.20509174423070822;0.04282209238698745;0.30876630825017803;0.41018348846141645
485582.0;3522630.662100001;0.3108270465349513;0.04764874665850784;0.1374492146022635;0.6216540930699026
484699.0;2883181.4301000005;0.34681601447206517;0.04938053687457956;0.1124986015101648;0.6936320289441303
483165.0;3032234.9651;0.3424131880554125;0.05238910560782306;0.11831450822438944;0.684826376110825
482442.0;2806834.8318000007;0.3701834641407309;0.05380709465223966;0.10951964033583787;0.7403669282814618
482288.0;7456498.460300002;0.20517413015786967;0.054109128279957716;0.29094445468780394;0.41034826031573934
480800.0;7163576.774900003;0.23062372258370228;0.05702747917635038;0.27951496932296604;0.46124744516740457
480776.0;7059003.793700004;0.24506345258753384;0.057074549352098644;0.27543464540788704;0.4901269051750677
478198.0;2548319.3701000013;0.4201820894523556;0.062130670730391836;0.09943264837397725;0.8403641789047112
476598.0;2743798.822000002;0.41753392338415884;0.06526868244694309;0.10706004383828588;0.8350678467683177
476132.0;7272487.582300005;0.2230631383787068;0.06618262835938864;0.2837645504953233;0.4461262767574136
475784.0;3384085.6906999997;0.2943095060944975;0.06686514590773854;0.13204334060278186;0.588619012188995
474528.0;6897788.783800002;0.2659225426993786;0.06932848510523126;0.2691442111789289;0.5318450853987572
471998.0;6980925.8022000035;0.25274425781930504;0.07429046613202792;0.27238812715524696;0.5054885156386101
471274.0;2247577.6741999993;0.4217759025567871;0.07571041643376736;0.08769803471028838;0.8435518051135742
470173.0;6604347.371300004;0.27180336830436536;0.07786976074621918;0.2576944466282908;0.5436067366087307
470071.0;1896877.6792999997;0.44529966280207023;0.07806980899314933;0.07401410259141944;0.8905993256041405
469576.0;7396887.028800003;0.20907783169615138;0.07904063136795737;0.28861848150839975;0.41815566339230276
468001.0;6477165.820700003;0.2380650257885034;0.0821296116514375;0.2527319609411177;0.4761300515770068
466918.0;6823593.613500003;0.23352116448504304;0.08425365333207813;0.2662491963836689;0.4670423289700861
466835.0;6322821.529900002;0.22992005138845512;0.08441643768987422;0.24670961469373776;0.45984010277691023
465917.0;6680369.558200004;0.20545378842829576;0.0862168719122455;0.2606607496228608;0.4109075768565915
465540.0;1628214.3380999998;0.45844541927064014;0.0869562659229579;0.0635311514158495;0.9168908385412803
465118.0;2016356.2211;0.44244871017166715;0.08778391651319828;0.07867602525873754;0.8848974203433343
464725.0;2113780.9128;0.43981858708859894;0.08855469064107618;0.08247743069732238;0.8796371741771979
463052.0;5958481.023100002;0.19501838702737428;0.09183587414219507;0.23249344464609592;0.39003677405474857
462604.0;1794591.741;0.4549701257343114;0.09271451742282943;0.0700230166012097;0.9099402514686228
461289.0;1470538.9569000003;0.47347507396882066;0.09529357080236998;0.057378829646432844;0.9469501479376413
459652.0;1354293.0006000004;0.4683610584657598;0.09850414903986648;0.052843038947160706;0.9367221169315196
457163.0;5312803.558700001;0.25503726114921693;0.10338571851642651;0.20729981270420667;0.5100745222984339
455889.0;5894219.584500002;0.21371677468931996;0.10588436034573044;0.2299860332504556;0.4274335493786399
448358.0;1254851.5553000001;0.48309902404471133;0.12065458924407259;0.04896294197802492;0.9661980480894227
442541.0;5714271.867300005;0.24275530094690995;0.13206322309105922;0.22296466917027555;0.4855106018938199
441388.0;2594630.6545;0.41367902539192436;0.13432455278429895;0.10123966428867072;0.8273580507838487
440343.0;5128091.888900001;0.24212105986572297;0.13637406668667149;0.2000925643783923;0.48424211973144593
435744.0;5476938.612700002;0.22257648531941396;0.1453938891144335;0.21370418387593523;0.4451529706388279
434335.0;5584414.844800002;0.21439984573791282;0.1481573006823214;0.2178977894813974;0.42879969147582564
434159.0;4888773.266500001;0.24992255077980227;0.14850248197114205;0.1907546121932586;0.49984510155960454
429749.0;2346839.9548999993;0.4073924765061423;0.15715162676488642;0.09157114087172481;0.8147849530122846
429207.0;994743.0161000002;0.49664075773868865;0.15821462823386817;0.03881378986593014;0.9932815154773773
429112.0;4733796.746100001;0.2179238592205509;0.1584009476795384;0.18470759703496978;0.4358477184411018
427806.0;4573115.926800002;0.23842028006728336;0.16096234974317336;0.1784380063418408;0.4768405601345667
427405.0;1553326.2743000006;0.4658208554886895;0.161748813929634;0.06060910067032576;0.931641710977379
425692.0;1119924.7956;0.49456911097680045;0.1651084477236667;0.043698246661219416;0.9891382219536009
422313.0;5005062.830200002;0.21548340842186245;0.17173553621755835;0.19529210440581893;0.4309668168437249
420188.0;2445803.3574999995;0.3927215739398479;0.175903208028603;0.09543258513498135;0.7854431478796958
419406.0;4185389.2729999996;0.24877826080613824;0.1774369112550674;0.16330933429042455;0.4975565216122765
419007.0;881751.1767000001;0.4958784873854807;0.17821945292688238;0.03440497126649838;0.9917569747709614
418688.0;4420684.837199999;0.24001201271754527;0.17884509401286977;0.17249031112306426;0.48002402543509054
418532.0;523148.97329999995;0.4907348517276126;0.17915105015523353;0.020412703572278233;0.9814697034552252
415536.0;0.0;0.4436839244569043;0.18502697709447571;0.0;0.8873678489138086
406105.0;2161750.9801999987;0.4348760000288422;0.2035235949062225;0.08434917051934981;0.8697520000576844
402922.0;4130489.333999998;0.2566080805614074;0.20976627696483663;0.16116719842064708;0.5132161611228148
397962.0;4068340.5361999986;0.2333227246529674;0.2194941132861455;0.15874221996974347;0.4666454493059348
394858.0;4304594.268599999;0.22150083277696128;0.2255818560162549;0.1679605834827309;0.44300166555392256
378557.0;3960253.104999999;0.22383659697106484;0.25755231163594355;0.15452476604059398;0.4476731939421297
378202.0;1983457.1771999993;0.4267524716669972;0.25824855798555335;0.07739234037122658;0.8535049433339944
376866.0;3684211.765899999;0.2791269913971935;0.2608687977688737;0.14375393341676354;0.558253982794387
376767.0;3509135.2450999985;0.2790177220687004;0.2610629622438353;0.13692263811857547;0.5580354441374008
372243.0;1877997.3203999996;0.4292727627957843;0.2699356903723839;0.07327741153546105;0.8585455255915686
370389.0;3815464.171899998;0.23620877593668196;0.2735718614489377;0.1488752594511547;0.47241755187336393
369806.0;2266776.7232999993;0.40422600314703916;0.274715274468156;0.08844716071100629;0.8084520062940783
368063.0;3253584.419399999;0.2960170592453329;0.27813374598187407;0.12695132302689194;0.5920341184906658
360752.0;2613761.971699999;0.38100315003809937;0.2924724982691904;0.1019861474643662;0.7620063000761987
358375.0;3140707.854999999;0.3036509080219816;0.29713440692559184;0.12254700233250135;0.6073018160439632
355828.0;3400724.130499999;0.2868158910228136;0.3021297293268769;0.13269255441543676;0.5736317820456271
347884.0;2751069.043199999;0.37328318537626465;0.31770995749955383;0.10734371995701034;0.7465663707525293
338984.0;2465877.0577999987;0.3822276712325044;0.33516514767287015;0.09621583907360212;0.7644553424650088
323480.0;2349623.4406999988;0.3676290350119898;0.3655724812062517;0.09167974945825157;0.7352580700239796
322961.0;3034812.4914;0.3284986101397511;0.36659037375680803;0.11841508049538092;0.6569972202795022
318979.0;2119289.8033999996;0.4006673770419714;0.37440010041637495;0.082692381612968;0.8013347540839428
301275.0;2006556.0746999998;0.3964068626253157;0.4091222000600145;0.07829363421213709;0.7928137252506314
294954.0;0.0;0.396179184456225;0.4215193075977147;0.0;0.79235836891245
291974.0;2213725.176799999;0.378831001246153;0.42736385441979147;0.08637714710489255;0.757662002492306
166328.0;0.0;0.33373098069672275;0.6737879920059151;0.0;0.6674619613934455
56114.0;0.0;0.16128254099833955;0.8899460065859021;0.0;0.3225650819966791
