504027.0;1.0046095659899998E7;0.22569672339490485;0.011473355338640495;0.39198771904440544;0.4513934467898097
501196.0;9778994.846799996;0.2343682965958267;0.017025674819613357;0.38156573601472976;0.4687365931916534
500257.0;9530593.494599998;0.2265697052507108;0.01886729544576437;0.37187338559793187;0.4531394105014216
494154.0;8905607.0199;0.31025736014855015;0.03083684888708453;0.3474870935552285;0.6205147202971003
491353.0;8543615.148299998;0.32222545165312605;0.03633033064837206;0.3333625646969683;0.6444509033062521
488837.0;9283870.971299998;0.2175362830690859;0.04126485407264889;0.3622465412576691;0.4350725661381718
482689.0;2645511.3809999987;0.41326314764128913;0.053322664093497056;0.10322497486098267;0.8265262952825783
481922.0;8365405.477600002;0.3061894579985951;0.05482694846011881;0.32640901729962635;0.6123789159971902
481593.0;8716018.159999998;0.2884095725694503;0.055472202119334665;0.34008954257977114;0.5768191451389006
480438.0;2892712.099599999;0.3926875982876236;0.05773745432722009;0.11287047786141066;0.7853751965752472
480129.0;2797596.1086999997;0.39583179436775073;0.058343482839979054;0.10915915541538189;0.7916635887355015
478389.0;8259110.7409999985;0.31127174534514507;0.06175607058172854;0.32226151236270084;0.6225434906902901
477354.0;2586105.6332999994;0.3861188156554208;0.06378597191087262;0.10090702723959978;0.7722376313108416
475776.0;2252332.176999999;0.4286776714503268;0.06688083596632129;0.08788355023501122;0.8573553429006536
475311.0;2401625.229299999;0.4018363601802782;0.067792820621444;0.0937088026536047;0.8036727203605564
474852.0;8063976.931800001;0.284777443366362;0.06869303773262964;0.3146476035003683;0.569554886732724
474173.0;1781480.7248000002;0.4520445214468008;0.07002473145484107;0.06951143901837756;0.9040890428936016
473815.0;7419870.435999998;0.31858716304468765;0.07072686157641941;0.28951526904349717;0.6371743260893753
473621.0;2364726.956699999;0.42396107424261276;0.07110734549705125;0.09226907221475514;0.8479221484852255
472504.0;1860459.8921000008;0.4402094878467943;0.07329806992666858;0.07259312016994464;0.8804189756935886
471519.0;7210843.2782999985;0.31885464220390425;0.07522990838967045;0.28135925684343277;0.6377092844078085
471125.0;2177128.1287999996;0.43776239034537034;0.07600264377487119;0.0849491701220991;0.8755247806907407
469886.0;9051905.151699996;0.2226314159246251;0.07843264159787557;0.3531954874354147;0.4452628318492502
468856.0;7526151.5008999985;0.27930931587821384;0.08045273664040543;0.29366224052556805;0.5586186317564277
467107.0;7692121.8514;0.2668455605812204;0.08388297569806051;0.30013822296929327;0.5336911211624408
465485.0;6381352.428399998;0.2811655149651767;0.08706413507571434;0.24899342665147312;0.5623310299303534
462150.0;1731760.0486;0.4606531456022163;0.09360492824740084;0.06757139234623812;0.9213062912044326
461585.0;7956967.653499999;0.24772163871265426;0.094713038634808;0.3104722179239758;0.4954432774253085
459596.0;1263109.0968000004;0.48414292396179504;0.09861397944994577;0.049285142260311686;0.9682858479235901
456599.0;1692828.9466999997;0.45543602197594546;0.10449186764651082;0.06605234312051948;0.9108720439518909
456432.0;6539072.732999999;0.27316571372672677;0.10481939761942587;0.25514750128306574;0.5463314274534535
453014.0;1133175.7432000004;0.4864088490565866;0.11152297514890847;0.04421528421498613;0.9728176981131732
451585.0;7085541.982199996;0.2596822807078633;0.1143256118632533;0.27647013664048653;0.5193645614157266
450736.0;1378649.1534;0.4789770058117732;0.1159907193303483;0.0537933895215513;0.9579540116235464
447781.0;6879769.407099997;0.2699711639043662;0.12178623471935389;0.2684411147113697;0.5399423278087324
446962.0;1556685.7875000003;0.4698302796496791;0.12339250446676356;0.06074018521908473;0.9396605592993582
445566.0;5754346.030899999;0.2933735321853813;0.12613041968945451;0.22452831941948395;0.5867470643707626
443444.0;4804141.0958;0.3721802904680681;0.13029220772853062;0.18745235700143412;0.7443605809361362
439703.0;1496076.5407000005;0.47672395681487983;0.13762927137329198;0.05837527837264048;0.9534479136297597
438440.0;735920.2908000001;0.49830822333147246;0.14010633937204464;0.028714808812805897;0.9966164466629449
437390.0;7762014.724199999;0.21885028213051563;0.1421656595610314;0.30286536679848164;0.43770056426103127
436015.0;5415227.0418;0.3127368650869331;0.1448623883799426;0.21129626554281636;0.6254737301738662
434790.0;6842747.672599998;0.25660111187923795;0.14726492860042717;0.2669965669235512;0.5132022237584759
432805.0;6644870.5430999985;0.2517759492634457;0.15115802438627354;0.2592756166887879;0.5035518985268914
430786.0;7133783.569899997;0.2424324802079172;0.15511780292109667;0.2783524708891127;0.4848649604158344
429848.0;5229086.1196;0.3378091657540677;0.15695746228992483;0.20403324934387182;0.6756183315081354
428712.0;764519.8326000001;0.49816568069968836;0.1591854506086762;0.02983073180771084;0.9963313613993767
427915.0;5936678.179799998;0.26247490632346476;0.1607485726949833;0.23164272142951686;0.5249498126469295
425430.0;680485.0053000001;0.49717089934372455;0.16562229714225196;0.026551784305239474;0.9943417986874491
424064.0;5036487.5183;0.3333407665968311;0.16830137464525757;0.19651826153461963;0.6666815331936622
423715.0;4094400.430299999;0.3766897736367641;0.1689858534509303;0.159759048675404;0.7533795472735282
421296.0;521469.92850000004;0.493644950568488;0.17373013491489123;0.02034718907156006;0.987289901136976
421284.0;0.0;0.44503805651546535;0.17375367000276537;0.0;0.8900761130309307
417482.0;5566021.078699999;0.2603426890759631;0.18121037034422027;0.2171800847469147;0.5206853781519262
416275.0;4679565.9301;0.3247373815287241;0.18357760793289363;0.18259156961641654;0.6494747630574482
413353.0;3981180.0252;0.3752902782903338;0.18930840183024533;0.1553413116911163;0.7505805565806676
410218.0;4378260.0046000015;0.35733790729207154;0.19545694353736293;0.17083494032781152;0.7146758145841431
405063.0;3846088.014300001;0.3326789606618243;0.20556722503662647;0.15007016845233695;0.6653579213236486
400497.0;0.0;0.43643626106683675;0.2145223259727346;0.0;0.8728725221336735
390989.0;3763527.1396999992;0.3625376538505656;0.2331699605983404;0.14684873298005238;0.7250753077011312
385423.0;3457197.986600001;0.3739504306431235;0.24408631885729304;0.13489610281749348;0.747900861286247
382463.0;3317645.146;0.3631819372388191;0.24989164053291285;0.12945090285873595;0.7263638744776382
376707.0;0.0;0.41795344327747425;0.26118063768320593;0.0;0.8359068865549485
376237.0;4363806.803199998;0.2979353264547502;0.2621024286249429;0.17027099213923405;0.5958706529095004
373238.0;0.0;0.4097789037787798;0.2679842393361536;0.0;0.8195578075575596
369679.0;4280624.3785;0.29291133027867045;0.2749643541481573;0.16702530445850775;0.5858226605573409
366814.0;3215914.0920000006;0.3844065052802477;0.2805833563781069;0.12548146785000738;0.7688130105604954
362665.0;3563134.6694999994;0.31349698164411005;0.2887206130105888;0.1390296368887303;0.6269939632882201
359452.0;0.0;0.3884570691398386;0.2950221327888883;0.0;0.7769141382796771
352985.0;0.0;0.38028172773488134;0.3077055838957239;0.0;0.7605634554697627
345294.0;3047719.0918;0.34423524864786387;0.32278961396572114;0.11891868199617173;0.6884704972957277
344297.0;0.0;0.3577729438715939;0.32474498751659714;0.0;0.7155458877431878
338468.0;0.0;0.3486661672912392;0.3361771564514579;0.0;0.6973323345824785
328049.0;0.0;0.3440427566725808;0.35661149649817503;0.0;0.6880855133451615
326104.0;0.0;0.3319730241786793;0.3604261419911077;0.0;0.6639460483573586
319737.0;0.0;0.31655183750224886;0.3729134673656588;0.0;0.6331036750044977
310854.0;0.0;0.2956977880842648;0.39033531616448675;0.0;0.5913955761685296
304696.0;0.0;0.29131769449827705;0.4024127387585633;0.0;0.5826353889965541
300250.0;0.0;0.2748495882690048;0.4111324888159301;0.0;0.5496991765380096
291001.0;0.0;0.2659960094815009;0.4292721577949192;0.0;0.5319920189630017
290982.0;0.0;0.25531461607639555;0.4293094216840532;0.0;0.5106292321527911
279151.0;0.0;0.23041444327627025;0.45251305707062683;0.0;0.4608288865525405
275885.0;0.0;0.22901709008015936;0.45891852348703704;0.0;0.4580341801603187
261205.0;0.0;0.20969821889248033;0.4877097809863948;0.0;0.41939643778496066
254819.0;0.0;0.2048197619431063;0.5002343702500799;0.0;0.4096395238862126
251282.0;0.0;0.2003350573683866;0.507171337400981;0.0;0.4006701147367732
241258.0;0.0;0.19176287334119352;0.5268309808051745;0.0;0.38352574668238704
237766.0;0.0;0.1882049341138269;0.5336796913765477;0.0;0.3764098682276538
230907.0;0.0;0.18439853590439376;0.5471319553539383;0.0;0.3687970718087875
227742.0;0.0;0.18228615857955177;0.5533393347807413;0.0;0.36457231715910354
220984.0;0.0;0.17837800619039776;0.5665935117685246;0.0;0.3567560123807955
214226.0;0.0;0.17452195049195668;0.5798476887563079;0.0;0.34904390098391336
207468.0;0.0;0.1711500315637047;0.5931018657440912;0.0;0.3423000631274094
200710.0;0.0;0.168286592340364;0.6063560427318746;0.0;0.336573184680728
194278.0;0.0;0.16707644739028396;0.6189708498324106;0.0;0.3341528947805679
187520.0;0.0;0.1643617767755987;0.6322250268201939;0.0;0.3287235535511974
180762.0;0.0;0.16140809403753065;0.6454792038079772;0.0;0.3228161880750613
174004.0;0.0;0.15943896573832686;0.6587333807957605;0.0;0.3188779314766537
167246.0;0.0;0.15817020010145563;0.6719875577835439;0.0;0.31634040020291126
160488.0;0.0;0.15697122645095768;0.6852417347713272;0.0;0.31394245290191536
