500648.0;8209456.5018;0.24350335562924974;0.01810044383253216;0.32032405798999514;0.4870067112584995
499728.0;8411028.201399997;0.2332649926683504;0.019904800569549127;0.3281891663290982;0.4665299853367008
499497.0;8336338.378299999;0.2254619716011395;0.020357851011126214;0.32527485071993456;0.450923943202279
497693.0;6386066.763199999;0.24440395165956053;0.023895959221537744;0.24917737486455258;0.48880790331912105
495373.0;3972001.5905000004;0.3080040172371948;0.02844607621053705;0.1549831791584139;0.6160080344743896
494898.0;3864911.296300001;0.31005416058463475;0.029377673438888204;0.15080463242977662;0.6201083211692695
494340.0;8652128.2602;0.22543434881603178;0.03047205502503545;0.337596628223745;0.45086869763206355
493277.0;8071075.010899999;0.22536061314693046;0.032556871559219186;0.31492456282170056;0.4507212262938609
493192.0;7958690.961499999;0.2245229777889148;0.03272357843166097;0.3105394595265844;0.4490459555778296
493180.0;4188103.564400001;0.30485602328483513;0.032747113519535104;0.16341524298677068;0.6097120465696703
491789.0;3592090.7723999997;0.3297835085263725;0.03547522245561184;0.1401594725096962;0.659567017052745
491119.0;7864527.355099998;0.23324072288625214;0.03678926486191768;0.30686529808722385;0.4664814457725043
490618.0;3325541.0242000013;0.33400456833016734;0.037771854780662785;0.12975899143267072;0.6680091366603347
489144.0;6096556.882200001;0.2640658108147231;0.040662748074535626;0.2378810143941869;0.5281316216294462
488340.0;3686952.105900002;0.3151586805800704;0.04223959896210262;0.1438608585011319;0.6303173611601408
486281.0;6603717.5219;0.23410325520021108;0.04627782778983951;0.2576698705901952;0.46820651040042216
486019.0;3142623.512000002;0.3631606637584193;0.046791677208424774;0.12262174918374824;0.7263213275168386
484835.0;3479866.353100001;0.33006894185997726;0.0491138058786727;0.1357805978073497;0.6601378837199545
484361.0;7663934.7623999985;0.23327067429573176;0.050043441849701005;0.2990383934337538;0.4665413485914635
484115.0;7387583.0356;0.23327278035269017;0.05052591115112076;0.28825544981967793;0.46654556070538034
483990.0;3021217.0796000008;0.37071584830105225;0.05077106831647633;0.1178846023234257;0.7414316966021045
482979.0;3773176.7983000013;0.30998635643248146;0.05275389946987215;0.14722525215647936;0.6199727128649629
482579.0;2739883.7826000014;0.37430070324649806;0.053538402399009956;0.10690728326180632;0.7486014064929961
481382.0;5846717.5378;0.28853514827747573;0.05588602741445486;0.22813255508677466;0.5770702965549515
480725.0;2864686.8097;0.36770442081603283;0.05717457347556371;0.11177696155066033;0.7354088416320657
479498.0;2633821.039900001;0.38125144433827773;0.05958103621069395;0.10276883047436983;0.7625028886765555
479491.0;6475147.8388;0.23406035643652334;0.05959476501195386;0.25265322148363745;0.4681207128730467
477769.0;2946184.6250000005;0.36337734289986234;0.06297205012189214;0.11495691760603273;0.7267546857997247
477603.0;7138592.5496;0.2333544631868573;0.06329761883748433;0.278540112043184;0.4667089263737146
477459.0;6199234.421799996;0.2530069580510053;0.06358003989197394;0.24188738024092565;0.5060139161020106
476252.0;5975821.267899998;0.263920159576894;0.0659472774806473;0.23317004212604567;0.527840319153788
475300.0;2554530.1204000018;0.391187094367188;0.06781439445199529;0.09967498509125233;0.782374188734376
474836.0;2479377.2700000014;0.3974651555849423;0.06872441784979515;0.09674260266077536;0.7949303111698846
472939.0;2274515.8386;0.4297775750189273;0.07244492299123122;0.08874913256719497;0.8595551500378547
470552.0;2363257.748899999;0.4169960458249147;0.07712644422086111;0.09221174532540219;0.8339920916498293
468097.0;5719256.1303;0.2982262699042745;0.08194133094844443;0.22315914968794415;0.596452539808549
466749.0;5526719.972199998;0.28090045919489826;0.08458510581963885;0.2156465983443962;0.5618009183897965
465155.0;6303958.6095;0.2380166826956442;0.08771134999225304;0.2459736040690702;0.4760333653912884
464924.0;1972854.4299999997;0.4297922766836436;0.08816440043383011;0.07697863271491569;0.8595845533672872
464818.0;5345882.2494;0.250478599655777;0.08837229371005163;0.2085905072143361;0.500957199311554
460975.0;1858807.7854999998;0.438675334628496;0.09590940560174317;0.07252865676847241;0.877350669256992
460365.0;2166070.3413999993;0.41668324915074706;0.09710577256867833;0.0845177072924243;0.8333664983014941
458672.0;5240942.918199999;0.2570008743204977;0.10042618121625412;0.20449588872097177;0.5140017486409953
457999.0;4805345.3156;0.27472463920464235;0.10174610739452848;0.1874993443474251;0.5494492784092847
455856.0;5027624.517;0.26210023696015144;0.10594908183738432;0.19617243686988522;0.5242004739203029
454332.0;2062649.863;0.42434838390136914;0.10893803799739937;0.08048235278228215;0.8486967678027383
453436.0;4912234.2297;0.2516423345896734;0.11069532455866807;0.19167003344373112;0.5032846691793468
453385.0;1771352.9023999998;0.4529628082157692;0.11079534868213314;0.06911626241088122;0.9059256164315383
451382.0;1333886.1816999994;0.4730167506024291;0.11472374709979073;0.05204678708331539;0.9460335012048582
450756.0;1643301.8767000001;0.4547920006488808;0.1159514941838914;0.06411985075159397;0.9095840012977616
450306.0;1406901.4926999996;0.47280973043641444;0.11683405997917144;0.05489576505278188;0.9456194608728289
446627.0;4558388.834400001;0.29749022308304146;0.12404952566991646;0.17786337122453091;0.5949804461660829
442331.0;1495635.0134999997;0.4674841419395263;0.13247508712885656;0.05835805046182979;0.9349682838790526
438524.0;1148014.5965;0.49454857020817167;0.1399415937569257;0.04479428012097965;0.9890971404163433
434644.0;1236191.1584;0.49206705579682036;0.14755127216956246;0.04823483359991227;0.9841341115936407
434071.0;1041376.2347000001;0.4962057340354424;0.14867507261555238;0.0406333673027326;0.9924114680708848
433092.0;5110021.4083;0.2490551283740633;0.15059514353461717;0.19938747389227393;0.4981102567481266
427739.0;760621.1748;0.4981004690004532;0.16109375398380393;0.029678610423434483;0.9962009380009064
427732.0;4726388.448899998;0.24966980904571787;0.16110748278506384;0.18441853334099925;0.49933961809143573
425635.0;4457970.772299999;0.24512831961033107;0.16522023939106883;0.17394516773075383;0.49025663922066215
425093.0;892835.6676999999;0.49757248920104197;0.16628324086005056;0.03483747604158245;0.9951449784020839
423674.0;4376657.678099999;0.26922732990636433;0.16906626500116695;0.17077241929166337;0.5384546598127287
421978.0;4212547.0433;0.2952069262370152;0.17239255742071127;0.16436900093054244;0.5904138524740304
419228.0;4118623.8391000004;0.2758960201891367;0.17778601505853373;0.16070421972338575;0.5517920403782735
417874.0;672713.1074000001;0.49495096064648675;0.18044155747366522;0.02624853330767757;0.9899019212929735
415715.0;569937.3506;0.4933494792220981;0.18467591203368655;0.0222383351326887;0.9866989584441962
413846.0;415567.51660000003;0.49144025257780616;0.18834150197008298;0.016214992217444567;0.9828805051556123
413768.0;0.0;0.4442177060887128;0.18849448004126484;0.0;0.8884354121774256
413563.0;3998109.4475000002;0.25720883928879856;0.18889653779244797;0.15600187932423226;0.5144176785775971
413351.0;3917637.835600001;0.27082816027540796;0.18931232434489104;0.1528619646086659;0.5416563205508159
405407.0;3847184.057900001;0.25745331975560054;0.20489255251756797;0.1501129348807368;0.5149066395112011
397674.0;3749044.646;0.2717182442122377;0.2200589553951247;0.14628364183780918;0.5434364884244755
391550.0;3644251.2888000016;0.30612478426241685;0.2320696952402246;0.14219471909105502;0.6122495685248337
381279.0;3551956.7889999994;0.2974541852366294;0.25221376920316074;0.1385934881569961;0.5949083704732588
380689.0;3251208.8360999995;0.29250780494205014;0.253370911023639;0.12685863035197706;0.5850156098841003
380520.0;2423686.3571000006;0.39391916853309844;0.25370236351119974;0.09456960385027138;0.7878383370661969
377715.0;3132950.2444999996;0.2884101892319544;0.25920369030177864;0.12224430881373786;0.5768203784639088
375817.0;2815405.0788000007;0.37193386793665445;0.2629261567005376;0.10985404204640356;0.7438677358733089
374780.0;2933133.303899999;0.3154768384072166;0.26495998054432734;0.11444766926103372;0.6309536768144332
374765.0;1996550.8074000003;0.39355548139146695;0.26498939940417005;0.07790323957126072;0.7871109627829339
371265.0;3030844.8893999998;0.3053530983233712;0.2718538000341259;0.11826026898345554;0.6107061966467424
364747.0;3348108.003299999;0.277066950197679;0.2846372752644265;0.13063953039652315;0.554133900395358
359915.0;0.0;0.41527439107679737;0.2941140706484113;0.0;0.8305487821535947
358426.0;2686428.8028999995;0.33900648757497714;0.2970343828021268;0.10482152813130248;0.6780129751499543
357920.0;1895388.8238;0.41135509633426376;0.29802677900748614;0.07395600907019595;0.8227101926685275
354518.0;2493955.9531999994;0.39051720317867894;0.3046989764198032;0.09731144701262132;0.7810344063573579
342053.0;2138970.1699;0.39024551926149603;0.32914604894906024;0.08346028809479518;0.7804910385229921
341275.0;2588059.2818000005;0.35742161209043366;0.3306719071462333;0.1009832564778288;0.7148432241808673
272494.0;2408136.9824;0.37413062900793825;0.46556914706880287;0.09396288417254131;0.7482612580158765
265736.0;2327610.5837000003;0.37077073010807915;0.4788233240565862;0.0908208317356658;0.7415414602161583
248236.0;2545885.8903;0.34831799080648074;0.5131453272063654;0.09933769664064361;0.6966359816129615
234549.0;0.0;0.33887191995478666;0.5399890561841385;0.0;0.6777438399095733
233079.0;2079325.5863;0.3257277532106782;0.54287210444872;0.0811330213565298;0.6514555064213564
226321.0;1998799.1876;0.32106342666692633;0.5561262814365033;0.07799096891965429;0.6421268533338527
224293.0;2983619.8003000002;0.2974303358300793;0.560103711287232;0.11641759740390163;0.5948606716601585
222470.0;2916990.7662000004;0.3050467097215579;0.5636790833867776;0.11381780500860895;0.6100934194431158
218889.0;2748164.8381000003;0.30625482957855266;0.5707023458598839;0.10723040103478171;0.6125096591571053
216173.0;2317140.0029000007;0.3146762798440014;0.5760291207487296;0.09041228106844043;0.6293525596880029
200776.0;2412371.1748000006;0.3128259473379541;0.6062265997485669;0.09412809775173273;0.6256518946759082
91274.0;0.0;0.17594812108143823;0.8209881991146885;0.0;0.35189624216287646
