503117.0;8999384.931399995;0.23932497815324666;0.013258099502429017;0.35114620559935944;0.4786499563064933
500699.0;9672493.809999997;0.22554152700074012;0.01800041970906709;0.37741018146852595;0.45108305400148024
500484.0;9267414.877799992;0.2334184194405766;0.018422090033478663;0.36160444239918443;0.4668368388811532
500347.0;9665888.093199996;0.2255387420905342;0.01869078228670836;0.37715243358828016;0.4510774841810684
495996.0;8681577.2439;0.25600367061176027;0.02722421289840491;0.33874569551710315;0.5120073412235205
491334.0;8863909.860499997;0.23332515299334772;0.036367594537506105;0.345860115776281;0.46665030598669544
489491.0;8425151.927499996;0.28757376101763443;0.03998219178350857;0.328740258750052;0.5751475220352689
486488.0;3318452.133799998;0.39162419319256364;0.04587184752401069;0.12948239064441178;0.7832483863851273
485980.0;3025223.497299999;0.39599108360413;0.04686816624401571;0.11804092838172017;0.79198216720826
485495.0;2942971.0203999984;0.39907905684489103;0.04781937604559531;0.11483152625204696;0.7981581136897821
485033.0;8309724.069099998;0.2549838277638948;0.048725476928749484;0.32423638934046617;0.5099676555277896
484878.0;8106018.876399999;0.24833993701717444;0.04902947181379039;0.31628803442257475;0.4966798740343489
484415.0;7718454.549299999;0.28388746074849597;0.0499375339542674;0.3011656961823254;0.5677749214969919
484371.0;2747840.1409999994;0.40488623708341104;0.05002382927647256;0.10721773170732171;0.8097724741668221
482467.0;7919737.7766;0.2684208687137238;0.053758063219168546;0.3090195486462397;0.5368417374274476
482047.0;2342660.712099999;0.4217905954917804;0.054581791294763246;0.09140807136612138;0.8435811909835608
478259.0;7306829.897200001;0.31799516993300275;0.06201103403369832;0.28510455024647924;0.6359903398660055
475695.0;2217441.618399999;0.4361311826906183;0.0670396978094717;0.08652215861135876;0.8722623653812366
474913.0;1906304.8232;0.45226092576284743;0.06857340103593612;0.0743819394864248;0.9045218515256949
470027.0;9065622.836899996;0.22773258325112164;0.07815610431535448;0.3537307365823625;0.4554651665022433
469866.0;9192502.384199997;0.21959850742777398;0.07847186674433246;0.35868143842945294;0.43919701485554796
469552.0;2080685.1166000005;0.45037145281669233;0.07908770154370563;0.08118606874919959;0.9007429056333847
467792.0;7156803.599799999;0.29866011409155524;0.08253951443191201;0.2792506874021063;0.5973202281831105
467686.0;1816233.6855000001;0.456142305713511;0.08274740770813353;0.07086746172172582;0.912284611427022
466264.0;6932780.6106;0.3245705504397594;0.08553631562121845;0.27050955417753064;0.6491411008795188
465470.0;7525365.5693;0.25390003122718574;0.08709355393555701;0.29363157432989984;0.5078000624543715
463307.0;6809755.979599999;0.3345467453633873;0.09133575352486972;0.2657092669689924;0.6690934907267746
462818.0;1650138.5411000003;0.46270815332544496;0.09229480835574069;0.06438660995584136;0.9254163066508899
462374.0;6311361.8686999995;0.34950764030201736;0.09316560660708367;0.2462624711857637;0.6990152806040347
460511.0;1738200.8802;0.4576430254851626;0.09681942899954303;0.06782270658543163;0.9152860509703252
460246.0;7418768.992299998;0.2747646766534839;0.09733916219009683;0.2894722919090725;0.5495293533069678
459269.0;1632126.6464000002;0.4730873522402751;0.09925531059451594;0.06368380542777943;0.9461747044805502
459140.0;1493472.5032000004;0.46796629200888495;0.09950831278916288;0.05827367166347828;0.9359325840177699
458743.0;7403193.349;0.24331021970155298;0.10028693194633216;0.2888645472591598;0.48662043940310595
454929.0;1458351.7981000005;0.474956955922321;0.1077671673756612;0.05690329997387431;0.949913911844642
453442.0;1418450.4939000001;0.4806819910374253;0.11068355701473101;0.055346394510323235;0.9613639820748506
451136.0;6573422.044399998;0.295340128081238;0.11520621640121048;0.25648777403003714;0.590680256162476
448373.0;4840472.532100001;0.385419824445903;0.12062517038422992;0.18886997010477047;0.770839648891806
446932.0;6666512.677499998;0.2898509293401803;0.12345134218644889;0.26012006921899533;0.5797018586803606
444132.0;916749.9975000003;0.49917196376099426;0.12894286269041358;0.03577058716336836;0.9983439275219885
439937.0;5838016.123499999;0.3650802181185005;0.13717033715974636;0.22779303537091802;0.730160436237001
438508.0;5345905.2439;0.36185577730170526;0.1399729738740912;0.2085914044347002;0.7237115546034105
436571.0;4650466.4905;0.38651151011693263;0.14377192930844104;0.1814561411534162;0.7730230202338653
433618.0;810515.1939000003;0.49830822333147246;0.14956352218280095;0.03162542074687528;0.9966164466629449
429533.0;5578690.117799998;0.3041325634508496;0.15757525834662084;0.2176744168643278;0.6082651269016992
426272.0;1224072.5465000002;0.48964199197564684;0.16397091847641687;0.04776197855278916;0.9792839839512937
424422.0;1253888.4715000002;0.48964199197564673;0.16759924452367925;0.04892536349631511;0.9792839839512935
422812.0;577458.1488000001;0.49364495056848806;0.17075686881345895;0.022531788493239384;0.9872899011369761
422594.0;0.0;0.4450380565154654;0.17118442290983904;0.0;0.8900761130309308
418836.0;5402757.076399998;0.3052424929288246;0.17855482792908878;0.21080970106451652;0.6104849858576492
414573.0;0.0;0.4394757458968784;0.186915667896375;0.0;0.8789514917937568
408610.0;4415082.508400002;0.3573661835491596;0.19861064531249695;0.1722717143505476;0.7147323670983192
407242.0;4997558.192500002;0.3263618853542876;0.20129364533014826;0.19499928161039007;0.6527237707085752
405176.0;4342904.2305999985;0.34028942680470264;0.20534560295914506;0.1694553965055652;0.6805788536094053
400755.0;4154048.5885;0.3733034730336556;0.21401632158344072;0.162086454890671;0.7466069460673112
399001.0;0.0;0.4280285406669648;0.21745636692771;0.0;0.8560570813339295
396205.0;5114339.656800001;0.3081487107544567;0.22294004240238333;0.19955596724900543;0.6162974215089134
390757.0;6050144.188900001;0.2825447221409654;0.2336249722972403;0.23607004161458314;0.5650894442819308
390327.0;5797265.523700003;0.2803541729932539;0.23446831294606346;0.22620299131738061;0.5607083459865078
387301.0;4876754.8189;0.2943041550418606;0.240403077604991;0.19028566544810827;0.5886083100837212
384028.0;4101312.910799999;0.3201838440594855;0.24682227282266114;0.1600287661413594;0.640367688118971
381879.0;0.0;0.4132222009074376;0.25103701480945406;0.0;0.8264444018148752
380569.0;3604625.4875;0.3430066799509632;0.2536062619023804;0.14064856345082005;0.6860133599019264
380553.0;0.0;0.4077925069990546;0.2536376420195459;0.0;0.8155850139981092
375716.0;3475093.7947999993;0.3385895252624213;0.26312424369014487;0.13559437777666736;0.6771790505248426
373760.0;3460011.2488;0.3591933859512299;0.2669604630136288;0.13500587324674126;0.7183867719024598
370906.0;3222211.634899999;0.3457988710697068;0.27255789141302705;0.1257271911200742;0.6915977421394136
364692.0;3174558.108899999;0.3426975704107854;0.28474514441718296;0.12386780239896887;0.6853951408215708
359751.0;3960160.516499998;0.3290974304503785;0.29443571684935776;0.15452115333809205;0.658194860900757
355286.0;0.0;0.37919571361539506;0.3031927307958586;0.0;0.7583914272307901
350700.0;0.0;0.3692820871843325;0.31218705687842363;0.0;0.738564174368665
342443.0;0.0;0.355211559416487;0.3283811585931509;0.0;0.710423118832974
331656.0;0.0;0.3205688444286342;0.34953724133467484;0.0;0.6411376888572684
322494.0;0.0;0.31652136589217295;0.3675062809265764;0.0;0.6330427317843459
319028.0;0.0;0.31154202160837874;0.37430399880755555;0.0;0.6230840432167575
303110.0;0.0;0.2814794720887935;0.40552329287259475;0.0;0.562958944177587
291215.0;0.0;0.26110325349796665;0.42885244872783046;0.0;0.5222065069959333
286128.0;0.0;0.23573554708638533;0.4388293647291406;0.0;0.47147109417277067
279688.0;0.0;0.22801991470222932;0.4514598618882593;0.0;0.45603982940445864
270303.0;0.0;0.22517851407121267;0.4698662618631552;0.0;0.45035702814242534
269986.0;0.0;0.21702550624966277;0.47048798043449697;0.0;0.43405101249932554
263228.0;0.0;0.21049268080459252;0.4837421574222803;0.0;0.42098536160918504
256796.0;0.0;0.20982654881678448;0.4963569645228163;0.0;0.41965309763356895
256470.0;0.0;0.20400266223234018;0.4969963344100636;0.0;0.40800532446468035
252663.0;0.0;0.1980911595476606;0.5044628410381328;0.0;0.3961823190953212
246420.0;0.0;0.19722990130710008;0.5167069705046511;0.0;0.39445980261420016
245905.0;0.0;0.19074109506673173;0.5177170180259161;0.0;0.38148219013346346
242361.0;0.0;0.18487341132912918;0.5246677139780771;0.0;0.36974682265825837
235929.0;0.0;0.1841794908333698;0.5372825210786131;0.0;0.3683589816667396
235603.0;0.0;0.1773188379806183;0.5379218909658604;0.0;0.3546376759612366
225905.0;0.0;0.1765050517727164;0.5569421644828066;0.0;0.3530101035454328
225579.0;0.0;0.16926507368593388;0.557581534370054;0.0;0.33853014737186776
212389.0;0.0;0.16330500835704956;0.5834505184583733;0.0;0.3266100167140991
212063.0;0.0;0.15807906465713148;0.5840898883456206;0.0;0.31615812931426296
205631.0;0.0;0.15678475865338057;0.5967046954461567;0.0;0.31356951730676114
198873.0;0.0;0.15298852636023813;0.60995887243394;0.0;0.30597705272047626
192115.0;0.0;0.14967870340695685;0.6232130494217233;0.0;0.2993574068139137
185357.0;0.0;0.14831975302736397;0.6364672264095066;0.0;0.29663950605472794
178599.0;0.0;0.1470337014142133;0.6497214033972899;0.0;0.2940674028284266
171841.0;0.0;0.14582247732769707;0.6629755803850733;0.0;0.29164495465539414
