418450.0;5326043.030373055;0.45455064644009446;0.15446540067165898;0.3112591072857291;0.9091012928801889
416233.0;5056041.885984871;0.4509590467289955;0.1589451478498426;0.2954799791996188;0.901918093457991
416091.0;4959814.779145975;0.44592640940225337;0.15923207798033517;0.28985637398265807;0.8918528188045067
413955.0;4419709.248747024;0.44147789936016585;0.16354815374605472;0.2582920842701344;0.8829557987203317
408887.0;4283712.504752982;0.445903314670804;0.1737887305160297;0.2503443029833606;0.891806629341608
407307.0;4276081.5372501835;0.4451455857458607;0.1769813333764402;0.24989834186004586;0.8902911714917214
402799.0;4154157.5403375244;0.4591585371663504;0.18609035470221907;0.24277298552715043;0.9183170743327008
402799.0;4171546.6833375245;0.45831497996234644;0.18609035470221907;0.24378922386690427;0.9166299599246929
401838.0;4030234.917963618;0.44768553966431823;0.1880321846698485;0.2355308275887631;0.8953710793286365
401041.0;3687965.806251177;0.46835391793518777;0.1896426305431062;0.21552828957779405;0.9367078358703755
400970.0;3989754.6203404632;0.46274751671108516;0.1897860956083525;0.23316511983368302;0.9254950334221703
398563.0;3539431.9859767486;0.4612369822876824;0.19464976338367407;0.20684782942441088;0.9224739645753648
397487.0;3303381.8367032865;0.4706086936704964;0.19682396634430807;0.19305283033812398;0.9412173873409928
394213.0;5623056.266892184;0.433718814511117;0.20343952442341187;0.3286168481683659;0.867437629022234
392217.0;1509435.534793043;0.48286233413046187;0.20747271132808237;0.08821287293131978;0.9657246682609237
388764.0;3462398.6556313834;0.46277491917374713;0.2144499630223846;0.20234592707442825;0.9255498383474943
387937.0;6385661.897243171;0.42286426541958017;0.21612102793729565;0.3731842589760651;0.8457285308391603
387710.0;6343739.769533281;0.4288409661169011;0.21657971201913945;0.37073428927584196;0.8576819322338022
387496.0;6032065.670630172;0.4265015250601519;0.2170121278496001;0.35251975341208064;0.8530030501203038
387025.0;6066489.903830172;0.4138687698078823;0.21796384680355793;0.3545315389034339;0.8277375396157646
386687.0;1345816.2033107753;0.48121098927453293;0.21864682133951918;0.07865080090872645;0.9624219785490659
385882.0;5214956.738651556;0.4342890750991954;0.2202734322905511;0.30476711692896064;0.8685781501983908
384437.0;4349637.167823183;0.43108283531478964;0.22319324946352148;0.2541970040708893;0.8621656706295793
383099.0;1187087.925097124;0.4755154428259425;0.22589685872126153;0.06937456677091824;0.951030885651885
381289.0;5560840.484043172;0.4229265993007374;0.22955420756768116;0.3249808976290572;0.8458531986014748
378945.0;1100601.779844198;0.47715865835116267;0.2342905753555307;0.064320232772771;0.9543173167023253
377961.0;5111883.418251542;0.42253925338400583;0.23627887992176103;0.29874341236823404;0.8450785067680117
376952.0;1152650.846794354;0.4739430570287993;0.23831770035603583;0.06736203059933231;0.9478861140575986
375558.0;874484.633435109;0.4860372901286262;0.2411344651581955;0.05110572798339461;0.9720745802572524
374215.0;5295542.989128544;0.41925474197306933;0.24384817758954444;0.3094766553686481;0.8385094839461387
373426.0;1901834.65187862;0.46974584083119775;0.2454424583850279;0.11114505695372526;0.9394916816623955
373304.0;964133.7702644953;0.48023027518928724;0.24568897582108493;0.05634491026925317;0.9604605503785745
372314.0;2350963.401705723;0.45135221511007384;0.24768940419564595;0.1373925755956743;0.9027044302201477
370873.0;724278.2539149977;0.478449989373933;0.2506011388297292;0.042327521849604414;0.956899978747866
370067.0;532451.8770137168;0.4693677689595879;0.2522297704154829;0.031117002804292398;0.9387355379191759
369687.0;4513668.724955344;0.43013573202571065;0.25299761160975887;0.2637831669592631;0.8602714640514213
368869.0;2221061.8394286223;0.44670449438371873;0.25465049081217395;0.1298010026251195;0.8934089887674375
368583.0;2970041.034155803;0.43827403423214617;0.25522839234260264;0.17357207135229752;0.8765480684642923
366641.0;2102716.040229641;0.44997353331763507;0.2591524649722971;0.12288475962827858;0.8999470666352701
366255.0;484509.6944137168;0.46533238545196176;0.25993242997490373;0.028315215272290386;0.9306647709039235
364529.0;330813.9551972301;0.46566642608341674;0.26342004550469394;0.01933308758212168;0.9313328521668335
362996.0;370993.4432972301;0.4634181813147191;0.26651767853318087;0.02168121573765549;0.9268363626294382
362672.0;0.0;0.449606781677555;0.2671723641830372;0.0;0.89921356335511
360902.0;3106729.1745806118;0.39886073242899284;0.27074888764058563;0.18156025851536525;0.7977214648579857
358624.0;3416451.7992377835;0.3966457317169046;0.2753518935367978;0.19966074833627304;0.7932914634338092
358436.0;3054644.8422533;0.399418213366107;0.2757317728644922;0.17851639974604608;0.798836426732214
354804.0;2501319.8433438055;0.41106834685563864;0.2830707181739928;0.14617955150481382;0.8221366937112773
354388.0;1991429.0200605053;0.4491548546697952;0.2839113022182528;0.11638103850683885;0.8983097093395904
352096.0;3436464.9043686776;0.3898233019827099;0.28854259700056983;0.20083033356146435;0.7796466039654198
350260.0;2273998.627503871;0.4332309685096277;0.2922524823497557;0.1328946797330421;0.8664619370192554
349846.0;2888881.182796729;0.39412594796289435;0.29308902512457213;0.16882901112214044;0.7882518959257887
346545.0;2560028.9709813506;0.3968476096075433;0.29975914034116397;0.1496105697211098;0.7936952192150866
343155.0;2406010.7902444596;0.4147408560432104;0.30660909204799414;0.14060959823654803;0.8294817120864209
338647.0;2436298.2102122153;0.405094872458412;0.315718113373773;0.1423796243605186;0.810189744916824
335376.0;3308948.189416409;0.37421885311670977;0.3223276095487114;0.19337813337575316;0.7484377062334195
332781.0;2947185.2566444604;0.3902670185529774;0.3275711566517274;0.17223635760309725;0.7805340371059548
332153.0;0.0;0.4135753988531295;0.3288401152570045;0.0;0.827150797706259
325770.0;3185297.507181502;0.38410935768696536;0.34173782668611863;0.1861518678821729;0.7682187153739307
325208.0;2770445.3326444603;0.3795663227242597;0.34287342339975835;0.1619075054604711;0.7591326454485194
324584.0;2681767.0943753244;0.383626101204169;0.3441342994661483;0.15672506342575307;0.767252202408338
323123.0;2814332.31814446;0.3717015845814251;0.34708644679466716;0.16447230335081692;0.7434031691628502
322481.0;2592202.7887477446;0.38325739449852075;0.34838369428604915;0.1514908387573966;0.7665147889970415
321030.0;0.0;0.38744708236579284;0.35131563526735016;0.0;0.7748941647315857
317564.0;0.0;0.3816868386466718;0.35831915521303553;0.0;0.7633736772933436
312454.0;0.0;0.3756873431020991;0.3686445986413252;0.0;0.7513746862041982
306726.0;0.0;0.3662210542366271;0.3802187943276742;0.0;0.7324421084732542
305333.0;0.0;0.3630520906446004;0.38303353849511207;0.0;0.7261041812892008
303905.0;0.0;0.3563498344454583;0.3859190048778122;0.0;0.7126996688909166
301053.0;0.0;0.3509848622497249;0.39168185510432535;0.0;0.7019697244994498
298278.0;0.0;0.34585851704330384;0.39728911645726156;0.0;0.6917170340866077
295655.0;0.0;0.34212360281667625;0.40258924133248736;0.0;0.6842472056333525
293749.0;0.0;0.3362702188006488;0.4064405711121978;0.0;0.6725404376012976
290896.0;0.0;0.33081631779065757;0.4122054419734327;0.0;0.6616326355813151
288351.0;0.0;0.3266813394192968;0.41734795734035973;0.0;0.6533626788385936
286248.0;0.0;0.322805499997669;0.42159735216026056;0.0;0.645610999995338
281759.0;0.0;0.31628393784867787;0.4306679814263256;0.0;0.6325678756973557
281009.0;0.0;0.3144352735418072;0.43218345746765974;0.0;0.6288705470836145
277450.0;0.0;0.3118043697000461;0.4393748964424705;0.0;0.6236087394000922
277312.0;0.0;0.3098412791589828;0.439653744034076;0.0;0.6196825583179656
274277.0;0.0;0.30567611514848564;0.44578637041467467;0.0;0.6113522302969713
271141.0;0.0;0.3008244873734624;0.452123080902173;0.0;0.6016489747469248
269038.0;0.0;0.2964935567657747;0.45637247572207384;0.0;0.5929871135315494
265479.0;0.0;0.29362919396129505;0.46356391469688457;0.0;0.5872583879225901
264954.0;0.0;0.2913611536264405;0.4646247479258185;0.0;0.582722307252881
262851.0;0.0;0.286846939571196;0.46887414274571926;0.0;0.573693879142392
258983.0;0.0;0.28287487044622533;0.4766899578495597;0.0;0.5657497408924507
256557.0;0.0;0.27668773009566977;0.4815920176845951;0.0;0.5533754601913395
252474.0;0.0;0.2724417862696283;0.48984226925361796;0.0;0.5448835725392566
250048.0;0.0;0.26595719380384963;0.49474432908865335;0.0;0.5319143876076993
246259.0;0.0;0.2626381145564566;0.5024005140494732;0.0;0.5252762291129132
244985.0;0.0;0.2590567322748632;0.5049748026850194;0.0;0.5181134645497264
243309.0;0.0;0.25458309761831094;0.5083613864787206;0.0;0.5091661952366219
239323.0;0.0;0.2503059190513526;0.516415636479731;0.0;0.5006118381027052
236551.0;0.0;0.2450070450132592;0.5220168359285019;0.0;0.4900140900265184
232992.0;0.0;0.24131595099589148;0.5292082749033127;0.0;0.48263190199178296
230889.0;0.0;0.2356313255026846;0.5334576697232134;0.0;0.4712626510053692
226234.0;0.0;0.23333348205938853;0.5428637243530938;0.0;0.46666696411877706
224131.0;0.0;0.22740854820831669;0.5471131191729947;0.0;0.45481709641663337
217373.0;0.0;0.21963209365742992;0.5607685686227758;0.0;0.43926418731485983
210615.0;0.0;0.21576571497260877;0.5744240180725569;0.0;0.43153142994521754
