416232.0;4638724.089967376;0.4424736593028988;0.15894716848456436;0.2710915234732753;0.8849473186057976
415686.0;4414948.666102303;0.4450380134368242;0.1600504350426556;0.2580138712148313;0.8900760268736484
415204.0;5247531.617596289;0.43533470949371317;0.16102438097855298;0.30667082436850945;0.8706694189874263
415204.0;5313991.096837699;0.43514296964158977;0.16102438097855298;0.3105547806304826;0.8702859392831795
415204.0;5412014.190375519;0.4349962616390196;0.16102438097855298;0.3162833450476255;0.8699925232780392
415064.0;3469953.2741141547;0.45936776638406557;0.161307269839602;0.20278742628714996;0.9187355327681311
414969.0;3936916.8923069704;0.4473952150025792;0.161499230138171;0.23007723189043464;0.8947904300051585
413463.0;3176660.566766798;0.46185991550165567;0.1645423060291699;0.18564711672867487;0.9237198310033113
412793.0;4146395.1975378036;0.4472569314832802;0.16589613129276168;0.2423193467043868;0.8945138629665604
412284.0;7316004.213872186;0.4314752053560177;0.1669246343661471;0.42755436400388747;0.8629504107120354
411903.0;3035673.0224028737;0.4698453899291296;0.16769449619514482;0.17740766824001922;0.9396907798582592
410371.0;2801751.707592572;0.4604652859041776;0.17079010858890994;0.16373708029926454;0.9209305718083552
409711.0;2461108.15380913;0.47140638953879255;0.17212372750528396;0.14382954146628485;0.9428127790775851
409139.0;3860605.268889085;0.459330273270367;0.17327953056614143;0.22561750679149714;0.918660546540734
408874.0;7395207.067163973;0.4314304409905671;0.17381499876741283;0.4321830553737275;0.8628608819811342
408635.0;3256198.130930424;0.4476475340590557;0.17429793046591796;0.19029536892567556;0.8952950681181114
408396.0;3331913.050652865;0.44486044678913245;0.1747808621644231;0.1947202220833803;0.8897208935782649
408085.0;6016158.483407816;0.4339900827344059;0.1754092795628963;0.3515901220016655;0.8679801654688118
408085.0;6847534.703272186;0.4239508426083354;0.1754092795628963;0.40017655259147666;0.8479016852166708
408085.0;7479192.324472185;0.42356523366728466;0.1754092795628963;0.43709123506094366;0.8471304673345693
408084.0;2600951.2011447526;0.4606098439700531;0.17541130019761808;0.15200210444138212;0.9212196879401062
405820.0;2700707.0309724547;0.4545159950413095;0.17998601720772528;0.1578319316436124;0.909031990082619
404854.0;6712447.193749225;0.41954103090676426;0.18193795034896362;0.3922819078468163;0.8390820618135285
404721.0;5740293.239855533;0.42025888674004463;0.1822066947669602;0.3354682902872812;0.8405177734800893
404392.0;5543146.392102846;0.43207871240256074;0.18287148359042543;0.323946837778213;0.8641574248051215
403474.0;5032881.735476495;0.4292683240724792;0.18472642626501837;0.29412647759801136;0.8585366481449584
402778.0;2286229.2684647213;0.46927029913476975;0.18613278803137642;0.133609450223122;0.9385405982695395
402499.0;4877601.9769743765;0.42465128123105284;0.1866965451187527;0.2850517782883575;0.8493025624621057
401958.0;2159138.501300608;0.4777788297599714;0.18778970850323504;0.12618214283822662;0.9555576595199428
401956.0;2072305.0191903033;0.4708464793949821;0.1877937497726786;0.121107510138109;0.9416929587899642
401308.0;1918642.5008775645;0.47555223038050365;0.18910312107239127;0.11212732390969432;0.9511044607610073
400635.0;4796494.207849457;0.4197886737639396;0.1904630082401484;0.28031176179435047;0.8395773475278792
400378.0;7144460.644344335;0.4151856089720683;0.19098231136364555;0.4175291918437395;0.8303712179441366
400231.0;2370061.8837447525;0.45301504786469066;0.19127934466774704;0.13850870936254034;0.9060300957293813
399629.0;1743939.0704547253;0.47235026433674554;0.19249576677025787;0.10191748642188894;0.9447005286734911
398875.0;5890732.464187504;0.4158272645688272;0.19401932535047908;0.34426010409713825;0.8316545291376544
398701.0;3552948.9596528644;0.42737974541769763;0.1943709157920686;0.20763777444281187;0.8547594908353953
398551.0;1543116.7434192575;0.4761537227522934;0.19467401100033543;0.09018123534775441;0.9523074455045868
397772.0;2901323.6179389027;0.45037460504723925;0.19624808544860112;0.16955615906907362;0.9007492100944785
397548.0;5642996.422529588;0.41735323372845584;0.19670070762627956;0.32978217015458394;0.8347064674569117
396981.0;4565087.447649457;0.4156737723184483;0.19784640751352814;0.2667881268576853;0.8313475446368966
396754.0;6505795.738949976;0.40757329105877094;0.19830509159537194;0.38020499690687487;0.8151465821175419
395952.0;1620315.5998588742;0.4755484532066258;0.19992564064223853;0.09469281120282054;0.9510969064132516
394991.0;4492349.717539919;0.4248748341609235;0.20186747060986798;0.2625372635411906;0.849749668321847
394399.0;1990703.2414903028;0.47225694277764974;0.20306368636516103;0.11633862330505396;0.9445138855552995
393928.0;1450978.5440300961;0.4811509163867209;0.20401540531911885;0.0847965898379009;0.9623018327734418
393356.0;4358151.622026582;0.4110718251980756;0.20517120837997632;0.25469459701170144;0.8221436503961512
393297.0;4715338.755464084;0.40245504921435393;0.20529042582856127;0.27556895864447223;0.8049100984287079
391556.0;1846744.2002664034;0.4701551098127707;0.20880835087917818;0.1079255176651767;0.9403102196255414
391335.0;1279072.9909207812;0.4868160336083484;0.2092549111526913;0.0747502630070572;0.9736320672166968
391143.0;4290292.9516512705;0.4253043922249895;0.2096428730192728;0.25072887066623917;0.850608784449979
390408.0;1194407.6126755325;0.4837109343227278;0.21112803953978024;0.06980233639430905;0.9674218686454557
387603.0;4025562.4697336718;0.4175892336175563;0.21679591993436978;0.2352577651939236;0.8351784672351126
387488.0;1089685.5988755324;0.48444283823522294;0.21702829292737436;0.06368228059628657;0.9688856764704459
384657.0;831614.8651827448;0.4822590099692528;0.22274870982473013;0.04860037725309037;0.9645180199385056
384647.0;1349565.4730670643;0.48079380117759646;0.22276891617194794;0.07886991186045192;0.9615876023551929
383195.0;763717.655169028;0.4824844317123325;0.22570287778797077;0.04463239861387519;0.964968863424665
382855.0;5479566.031597776;0.39838565930613834;0.22638989359337555;0.3202311400005466;0.7967713186122767
380068.0;700274.2207513412;0.4794721822956584;0.23202140256297307;0.040924702929222276;0.9589443645913168
378606.0;632377.0107376244;0.47896747663418443;0.2349755705262137;0.0369567242900071;0.9579349532683689
375577.0;5164205.095618683;0.3982351965098855;0.2410960730984817;0.3018011418112963;0.796470393019771
374357.0;3386164.164842439;0.431629728809996;0.24356124745905183;0.19789070968094674;0.863259457619992
371868.0;470054.6149376245;0.47242623866826805;0.2485906072815593;0.027470446443384096;0.9448524773365361
371316.0;395416.9513376246;0.4724262386682681;0.24970599764798118;0.02310854917564811;0.9448524773365362
366748.0;537897.016338262;0.46752643383026915;0.25893625705706674;0.03143522201422725;0.9350528676605383
364966.0;4223834.341326661;0.40900175417947593;0.2625370281312766;0.2468449651846045;0.8180035083589519
363121.0;321998.1390822405;0.4672870060923483;0.2662650991929585;0.0188178827596487;0.9345740121846966
362672.0;0.0;0.449606781677555;0.2671723641830372;0.0;0.89921356335511
357497.0;4934887.550512698;0.3877393883405186;0.27762914886824247;0.28839960262590136;0.7754787766810372
357296.0;5758321.892319129;0.3788187589879079;0.27803529644732006;0.33652190217877026;0.7576375179758158
357296.0;5821717.46671913;0.37876626759182486;0.27803529644732006;0.34022680087768825;0.7575325351836497
354171.0;3440690.175692681;0.4314740628851419;0.2843497799528788;0.20107726250530678;0.8629481257702838
353793.0;5327914.345313234;0.38514065838386563;0.2851135798777112;0.31136846874120533;0.7702813167677313
353506.0;5689577.8810907;0.3844877591649687;0.2856935020428617;0.3325044356573437;0.7689755183299374
352398.0;2939321.9993912904;0.4171642906267415;0.2879323653145926;0.17177682124204605;0.834328581253483
349967.0;5569729.972647053;0.37932739862689513;0.2928445283232369;0.32550040794305424;0.7586547972537903
348801.0;2487130.18566112;0.43868916967825206;0.29520058840883096;0.14535029418229206;0.8773783393565041
347170.0;5395365.022790698;0.36927668344945663;0.29849624364005223;0.31531035158701154;0.7385533668989133
345305.0;4677683.620352437;0.38101763348716094;0.30226472739616966;0.27336835611972055;0.7620352669743219
340634.0;2845975.170562049;0.4161854881642249;0.31170311218159846;0.16632154225844603;0.8323709763284498
339825.0;2757556.070043677;0.4085010457794029;0.31333780567151753;0.16115424448458107;0.8170020915588058
337608.0;2566045.0701255538;0.42663352045155856;0.31781755284970115;0.14996215637527094;0.8532670409031171
333599.0;3982898.268813313;0.3706209112866968;0.3259182774493124;0.23276442801737443;0.7412418225733935
332188.0;3027796.81024221;0.39587746173974836;0.3287693930417423;0.1769473747816411;0.7917549234794967
330423.0;2157620.8849398284;0.4452684756550608;0.33233581332568185;0.12609345186991028;0.8905369513101216
329614.0;4771205.724123535;0.3636540178530186;0.3339705068156009;0.27883387834048945;0.7273080357060372
328083.0;4457674.536704437;0.36022721523275825;0.33706409857464426;0.2605108124272447;0.7204544304655165
326350.0;3611751.2204834847;0.3767258323705142;0.34056585854748694;0.2110742354530113;0.7534516647410284
324981.0;3900280.2135707624;0.3714328457808148;0.34333210748160214;0.22793614894155215;0.7428656915616296
324912.0;1903095.5037093372;0.4433422708978229;0.3434715312774049;0.11121874235450226;0.8866845417956458
322444.0;3150548.966774306;0.38771850551186166;0.34845845777075496;0.18412112956388552;0.7754370110237233
319381.0;3521161.1423044363;0.38522025750327643;0.35464766192356345;0.2057800636443806;0.7704405150065529
317632.0;3826326.733516649;0.37631853475902355;0.35818175205195457;0.22361423602213962;0.7526370695180471
315584.0;3400308.597003654;0.3769919290833892;0.3623200119621576;0.19871732398024108;0.7539838581667784
314460.0;3244560.4523044364;0.3821893993471455;0.36459120538943696;0.18961525172809643;0.764378798694291
312293.0;2677430.486636835;0.3903104340065995;0.36896992083153163;0.15647162787413754;0.780620868013199
308283.0;3326886.1869831844;0.36223445334948323;0.3770726660658646;0.19442644730736947;0.7244689066989665
302582.0;2333639.597010993;0.432779093199822;0.3885923046147256;0.1363801556896909;0.865558186399644
295917.0;2919975.637990297;0.37797634890708626;0.40205983503538134;0.17064620116546012;0.7559526978141725
216382.0;0.0;0.31729464345455644;0.5627710176320586;0.0;0.6345892869091129
