423317.0;5132499.178282994;0.4526646024280269;0.14463097148076154;0.2999482173288423;0.9053292048560538
421094.0;5019248.701313859;0.4582092158890577;0.1491228424672758;0.2933297498924973;0.9164184317781154
416425.0;4827392.800010342;0.45719090846218907;0.15855718598326107;0.28211750541255576;0.9143818169243781
415122.0;4623486.0571744535;0.4531974266204945;0.16119007302573884;0.27020099809507847;0.906394853240989
414368.0;4672331.117774454;0.44533662439331784;0.16271363160596006;0.27305555069087467;0.8906732487866357
411954.0;4223708.657972349;0.4532750366088126;0.1675914438243341;0.24683762012778823;0.9065500732176252
407286.0;6023653.079337862;0.4433569754478494;0.17702376670559755;0.3520281134383382;0.8867139508956988
406839.0;6938042.567498562;0.4326949216319362;0.1779269904262327;0.40546591973717666;0.8653898432638724
406839.0;7085923.625898561;0.4319383622898397;0.1779269904262327;0.41410823185511475;0.8638767245796793
405196.0;3981354.3146469896;0.4550495326949184;0.18124689327411528;0.232674197842222;0.9100990653898368
404363.0;6787355.21234712;0.4351242457291411;0.182930081997357;0.3966596049221797;0.8702484914582822
402780.0;5293862.511859911;0.42907958179598504;0.18612874676193286;0.3093784466513197;0.8581591635919701
401462.0;3916460.1864901823;0.46534763186830586;0.18879194332523733;0.22888172221200564;0.9306952637366117
400378.0;3879939.22879971;0.4700853636629546;0.19098231136364555;0.22674740211298833;0.9401707273259092
399117.0;4478925.083207616;0.43980920522579336;0.19353033174780862;0.2617527149233742;0.8796184104515867
399010.0;6518679.465227388;0.4255146460461554;0.19374653966303895;0.38095793433467107;0.8510292920923108
396405.0;1607022.309440302;0.48117770287422823;0.19901029311327273;0.093915938450389;0.9623554057484565
395313.0;6223325.743071087;0.4279619615336234;0.2012168262294552;0.36369717707686716;0.8559239230672469
393675.0;1829617.969355323;0.4811456846736513;0.2045266259037289;0.10692464416224919;0.9622913693473026
393364.0;5572171.277385483;0.4289068479419204;0.20515504330220208;0.32564308015376725;0.8578136958838408
392272.0;1931094.8368272716;0.47891748011498747;0.20736157641838454;0.11285505046939813;0.9578349602299749
392252.0;6399997.258544764;0.4255545284599648;0.20740198911282012;0.3740220313590343;0.8511090569199296
390472.0;5983896.443791299;0.42050386254667516;0.2109987189175864;0.34970469719510877;0.8410077250933503
389667.0;5899089.071685012;0.4209163374072157;0.21262532986861832;0.344748472323752;0.8418326748144314
388710.0;3160593.539326476;0.46456049906360036;0.21455907729736065;0.18470814410128705;0.9291209981272007
386665.0;1481143.1551921936;0.48593421063760983;0.2186912753033983;0.08655943889645948;0.9718684212752197
385481.0;1017556.1915160018;0.48918297444846426;0.2210837068139844;0.05946696824981391;0.9783659488969285
384842.0;1342247.8505642002;0.4865407911500186;0.22237489240120106;0.07844226292207376;0.9730815823000372
384500.0;5433801.092385012;0.4215100680143756;0.2230659494760494;0.3175565926784321;0.8430201360287513
382948.0;5342240.2700568875;0.4177635364293803;0.22620197456425012;0.3122056896425993;0.8355270728587606
380802.0;1002136.9956527388;0.47888914877836425;0.23053825667718744;0.058565855526523186;0.9577782975567285
377330.0;4313222.2873907415;0.44657982017732833;0.23755390043120345;0.252068883229454;0.8931596403546567
375304.0;786733.4810124057;0.4753605852110762;0.2416477063775273;0.04597746574243569;0.9507211704221524
374948.0;4357206.629827632;0.442395344206871;0.24236705233848058;0.25463937075337795;0.884790688413742
372495.0;3438564.222660101;0.46176612299547415;0.24732366931100397;0.2009530197533653;0.9235322459909483
370892.0;2494919.5904711112;0.45879150511281497;0.2505627467700154;0.1458055145351166;0.9175830102256299
368072.0;691823.8212061961;0.472451277381308;0.25626093668543165;0.04043085340460712;0.944902554762616
367334.0;573317.476606196;0.4680236864663329;0.2577521651101044;0.03350522797921371;0.9360473729326658
365738.0;3615199.900389374;0.4548083277373716;0.26097709812606334;0.2112757796430788;0.9096166554747432
363426.0;508392.583306196;0.468815718430285;0.26564880560281595;0.029710954404265938;0.93763143686057
363039.0;350697.99210619606;0.4740775196986752;0.26643079124014435;0.020495129935558642;0.9481550393973504
362672.0;0.0;0.449606781677555;0.2671723641830372;0.0;0.89921356335511
357978.0;3473598.4883220783;0.40113094943043415;0.2766572235670669;0.20300045613196216;0.8022618988608683
356452.0;3733427.4470764194;0.3821952477767252;0.27974071215250135;0.2181851118487208;0.7643904955534504
354561.0;2789595.9973362065;0.41089858368145377;0.28356173241138505;0.16302668883204513;0.8217971673629075
352717.0;3347363.533022078;0.3948365442958899;0.28728778283834516;0.19562316322034637;0.7896730885917798
350271.0;3395243.0130220777;0.391212046891171;0.29223025536781616;0.19842128635174375;0.782424093782342
350136.0;2603909.0966362073;0.427105433094501;0.29250304105525626;0.15217496671546898;0.854210866189002
348588.0;3011268.8358802283;0.3999388595581782;0.29563098360456985;0.17598146397021613;0.7998777191163564
342854.0;2416042.5205937913;0.4070023010027355;0.30721730309924955;0.14119586226319175;0.814004602005471
341196.0;2274892.084579564;0.41730092123068674;0.3105675154679588;0.13294689422890563;0.8346018424613735
338804.0;2299244.0633132565;0.41519051848309835;0.3154008737224537;0.13437004742501474;0.8303810369661967
336179.0;2406503.3979298556;0.4150083000916442;0.32070503986712307;0.1406383867062476;0.8300166001832884
334999.0;2117100.9796545156;0.4338778949734181;0.32308938883882204;0.1237254294047359;0.8677557899468362
333368.0;3646978.836790088;0.3759937280768093;0.32638504407004326;0.21313297143033394;0.7519874561536186
332031.0;3263848.250073774;0.3789952298850898;0.32908663269306154;0.19074244928939196;0.7579904597701796
331259.0;3621096.7922698385;0.37172485170591474;0.3306465626982748;0.211620399709422;0.7434497034118295
328631.0;2055672.8872545157;0.4346333228024529;0.3359567907471095;0.12013551225730533;0.8692666456049059
326445.0;4103171.0270957802;0.3677268371938963;0.34037389824891795;0.2397932843672584;0.7354536743877926
324914.0;3772277.9591900883;0.36510161637457067;0.3434674900079613;0.22045557336191798;0.7302032327491413
323440.0;2721621.832944765;0.40536415769125084;0.34644590558786326;0.15905421290454752;0.8107283153825017
322606.0;2900589.1916697435;0.388636840248869;0.34813111494582677;0.16951323848739563;0.777273680497738
322207.0;0.0;0.4031567084416788;0.34893734819981653;0.0;0.8063134168833576
317772.0;3051404.4650697433;0.38421598870088935;0.3578988631909055;0.17832702896859065;0.7684319774017787
314525.0;3070092.3314697435;0.374034263520864;0.3644598641325213;0.1794191659602686;0.748068527041728
311475.0;2971064.0195808997;0.383827219651766;0.37062280003394665;0.17363185561021025;0.767654439303532
306573.0;0.0;0.3618736460939103;0.38052795144010637;0.0;0.7237472921878206
306259.0;0.0;0.3618736460939102;0.3811624307427449;0.0;0.7237472921878204
302718.0;0.0;0.3551386838690736;0.3883174982925637;0.0;0.7102773677381472
300615.0;0.0;0.35170621538157326;0.3925668931124645;0.0;0.7034124307631465
298880.0;0.0;0.3481330629653073;0.39607269435475073;0.0;0.6962661259306147
296777.0;0.0;0.34459714825589716;0.40032208917465156;0.0;0.6891942965117943
294232.0;0.0;0.3408400944509718;0.4054646045415786;0.0;0.6816801889019436
292129.0;0.0;0.33719330203987596;0.40971399936147945;0.0;0.6743866040797519
289005.0;0.0;0.3332409130756295;0.41602646223231643;0.0;0.666481826151259
286902.0;0.0;0.32947480480517083;0.42027585705221726;0.0;0.6589496096103417
283205.0;0.0;0.32531406058761486;0.4277461436186335;0.0;0.6506281211752297
278023.0;0.0;0.3184494623085978;0.43821707274689126;0.0;0.6368989246171955
275920.0;0.0;0.31443527354180734;0.4424664675667921;0.0;0.6288705470836147
271572.0;0.0;0.3098412791589829;0.45125218733708633;0.0;0.6196825583179658
268509.0;0.0;0.3056761151484855;0.4574413914898948;0.0;0.611352230296971
265278.0;0.0;0.30082448737346257;0.4639700622759621;0.0;0.6016489747469251
263282.0;0.0;0.2964935567657747;0.46800324918063263;0.0;0.5929871135315494
259396.0;0.0;0.2934012631594016;0.47585543570946504;0.0;0.5868025263188033
256988.0;0.0;0.286846939571196;0.4807211241195084;0.0;0.573693879142392
253102.0;0.0;0.2835352122346827;0.48857331064834086;0.0;0.5670704244693654
251240.0;0.0;0.2797513770377043;0.492335732500293;0.0;0.5595027540754086
249137.0;0.0;0.275001274907457;0.49658512732019383;0.0;0.550002549814914
244338.0;0.0;0.27299863990935974;0.5062821533500103;0.0;0.5459972798187195
242379.0;0.0;0.2664788472701805;0.510240576769975;0.0;0.532957694540361
237599.0;0.0;0.2620791184393548;0.5198992107400777;0.0;0.5241582368787095
236487.0;0.0;0.2602808409165334;0.5221461565506957;0.0;0.5205616818330668
230966.0;0.0;0.25704109859573904;0.5333020808496365;0.0;0.5140821971914781
229729.0;0.0;0.25251410592686024;0.5358016060004769;0.0;0.5050282118537205
225074.0;0.0;0.25054900570444333;0.5452076606303572;0.0;0.5010980114088867
222971.0;0.0;0.24511713340555333;0.549457055450258;0.0;0.49023426681110666
217325.0;0.0;0.24394967332237355;0.5608655590894212;0.0;0.4878993466447471
216213.0;0.0;0.2381731107852901;0.5631125049000392;0.0;0.4763462215705802
209455.0;0.0;0.23342822365539156;0.5767679543498203;0.0;0.46685644731078313
202697.0;0.0;0.2310494075930188;0.5904234037996016;0.0;0.4620988151860376
