421507.0;3947766.73026694;0.4613988792210145;0.14828832032718117;0.23071130691730846;0.922797758442029
418527.0;3853012.0507669398;0.46446389163283164;0.154309811798082;0.22517375177850785;0.9289277832656633
415475.0;3821015.6611001873;0.46702130197468117;0.16047678896895093;0.22330385181201395;0.9340426039493623
415394.0;3690016.650840037;0.4663395717511322;0.16064046038141502;0.21564814291962212;0.9326791435022644
414144.0;5741457.62152953;0.4449039567913632;0.16316625378363853;0.335536337878771;0.8898079135827264
412609.0;5763865.815129531;0.44177488105426455;0.16626792808156898;0.336845894391185;0.8835497621085291
412493.0;3638487.839840036;0.4586327954641238;0.16650232170929533;0.21263674935410073;0.9172655909282476
411032.0;5517041.87292953;0.43831682382868087;0.16945446903781416;0.3224212644233465;0.8766336476573617
408001.0;4820541.694469391;0.43479400528666345;0.1755790128795257;0.2817171201767558;0.8695880105733269
407378.0;5197482.409129531;0.4347819761724989;0.1768378683111939;0.3037459002064474;0.8695639523449978
407222.0;3582077.053448616;0.45624493754446344;0.1771530873277914;0.2093400484237199;0.9124898750889269
406220.0;4663187.585887224;0.4404701100984531;0.17917776331901378;0.2725211938416289;0.8809402201969062
405181.0;5555081.425507987;0.43098820555755063;0.18127720279494194;0.3246443326767567;0.8619764111151013
402664.0;5409110.260921619;0.42782848387725486;0.1863631403896592;0.3161136366009819;0.8556569677545097
401838.0;4590582.968061384;0.4272246323338902;0.1880321846698485;0.26827810973577065;0.8544492646677804
397604.0;3237184.6385158054;0.4745753996306537;0.19658755208185996;0.18918420203468186;0.9491507992613074
396322.0;4049144.499818777;0.45576756120958173;0.19917800579518039;0.23663592184613547;0.9115351224191635
395285.0;4456469.421214026;0.43521338397871484;0.201273404001665;0.26044038431211647;0.8704267679574297
393483.0;3970856.4154026434;0.45194847543285954;0.2049145877703104;0.2320606904543664;0.9038969508657191
393358.0;1370847.5395771032;0.48533213405976716;0.20516716711053276;0.08011365641627581;0.9706642681195343
392096.0;4438115.052724333;0.44647734522672705;0.2077172081294176;0.25936773726095375;0.8929546904534541
391728.0;1887033.3177672487;0.4815062401066252;0.2084608017070322;0.11028005266895503;0.9630124802132504
391705.0;1399328.1412878651;0.4839928791648976;0.20850727630563312;0.08177809033333172;0.9679857583297952
389970.0;4316150.044465486;0.4325912334824689;0.21201307754791934;0.25223998418531135;0.8651824669649378
389133.0;1529477.5119524777;0.4823327778899656;0.2137043488100482;0.08938414546579078;0.9646655557799312
387073.0;4186755.849823126;0.4497441123955076;0.21786685633691255;0.24467806227017508;0.8994882247910152
385681.0;2581034.460360506;0.4799968666066972;0.22067957986962866;0.15083815084183497;0.9599937332133944
383921.0;4582830.906890079;0.4154624995954513;0.22423589697995935;0.2678250717813185;0.8309249991909026
382258.0;1200388.0594312993;0.49009290519726173;0.2275962125222775;0.07015183948839866;0.9801858103945235
380335.0;1281733.635243596;0.48959992802557156;0.23148189309225814;0.0749057536352781;0.9791998560511431
376750.0;2347526.1972445957;0.47298156611280634;0.23872586856983516;0.13719170204170042;0.9459631322256127
376645.0;1695651.443617093;0.4763214873135181;0.23893803521562193;0.09909551079444548;0.9526429746270362
375342.0;2098772.4483221904;0.4742302972609835;0.2415709222580997;0.12265429230204553;0.948460594521967
371436.0;840886.6616284715;0.47975176674980746;0.24946352148136772;0.04914223000722212;0.9595035334996149
369279.0;948204.3229590043;0.4783137440295601;0.2538220305762446;0.05541397795804447;0.9566274880591202
368530.0;1794049.0974262669;0.47244859366821934;0.25533548598285694;0.1048459648762084;0.9448971873364387
367243.0;4128949.363154436;0.4245359423639903;0.2579360428697863;0.2412997952653438;0.8490718847279806
365437.0;623411.8235805547;0.4711228872903117;0.26158530917731876;0.03643279007932845;0.9422457745806234
364413.0;1999872.9127896866;0.470562212066259;0.26365443913242026;0.11687450776683417;0.941124424132518
363899.0;490107.79947837593;0.4686442831341932;0.26469304537941457;0.02864237394806163;0.9372885662683864
362758.0;343947.1667240679;0.4781195230898157;0.2669985895969642;0.020100605169254625;0.9562390461796314
362672.0;0.0;0.449606781677555;0.2671723641830372;0.0;0.89921356335511
362497.0;2449306.5549586625;0.443447432132219;0.26752597525934846;0.14313984461220525;0.886894864264438
359143.0;2828202.3208003887;0.4047114610510492;0.2743031841161946;0.1652828797243301;0.8094229221020984
354366.0;2786686.0993230073;0.4090756446701798;0.2839557561821319;0.1628566315770219;0.8181512893403596
354222.0;2421328.9379574433;0.4202897153545045;0.2842467275820681;0.1415048056081791;0.840579430709009
353787.0;2306588.707958663;0.4481074637311877;0.28512570368604184;0.13479927556354518;0.8962149274623754
349281.0;2175777.897925248;0.43906889006551253;0.29423068374237715;0.12715456527447494;0.8781377801310251
348346.0;2277487.467825248;0.4291340598646146;0.2961199772072403;0.13309857093664323;0.8582681197292292
345023.0;2650869.207260769;0.41911629722934546;0.3028345463877113;0.15491936101113735;0.8382325944586909
341724.0;3084507.8797577647;0.3893156979325706;0.3095006203348596;0.18026162454830025;0.7786313958651412
340449.0;3040208.296059695;0.3958314431536078;0.31207692960512756;0.17767271402009807;0.7916628863072156
338034.0;3284413.6228919094;0.3845887821292759;0.31695676245822335;0.19194430957250777;0.7691775642585518
334412.0;3120844.5025755977;0.37944232942470424;0.3242755014205062;0.18238517193902884;0.7588846588494085
332858.0;3463720.818112798;0.3748026707508157;0.32741556777815045;0.20242319552894597;0.7496053415016314
331071.0;2798648.8224117593;0.400380180001092;0.3310264420259692;0.16355574468746376;0.800760360002184
329014.0;2710295.419318222;0.40280906343253053;0.3351828876486682;0.158392286334664;0.8056181268650611
325276.0;3017252.9242775277;0.37255361818746957;0.3427360202386774;0.17633117988535996;0.7451072363749391
323745.0;2924329.808133606;0.378371991810564;0.3458296119977207;0.17090066308100374;0.756743983621128
320346.0;0.0;0.3983498794129215;0.3526977494170469;0.0;0.796699758825843
315828.0;0.0;0.3929985193074292;0.3618269770900435;0.0;0.7859970386148584
313797.0;0.0;0.3805954057089729;0.36593088620997627;0.0;0.7611908114179458
309555.0;0.0;0.36950051723903626;0.374502418699762;0.0;0.7390010344780725
306852.0;0.0;0.3630520906446003;0.3799641943527301;0.0;0.7261041812892006
305062.0;0.0;0.3597298629969204;0.38358113050471415;0.0;0.7194597259938408
303041.0;0.0;0.3563498344454584;0.3876648332774291;0.0;0.7126996688909168
299937.0;0.0;0.3493791410539403;0.39393688345383054;0.0;0.6987582821078806
297834.0;0.0;0.34585851704330384;0.3981862782737313;0.0;0.6917170340866077
295108.0;0.0;0.3458585170433038;0.40369452852530036;0.0;0.6917170340866076
293351.0;0.0;0.3384932452956567;0.4072447837314657;0.0;0.6769864905913134
291447.0;0.0;0.33719330203987596;0.41109207224173255;0.0;0.6743866040797519
289496.0;0.0;0.33081631779065757;0.41503433058392303;0.0;0.6616326355813151
285839.0;0.0;0.32531406058761486;0.4224237917614681;0.0;0.6506281211752297
280764.0;0.0;0.3184494623085977;0.43267851297449555;0.0;0.6368989246171954
278090.0;0.0;0.31628393784867787;0.43808169022053206;0.0;0.6325678756973557
275102.0;0.0;0.3118043697000463;0.44411934676920717;0.0;0.6236087394000926
272861.0;0.0;0.3056761151484855;0.44864758918071346;0.0;0.611352230296971
269302.0;0.0;0.30293388123814347;0.45583902815552424;0.0;0.6058677624762869
267199.0;0.0;0.298654689609905;0.460088422975425;0.0;0.59730937921981
266352.0;0.0;0.2964935567657747;0.46179990058477166;0.0;0.5929871135315494
261774.0;0.0;0.29346358514219906;0.47105036634107506;0.0;0.5869271702843981
260331.0;0.0;0.286846939571196;0.4739661422446019;0.0;0.573693879142392
256772.0;0.0;0.2838476112231793;0.48115758121941266;0.0;0.5676952224463586
254669.0;0.0;0.27919299672184494;0.4854069760393135;0.0;0.5583859934436899
253822.0;0.0;0.27668773009566977;0.48711845364866013;0.0;0.5533754601913395
250263.0;0.0;0.2735379771699752;0.49430989262347086;0.0;0.5470759543399504
248160.0;0.0;0.26866163826340966;0.4985592874433717;0.0;0.5373232765268193
245971.0;0.0;0.2641881814281582;0.5029824568493455;0.0;0.5283763628563164
242412.0;0.0;0.26084347914871575;0.5101738958241563;0.0;0.5216869582974315
240309.0;0.0;0.2556763479126444;0.5144232906440571;0.0;0.5113526958252887
235654.0;0.0;0.2516293338915416;0.5238293452739374;0.0;0.5032586677830831
233551.0;0.0;0.2462265269579394;0.5280787400938383;0.0;0.4924530539158788
228896.0;0.0;0.24350202684750683;0.5374847947237186;0.0;0.48700405369501365
226793.0;0.0;0.23789219030251565;0.5417341895436194;0.0;0.4757843806050313
222138.0;0.0;0.23567046553101567;0.5511402441734998;0.0;0.47134093106203134
220035.0;0.0;0.22982912358281538;0.5553896389934007;0.0;0.45965824716563075
214389.0;0.0;0.22981366049167803;0.5667981426325638;0.0;0.45962732098335607
213277.0;0.0;0.22221497634572324;0.5690450884431818;0.0;0.4444299526914465
206519.0;0.0;0.2184506097458003;0.5827005378929629;0.0;0.4369012194916006
199761.0;0.0;0.21576571497260855;0.5963559873427441;0.0;0.4315314299452171
