421329.0;3722894.9483043477;0.45790262332403203;0.1486479933076578;0.2175695824309922;0.9158052466480641
420797.0;3564376.884688991;0.45920659902899685;0.14972297097964413;0.2083056334376769;0.9184131980579937
419455.0;8858749.19104487;0.4452479508439002;0.1524346627762713;0.5177138729725331;0.8904959016878004
419384.0;3205163.219164332;0.4624648447529724;0.15257812784151759;0.18731283930919831;0.9249296895059448
418459.0;8781950.82190938;0.44612097159951175;0.15444721495916297;0.5132257019829648;0.8922419431990235
416750.0;8469264.218133114;0.4493412346178262;0.15790047969868296;0.4949519943548855;0.8986824692356524
416084.0;8377231.59622196;0.4353008036920811;0.15924622242338762;0.4895735188949859;0.8706016073841621
414700.0;8155704.027073435;0.4392515901375042;0.1620427808783295;0.47662723344082614;0.8785031802750084
414039.0;3298828.4710838934;0.4604075728480845;0.1633784204294253;0.19278672724624968;0.920815145696169
412234.0;6548867.137943565;0.4541702717475616;0.16702566610223604;0.38272213113276055;0.9083405434951232
412118.0;7711599.911950604;0.43781971843597317;0.16726005972996238;0.45067335931199304;0.8756394368719463
409518.0;6989176.7273536185;0.4409835505762381;0.17251371000658727;0.40845424950798886;0.8819671011524762
409406.0;7855976.027531441;0.43618767534688424;0.1727400210954265;0.4591108391807813;0.8723753506937685
409076.0;6118915.8955962155;0.4374551121781516;0.1734068305536135;0.35759536458088526;0.8749102243563032
408059.0;7294071.499630958;0.43131642034529283;0.17546181606566255;0.42627259496519465;0.8626328406905857
407721.0;7556157.606173093;0.42832927134136517;0.17614479060162377;0.4415891605823117;0.8566585426827303
406534.0;2942152.6436892133;0.4683509116956375;0.17854328401637523;0.17194224683327586;0.936701823391275
403899.0;7098016.212943916;0.43564231498279116;0.18386765650826237;0.4148149343408152;0.8712846299655823
402692.0;6311995.708188655;0.43457264150559133;0.1863065626174494;0.36887913562060387;0.8691452830111827
399695.0;5646693.336534225;0.44473883299152983;0.19236240487862047;0.3299982213855322;0.8894776659830597
397816.0;5268393.745357303;0.4566462096974063;0.19615917752084286;0.30789002729757764;0.9132924193948126
396349.0;2138683.1751394738;0.47834055586238666;0.19912344865769235;0.12498671378820879;0.9566811117247733
394322.0;5348641.332409701;0.45411320633253593;0.20321927523873798;0.31257977391909786;0.9082264126650719
393849.0;6730118.143760685;0.42235939474215356;0.20417503546213936;0.39331461526094935;0.8447187894843071
391722.0;1907038.9300376489;0.47955607572401715;0.2084729255153629;0.11144920000413025;0.9591121514480343
391255.0;1402248.1193652726;0.4864238895235035;0.2094165619304336;0.08194873667705908;0.972847779047007
390652.0;4816158.3249839945;0.4442442105296108;0.21063500466766621;0.28146095182341213;0.8884884210592215
388460.0;1343764.5192827985;0.4887934525120744;0.21506423597780536;0.07853089850926429;0.9775869050241488
387203.0;1782189.927697829;0.4842565918607683;0.2176041738230813;0.10415290352432424;0.9685131837215366
385789.0;5100927.001691869;0.4204568718955403;0.22046135131967654;0.2981031087848859;0.8409137437910806
384693.0;5039649.307291869;0.42289288731644953;0.22267596697474612;0.29452198104207533;0.8457857746328991
384436.0;6330491.048829772;0.4192134246086168;0.22319527009824325;0.3699600212206769;0.8384268492172336
382938.0;4604493.891209697;0.4514903897163269;0.22622218091146792;0.2690910775424467;0.9029807794326538
381977.0;5537233.728986605;0.4191439070960883;0.22816401087909735;0.3236012960255934;0.8382878141921766
380966.0;1267696.4094025888;0.4891862168523895;0.23020687258281572;0.07408540457705165;0.978372433704779
377732.0;4162725.475957868;0.4472760511199025;0.23674160527304838;0.24327370397370848;0.894552102239805
376911.0;1195110.1788478894;0.483134686296452;0.23840054637962876;0.06984339504110741;0.966269372592904
375772.0;917973.450590552;0.4849310429553239;0.24070204932773484;0.05364725653048323;0.9698620859106478
375772.0;969477.539384856;0.4798740255906404;0.24070204932773484;0.05665720530638659;0.9597480511812808
374402.0;4964913.000160227;0.4201974782431833;0.24347031889657178;0.2901543189509191;0.8403949564863666
374101.0;709570.6836374818;0.475165058692463;0.24407852994782722;0.04146799721399495;0.950330117384926
372541.0;2442657.9539287686;0.47234610559565093;0.24723072011380215;0.14275129393594105;0.9446922111913019
370085.0;4248337.242411557;0.41786625154479207;0.25219339899049087;0.2482769384289252;0.8357325030895841
367396.0;4293780.560469332;0.4114519079319026;0.2576268857573541;0.25093268989959516;0.8229038158638052
367146.0;620714.0510913759;0.47548270510301494;0.2581320444377988;0.03627512964514624;0.9509654102060299
364714.0;366551.3413972301;0.47083831581065966;0.26304622808116485;0.021421615005182734;0.9416766316213193
363783.0;2366974.055457183;0.46601743601985757;0.26492743900714094;0.13832825369014726;0.9320348720397151
363183.0;3921568.681290978;0.41322584869870144;0.2661398198402082;0.2291802675902915;0.8264516973974029
362672.0;0.0;0.449606781677555;0.2671723641830372;0.0;0.89921356335511
358710.0;3739167.4719873634;0.4359428208124702;0.2751781189507248;0.21852056445760693;0.8718856416249404
356859.0;2868318.1375918533;0.44418938866599644;0.2789183138207374;0.16762728686699535;0.8883787773319929
354816.0;3689815.5461821198;0.4181346539281141;0.28304647055733145;0.21563639016885813;0.8362693078562282
348878.0;3193236.944586668;0.43665813122334407;0.29504499953525404;0.18661585628500593;0.8733162624466881
346414.0;2797580.7453398686;0.42608730518752014;0.300023843489717;0.16349332523008928;0.8521746103750403
344728.0;3104723.692180821;0.41666687045605666;0.30343063363063605;0.18144305618375128;0.8333337409121133
339656.0;2535034.3776973607;0.42090236614712134;0.31367929293949814;0.14814986150899465;0.8418047322942427
338927.0;3466603.3494655327;0.40880167942496554;0.3151523356516749;0.20259165344985625;0.8176033588499311
334865.0;2633721.2008973598;0.42068494408306045;0.32336015389154044;0.15391721492970947;0.8413698881661209
332096.0;3488640.5046681836;0.4086098034031169;0.32895529143614594;0.2038795261193742;0.8172196068062338
330195.0;0.0;0.4035091230506929;0.3327965180422474;0.0;0.8070182461013858
327415.0;0.0;0.3983498794129215;0.3384138825687925;0.0;0.796699758825843
322738.0;0.0;0.39548786951275156;0.34786439116255197;0.0;0.7909757390255031
322342.0;0.0;0.3899967897367141;0.3486645625123764;0.0;0.7799935794734282
320239.0;0.0;0.3870319249323943;0.3529139573322772;0.0;0.7740638498647886
316283.0;0.0;0.3832179931886501;0.36090758829163416;0.0;0.7664359863773001
315948.0;0.0;0.37838837887880705;0.3615845009234301;0.0;0.7567767577576141
312482.0;0.0;0.3722515190874489;0.3685880208691154;0.0;0.7445030381748978
309199.0;0.0;0.371114296534156;0.3752217646607152;0.0;0.742228593068312
308613.0;0.0;0.36587814550979597;0.3764058566076776;0.0;0.7317562910195919
305840.0;0.0;0.36471085814091336;0.38200907669117024;0.0;0.7294217162818267
304941.0;0.0;0.3592556707511411;0.38382562730604936;0.0;0.7185113415022822
301278.0;0.0;0.3558718749386856;0.39122721229192514;0.0;0.7117437498773712
299490.0;0.0;0.3488862201100095;0.39484010717446566;0.0;0.697772440220019
297738.0;0.0;0.34520553775447527;0.39838025920702214;0.0;0.6904110755089505
295635.0;0.0;0.3416146857196228;0.4026296540269229;0.0;0.6832293714392456
293255.0;0.0;0.33774438562424164;0.4074387646647565;0.0;0.6754887712484833
291152.0;0.0;0.3340386027428179;0.4116881594846573;0.0;0.6680772054856358
288607.0;0.0;0.32996647170800164;0.41683067485158437;0.0;0.6599329434160033
286504.0;0.0;0.32613674808555815;0.4210800696714852;0.0;0.6522734961711163
283716.0;0.0;0.3214189894338028;0.4267135992758045;0.0;0.6428379788676056
279428.0;0.0;0.3178848289674481;0.435378080962792;0.0;0.6357696579348961
276038.0;0.0;0.3092548241012512;0.4422280326696222;0.0;0.6185096482025024
273250.0;0.0;0.30418710265608584;0.44786156227394147;0.0;0.6083742053121717
269867.0;0.0;0.30021412971164463;0.45469736953771916;0.0;0.6004282594232893
267079.0;0.0;0.29494558872565046;0.4603308991420385;0.0;0.5898911774513009
263680.0;0.0;0.2907244345312852;0.46719903656136463;0.0;0.5814488690625704
260892.0;0.0;0.2852335935711783;0.472832566165684;0.0;0.5704671871423566
254334.0;0.0;0.275001274907457;0.48608388867110935;0.0;0.550002549814914
250383.0;0.0;0.2702066436317589;0.4940674164568574;0.0;0.5404132872635178
249271.0;0.0;0.2684683854783406;0.49631436226747544;0.0;0.5369367709566812
247595.0;0.0;0.2641881814281583;0.4997009460611767;0.0;0.5283763628563166
243625.0;0.0;0.2614059241639224;0.5077228659066386;0.0;0.5228118483278448
241949.0;0.0;0.25979288865931105;0.5111094497003399;0.0;0.5195857773186221
240837.0;0.0;0.2551325846740185;0.5133563955109579;0.0;0.510265169348037
236182.0;0.0;0.252524032653842;0.5227624501408382;0.0;0.505048065307684
234079.0;0.0;0.24855369743707217;0.527011844960739;0.0;0.49710739487414435
229863.0;0.0;0.24511713340555355;0.5355308409477585;0.0;0.4902342668111071
223105.0;0.0;0.2381731107852898;0.5491862903975396;0.0;0.4763462215705796
221429.0;0.0;0.23323669394008428;0.5525728741912409;0.0;0.46647338788016857
214671.0;0.0;0.22837445715610077;0.5662283236410222;0.0;0.45674891431220155
