420494.0;4115886.2251490555;0.4499577219035741;0.1503352233003431;0.24053637284259627;0.8999154438071482
419406.0;3709127.353511922;0.4556599829050591;0.15253367387763844;0.2167649908720949;0.9113199658101182
416295.0;4248419.728249054;0.44341026066881345;0.15881986849709231;0.2482817589810681;0.8868205213376269
416014.0;3935304.880151468;0.4541486861616053;0.15938766685391215;0.229983024340553;0.9082973723232106
415867.0;3271530.393062317;0.4577794676440734;0.15968470015801364;0.19119140115760241;0.9155589352881468
415415.0;3074057.2326453906;0.4576810572987819;0.16059802705225765;0.17965087862075035;0.9153621145975638
415166.0;3616089.2790514682;0.45316974563012863;0.1611011650979806;0.21132775579250604;0.9063394912602573
413887.0;3778762.9044514676;0.45043927945305523;0.16368555690713568;0.22083455983674416;0.9008785589061105
413593.0;2856186.137890843;0.4589541472492935;0.16427962351533865;0.1669182810675693;0.917908294498587
413529.0;2998293.837190843;0.4541805894885668;0.1644089441375325;0.17522319249436427;0.9083611789771336
410846.0;2436326.450898422;0.45668214748933234;0.169830307096065;0.14238127477354148;0.9133642949786647
410664.0;2707295.192144143;0.45623666906935195;0.17019806261542875;0.15821695015609155;0.9124733381387039
410295.0;3169034.1659252094;0.45173856437031296;0.17094367682776515;0.18520142248545923;0.9034771287406259
410295.0;3440101.209983086;0.4465754319074997;0.17094367682776515;0.20104284277945308;0.8931508638149994
405913.0;2351247.6768478914;0.4631463310832967;0.17979809817859987;0.13740918890999984;0.9262926621665935
405307.0;2258158.694264044;0.46270950083602214;0.18102260281999782;0.13196897871042967;0.9254190016720443
402450.0;2550503.3470786046;0.4561597310753124;0.18679555622011987;0.14905388304482875;0.9123194621506248
402000.0;4793903.796232899;0.44132710849444;0.18770484184492034;0.28016037563342866;0.88265421698888
401715.0;2111818.9727892415;0.46129243958492916;0.1882807227406273;0.12341674381354059;0.9225848791698583
401159.0;1902329.8647483073;0.4762428194975429;0.1894041956459363;0.11117399767291514;0.9524856389950858
398686.0;7555880.860308502;0.4345060864956174;0.19440122531289528;0.44157298728625183;0.8690121729912348
398212.0;7105532.637616575;0.4345756623403601;0.19535900617101845;0.41525420147032394;0.8691513246807202
397602.0;1430050.5604937912;0.48015801386918344;0.19659159335130352;0.08357353823361365;0.9603160277383669
395431.0;6866113.085645837;0.42745358350464824;0.2009783913322853;0.4012622912307363;0.8549071670092965
395431.0;6953611.299250364;0.4274126276131846;0.2009783913322853;0.4063757714824596;0.8548252552263692
394871.0;6038731.794282765;0.423881115420525;0.20210994677648142;0.35290932812736736;0.84776223084105
394871.0;7357578.970245236;0.42270647798107214;0.20210994677648142;0.4299840329871271;0.8454129559621443
394080.0;1766393.2999474956;0.47639000847967017;0.20370826884140847;0.103229733316413;0.9527800169593403
393644.0;5873594.7934827665;0.43130896615182196;0.204589265580104;0.3432585620416022;0.8626179323036439
391926.0;5624803.167155066;0.43112197597858964;0.20806071603212;0.328718938709738;0.8622439519571793
391498.0;5792448.226082764;0.41580906432069725;0.20892554769304134;0.3385162781388646;0.8316181286413945
391252.0;2002832.2649564857;0.4704361451526343;0.20942262383459892;0.11704745517043738;0.9408722903052686
390587.0;2182726.9675721945;0.4561354641364221;0.21076634592458182;0.127560675627403;0.9122709282728442
387844.0;5486022.208982765;0.41911880537198437;0.21630894696642108;0.3206084452528455;0.8382376107439687
387706.0;3336054.2306933003;0.4434485608113903;0.21658779455802657;0.1949622366512583;0.8868971216227806
387557.0;4879079.497882461;0.4398379273239417;0.2168888691315716;0.28513812603962874;0.8796758546478834
387268.0;4559976.392000999;0.44309919334626535;0.21747283256616567;0.26648943182098467;0.8861983866925307
387139.0;3573079.506998762;0.4376235781308798;0.21773349444527515;0.2088142231046655;0.8752471562617596
385774.0;5161665.555362367;0.43563320330677735;0.22049166084050323;0.3016527286218817;0.8712664066135547
384534.0;5335304.872304502;0.4103473257267059;0.22299724789550893;0.311800378288416;0.8206946514534118
383521.0;1268970.785261991;0.48221493107712055;0.22504415086867086;0.0741598803351486;0.9644298621542411
383006.0;1216525.8283403527;0.4831610671183013;0.22608477775038696;0.07109494631565678;0.9663221342366026
382906.0;5983725.9579045;0.40210544569196965;0.22628684122256484;0.34969473383495053;0.8042108913839393
382412.0;5384894.279828246;0.40014407950001074;0.22728503477512357;0.3146984312385417;0.8002881590000215
381569.0;1329894.9285197032;0.4802329481120955;0.2289884298455831;0.07772034620716675;0.960465896224191
380738.0;1086516.1917584795;0.48403590395715024;0.23066757729938128;0.0634970573781764;0.9680718079143005
379988.0;1632145.5051332966;0.47932757394810516;0.23218305334071537;0.09538416231170062;0.9586551478962103
379453.0;1146177.9214584792;0.4800804164911966;0.23326409291686703;0.06698374658058108;0.9601608329823932
379325.0;5061298.49225156;0.3920665938697028;0.23352273416125474;0.2957871803552594;0.7841331877394055
377784.0;4346852.022317435;0.423229776445861;0.23663653226751588;0.2540342374730912;0.846459552891722
377623.0;4019818.648763802;0.42668577852763645;0.23696185445772225;0.23492209073968146;0.8533715570552729
377302.0;864078.6438995;0.48184120958041654;0.23761047820341324;0.05049759188783411;0.9636824191608331
376763.0;1007854.8458178876;0.47916757761154205;0.23869960031845203;0.058900012221812424;0.9583351552230841
375127.0;927468.1334178875;0.4779315244723891;0.24200535872328216;0.054202134980383884;0.9558630489447782
374650.0;1537425.6510870664;0.4742423931413481;0.24296920148557064;0.08984864240610964;0.9484847862826962
374324.0;3740238.2529175654;0.4344799646722879;0.24362792840487055;0.21858314193107692;0.8689599293445758
373644.0;4420176.99635156;0.40309550648545817;0.24500196001568011;0.258319419892658;0.8061910129709163
373327.0;614730.8382317104;0.474224715293739;0.24564250122248402;0.03592546489726876;0.948449430587478
371335.0;3205477.6015863614;0.4316519827301033;0.2496676055882674;0.1873312121220857;0.8633039654602066
369431.0;6190959.456490057;0.3877232292410616;0.2535148940985342;0.3618056599768523;0.7754464584821232
368759.0;687707.957329695;0.47067262126143067;0.2548727606315696;0.04019031833784113;0.9413452425228613
367921.0;4271610.67153466;0.41287420970566197;0.25656605252842024;0.24963706014236686;0.8257484194113239
366417.0;3795634.8372161738;0.39658956366139314;0.25960508714997554;0.2218205719099811;0.7931791273227863
365001.0;788260.7813772499;0.4703564229437866;0.26246630591601433;0.04606672265331823;0.9407128458875732
364485.0;5924376.327702261;0.3900780708703412;0.2635089534324522;0.3462262840291304;0.7801561417406824
364237.0;5715928.371654327;0.3875892528293571;0.26401007084345335;0.3340443838182209;0.7751785056587142
363768.0;525601.5207128562;0.4649488710373765;0.2649577485279676;0.030716661354808144;0.929897742074753
363576.0;2287620.743693594;0.45354339418530154;0.26534571039454913;0.13369076938165664;0.9070867883706031
363256.0;444746.76051008643;0.46480042952705725;0.26599231350551833;0.02599143094698077;0.9296008590541145
363096.0;374334.89533171046;0.4650091715206483;0.266315615061003;0.021876493427182075;0.9300183430412966
362982.0;2975434.100628726;0.4213387157626173;0.26654596741928577;0.1738872473744066;0.8426774315252346
362672.0;0.0;0.449606781677555;0.2671723641830372;0.0;0.89921356335511
359840.0;4163457.4554167036;0.394054754127911;0.27289480171511477;0.24331648156142405;0.788109508255822
359415.0;2777151.4817942465;0.4305520240404173;0.27375357147187074;0.16229941930453579;0.8611040480808346
357988.0;5237139.464912144;0.3875127108598044;0.2766370172198491;0.3060634969119347;0.7750254217196088
356545.0;3404660.222645985;0.39483762387629145;0.27955279312337594;0.19897163719268593;0.7896752477525829
351821.0;4738777.549979499;0.36824292754583154;0.289098271549059;0.2769387444714204;0.7364858550916631
349869.0;2698296.2615832957;0.43115324735836347;0.2930425505259712;0.15769104394825165;0.8623064947167269
349444.0;2567976.276209252;0.4365925683791037;0.2939013202827272;0.1500750179271151;0.8731851367582074
347961.0;4475962.382417074;0.3893555014214691;0.2968979215751252;0.26157957182295993;0.7787110028429381
341473.0;3900132.102982321;0.37116810241688947;0.31000779965002606;0.2279274932154765;0.7423362048337789
338147.0;3640554.129000404;0.38136746658902326;0.3167284307346624;0.21275750529162935;0.7627349331780465
337305.0;3588820.4491204275;0.3830764957987074;0.31842980517040015;0.20973413899056526;0.7661529915974148
337096.0;2639726.072715009;0.433603084701797;0.3188521178272519;0.1542681454480451;0.867206169403594
336046.0;3162122.6991183055;0.3920043838805086;0.32097378428511963;0.18479750967888148;0.7840087677610172
335820.0;3520831.7255532923;0.38290500159939256;0.32143044773224166;0.20576081221075507;0.7658100031987851
334482.0;3251862.4459713497;0.38779480506038666;0.3241340569899817;0.19004198730218178;0.7755896101207733
331772.0;2429603.8652805295;0.44285271872078236;0.32960997708600226;0.1419884003663795;0.8857054374415647
330191.0;3035818.7611732883;0.4048154974395882;0.33280460058113454;0.17741618535475479;0.8096309948791764
330191.0;3099187.8494669665;0.4042053451336488;0.33280460058113454;0.1811195361799957;0.8084106902672976
325073.0;3317078.7515905406;0.38345765184143815;0.34314620908719845;0.193853291294985;0.7669153036828763
323195.0;1923320.808344241;0.4453604537061949;0.3469409610946991;0.11240072872399674;0.8907209074123899
322828.0;2082047.7703659951;0.43380124814280197;0.34768253403759186;0.12167688594227714;0.8676024962856039
322448.0;1977589.288344241;0.4438489618422212;0.34845037523186784;0.11557223119632475;0.8876979236844424
320838.0;2855716.7006713497;0.40581934662830976;0.35170359713393173;0.16689084670231297;0.8116386932566195
319972.0;2350784.212035131;0.4100623785405025;0.35345346680299217;0.1373821035779709;0.820124757081005
317250.0;2484604.418235131;0.40133395754525225;0.3589536345156741;0.14520268589040608;0.8026679150905045
310019.0;2136966.9240802405;0.41589829583976345;0.3735648441888566;0.12488641441594898;0.8317965916795269
308181.0;2030316.5004082918;0.42041583273943556;0.37727877080748606;0.11865366047940214;0.8408316654788711
216081.0;0.0;0.3129891939258521;0.563379228683314;0.0;0.6259783878517042
