419461.0;5874541.92925185;0.4551951005859254;0.1524225389679406;0.343313913572238;0.9103902011718508
416583.0;5909075.226781379;0.4545366531676722;0.15823792569722;0.3453320728885214;0.9090733063353444
416093.0;5704160.93950538;0.4511922708238207;0.1592280367108916;0.33335668369923216;0.9023845416476414
414695.0;5554590.766436826;0.4617226677426688;0.1620528840519384;0.3246156580859582;0.9234453354853376
413797.0;6056768.535781379;0.45116395731337205;0.16386741403209576;0.3539634127498885;0.9023279146267441
410761.0;5116743.837588546;0.46023260737077565;0.17000206104741622;0.29902745997641944;0.9204652147415513
410594.0;5838198.699664435;0.44895947255782953;0.17033950704595327;0.34118998007550344;0.8979189451156591
408912.0;4977856.647036602;0.4779772592436912;0.17373821464798522;0.2909107581964879;0.9559545184873824
407089.0;4849217.640368401;0.4556841023513043;0.177421831745788;0.28339297019715537;0.9113682047026086
406009.0;5444424.808033545;0.4519752955191872;0.1796041172453091;0.31817745289866733;0.9039505910383744
404460.0;4022406.283042483;0.47219401498453906;0.18273408042934447;0.23507331459029082;0.9443880299690781
403716.0;5228831.797177046;0.4501308278442618;0.1842374326623479;0.3055779887723822;0.9002616556885236
401265.0;4796441.704108714;0.4573328381611605;0.18919000836542774;0.28030869342494763;0.914665676322321
398871.0;1964047.1185218429;0.48043630577208035;0.1940274078893662;0.11478081369075943;0.9608726115441607
397311.0;1761508.5841744628;0.48343577045559954;0.19717959805534113;0.10294426580100087;0.9668715409111991
396852.0;4512128.325352402;0.4462373731601677;0.1981070693926376;0.2636931445162336;0.8924747463203354
396703.0;4646117.048552402;0.4410916968464684;0.19840814396618267;0.2715235751251777;0.8821833936929367
395116.0;1441966.617760597;0.48385021109201487;0.20161489126964563;0.08426992414827492;0.9677004221840297
393992.0;1627935.7108325737;0.47849656427007214;0.20388608469692499;0.09513813786007169;0.9569931285401443
392891.0;4376258.758004122;0.4280213107793297;0.20611080352560346;0.25575279555567293;0.8560426215586594
390604.0;983671.9143511644;0.4881355231010282;0.2107319951343116;0.05748673831152691;0.9762710462020564
389007.0;1103117.490851164;0.48644115503299223;0.21395894878499233;0.0644672533578004;0.9728823100659845
387941.0;4296576.530367759;0.43285962529941824;0.21611294539840856;0.2510960890853733;0.8657192505988365
386832.0;2180814.0472473935;0.4773468143581911;0.21835382930486125;0.12744888271299906;0.9546936287163822
386133.0;4247401.528952403;0.4320833318861799;0.21976625297538463;0.24822225442913204;0.8641666637723598
384874.0;2400815.3538280963;0.46876872374659684;0.22231023209010414;0.14030597190613822;0.9375374474931937
383027.0;2523731.6030826923;0.46623399589229325;0.22604234442122959;0.1474893164258343;0.9324679917845865
382500.0;2021709.3060932523;0.472377126621393;0.22710721891960703;0.1181506477167459;0.944754253242786
381813.0;3844974.574820342;0.42053973992900795;0.22849539497346907;0.2247040339084678;0.8410794798580159
378516.0;1143493.5813281827;0.4837340513583249;0.23515742765117378;0.06682687114644685;0.9674681027166498
377943.0;3612353.1470894315;0.4368398942994233;0.23631525134675305;0.2111094126261866;0.8736797885988467
376541.0;2501654.543542399;0.46343643212947744;0.23914818122668693;0.1461991117082197;0.9268728642589549
375758.0;894758.4719670786;0.4906903881697117;0.24073033821383974;0.05229055072078693;0.9813807763394234
372052.0;3471114.0702363886;0.43100029338747375;0.248218810492752;0.20285526433552598;0.8620005867749475
371724.0;1303713.3516227957;0.4826160333932871;0.24888157868149544;0.07619026952438536;0.9652320667865742
371407.0;717128.7392367282;0.4842188354644618;0.2495221198882993;0.04190969729512865;0.9684376709289236
371034.0;1791640.4510289596;0.47706987683894764;0.2502758166395228;0.10470520125054533;0.9541397536778953
370464.0;2250576.0686111553;0.47061593671053786;0.2514275784309367;0.13152584273159124;0.9412318734210757
369743.0;4126260.448174994;0.4152065612397311;0.25288445606533927;0.24114265247259964;0.8304131224794622
368701.0;465019.9240782726;0.47764719969939107;0.25498995744543274;0.0271762142388366;0.9552943993987821
367906.0;3158037.2463349137;0.4357579616653445;0.2565963620492469;0.18455875186581752;0.871515923330689
366411.0;2990905.218584789;0.4581123161043512;0.2596172109583062;0.1747913944750317;0.9162246322087024
363337.0;324688.037806196;0.4754458456158938;0.2658286420930543;0.018975083043373926;0.9508916912317876
362672.0;0.0;0.449606781677555;0.2671723641830372;0.0;0.89921356335511
361412.0;3936439.3999749934;0.4159332183897478;0.26971836393247844;0.23004932677661197;0.8318664367794956
358232.0;2941160.1887629656;0.4376096113486637;0.2761439823477351;0.17188424680725212;0.8752192226973274
354562.0;3349938.5527311196;0.42592005727839816;0.2835597117766633;0.19577364986330223;0.8518401145567963
353071.0;2634730.4967174847;0.4413597288110558;0.2865724781468355;0.15397619915386382;0.8827194576221116
352201.0;3069503.459962965;0.40849441753158755;0.28833043035478306;0.17938475173971863;0.8169888350631751
349498.0;3062510.0156629644;0.4066410688170709;0.29379220600775113;0.17897604808913659;0.8132821376341418
347700.0;2861633.0354629653;0.42746446357156814;0.29742530723750943;0.16723660303119356;0.8549289271431363
346607.0;3723100.2729937835;0.39559249809337177;0.29963386098841366;0.21758158180448073;0.7911849961867435
343989.0;3790827.316717092;0.3899915075888884;0.30492388269003057;0.22153961576105993;0.7799830151777768
340372.0;2831662.998103516;0.4140465758653501;0.31223251847870453;0.1654851250538989;0.8280931517307002
337484.0;2669605.2766792877;0.42256987054279077;0.3180681115552017;0.15601431503385074;0.8451397410855815
333277.0;2741806.880715577;0.400179547643232;0.32656892182972513;0.16023384662395865;0.800359095286464
327448.0;3228564.5168247353;0.39811977247623437;0.3383472016229738;0.188680433783664;0.7962395449524687
325421.0;3404249.988114834;0.395042799145503;0.34244302820401945;0.19894766268981096;0.790085598291006
323638.0;789739.5830591057;0.4289432986275448;0.3460458199129511;0.04615314525424769;0.8578865972550896
320690.0;3105658.7925726017;0.3989876173933922;0.35200265107275497;0.18149770435529408;0.7979752347867844
318874.0;0.0;0.38902927381348734;0.3556721237275053;0.0;0.7780585476269747
316035.0;0.0;0.38338040415958696;0.36140870570263534;0.0;0.7667608083191739
312034.0;0.0;0.37570818418661983;0.3694932652244723;0.0;0.7514163683732397
309644.0;0.0;0.36950051723903626;0.37432258220952364;0.0;0.7390010344780725
306520.0;0.0;0.3630520906446002;0.38063504508036067;0.0;0.7261041812892004
304417.0;0.0;0.3597298629969204;0.38488443990026144;0.0;0.7194597259938408
299138.0;0.0;0.3493791410539403;0.3955513705965318;0.0;0.6987582821078806
295923.0;0.0;0.34459714825589716;0.40204771122705063;0.0;0.6891942965117943
293543.0;0.0;0.3408400944509718;0.4068568218648842;0.0;0.6816801889019436
291440.0;0.0;0.33719330203987596;0.41110621668478503;0.0;0.6743866040797519
287904.0;0.0;0.33081631779065757;0.4182511810609949;0.0;0.6616326355813151
284780.0;0.0;0.32668133941929683;0.4245636439318319;0.0;0.6533626788385937
282677.0;0.0;0.3228054999976689;0.4288130387517327;0.0;0.6456109999953378
279541.0;0.0;0.3184494623085978;0.43514974923923105;0.0;0.6368989246171955
276259.0;0.0;0.3163057075979168;0.44178147239610904;0.0;0.6326114151958336
273354.0;0.0;0.30984127915898285;0.44765141626287647;0.0;0.6196825583179657
267570.0;0.0;0.3008244873734625;0.4593387674936451;0.0;0.601648974746925
264355.0;0.0;0.29494558872565046;0.46583510812416395;0.0;0.5898911774513009
260849.0;0.0;0.29072443453128516;0.47291945345872044;0.0;0.5814488690625703
259231.0;0.0;0.286846939571196;0.4761888404385586;0.0;0.573693879142392
255398.0;0.0;0.2852335935711782;0.48393393332713674;0.0;0.5704671871423564
252473.0;0.0;0.28140623160822964;0.4898442898883397;0.0;0.5628124632164593
251932.0;0.0;0.275001274907457;0.49093745327282207;0.0;0.550002549814914
248426.0;0.0;0.2702066436317589;0.49802179860737855;0.0;0.5404132872635178
245638.0;0.0;0.2641881814281582;0.5036553282116979;0.0;0.5283763628563164
242114.0;0.0;0.2597928886593107;0.5107760449712464;0.0;0.5195857773186214
240011.0;0.0;0.25458309761831094;0.5150254397911472;0.0;0.5091661952366219
233620.0;0.0;0.25304337120834897;0.5279393162980356;0.0;0.5060867424166979
233253.0;0.0;0.2472070923689517;0.5286808892409284;0.0;0.4944141847379034
232141.0;0.0;0.24305655964988424;0.5309278350515464;0.0;0.48611311929976847
228582.0;0.0;0.23933199204054853;0.5381192740263572;0.0;0.47866398408109706
226479.0;0.0;0.23359531505551143;0.542368668846258;0.0;0.46719063011102285
221824.0;0.0;0.23067408424854133;0.5517747234761383;0.0;0.46134816849708266
219721.0;0.0;0.22469263043256554;0.5560241182960391;0.0;0.4493852608651311
215066.0;0.0;0.22221497634572307;0.5654301729259195;0.0;0.44442995269144614
212963.0;0.0;0.21595634126898813;0.5696795677458203;0.0;0.43191268253797627
206205.0;0.0;0.20765504763295856;0.5833350171956014;0.0;0.4153100952659171
200313.0;0.0;0.19930550589827872;0.5952405969763223;0.0;0.39861101179655745
193555.0;0.0;0.19339429124470828;0.6088960464261034;0.0;0.38678858248941655
186797.0;0.0;0.18882431190196253;0.6225514958758845;0.0;0.37764862380392505
