416313.0;3803124.355680283;0.45460136385324185;0.1587834970721003;0.2222582666146323;0.9092027277064837
416160.0;3674148.622276051;0.44850121356461425;0.15909265418453244;0.2147207999790855;0.8970024271292285
414639.0;3571286.7080033533;0.4419252571506709;0.162166039596358;0.20870945019696058;0.8838505143013418
413643.0;3481812.1582830558;0.44759399545928985;0.1641785917792497;0.20348047095065852;0.8951879909185797
413535.0;3392001.8079696223;0.46217227393714827;0.1643968203292018;0.19823186719282895;0.9243445478742965
411449.0;3235890.946817111;0.4658917345881018;0.1686118643588324;0.1891085974402499;0.9317834691762036
411409.0;7569464.997032424;0.4416109475821297;0.16869268974770354;0.4423668573781424;0.8832218951642594
410375.0;3074954.114455072;0.4515431915613443;0.17078202605002282;0.17970329326138137;0.9030863831226886
409388.0;2889087.373113442;0.4608265626984882;0.17277639252041851;0.16884106108372451;0.9216531253969764
408458.0;4369839.537401275;0.43499504444808623;0.17465558281167282;0.25537765009347557;0.8699900888961725
407984.0;4126291.1531702084;0.4355442768454934;0.17561336366979596;0.24114444690222503;0.8710885536909868
407223.0;7305949.587232424;0.43482325019042384;0.17715106669306963;0.4269667618958804;0.8696465003808477
406345.0;7010831.043810714;0.43188064079707983;0.17892518397879142;0.4097197487108457;0.8637612815941597
405586.0;2472729.6544070137;0.4698287596604643;0.18045884573262153;0.1445087132042504;0.9396575193209286
404594.0;4010566.2734431084;0.437768184956717;0.1824633153766261;0.2343813729748853;0.875536369913434
404175.0;3904642.7735573393;0.4354508407233582;0.18330996132505142;0.22819110116765295;0.8709016814467164
404148.0;2989415.762551034;0.4547494270911542;0.18336451846253946;0.17470434922346986;0.9094988541823084
403791.0;7100603.240008609;0.4318323576868157;0.1840858850582145;0.4149661227052516;0.8636647153736314
402515.0;2827466.223852302;0.4606269335934002;0.18666421496320423;0.1652398615065593;0.9212538671868004
402434.0;1684393.4624714863;0.472886269436517;0.18682788637566833;0.09843758348495177;0.945772538873034
401976.0;2666015.723945209;0.4590783456562367;0.18775333707824302;0.15580453809941877;0.9181566913124733
401837.0;6680428.180159581;0.43065859685714125;0.18803420530457027;0.39041068571638154;0.8613171937142825
401773.0;6439222.9049461065;0.4346525203371364;0.1881635259267641;0.37631441608292043;0.8693050406742728
401628.0;2253237.99436392;0.468938756331775;0.18845651796142204;0.13168140824781807;0.93787751266355
401338.0;2746185.4740523025;0.4515462955608076;0.18904250203073789;0.16048973585455334;0.9030925911216152
400937.0;4703072.977941031;0.4327119962265337;0.1898527765541712;0.2748521347397048;0.8654239924530674
400704.0;7179847.828294049;0.4234244354350194;0.19032358444434566;0.4195972531084965;0.8468488708700388
399652.0;6592641.430741504;0.43015518344075626;0.19244929217165696;0.38528034315257526;0.8603103668815125
398732.0;2535946.0771426046;0.46690376705530695;0.19430827611569346;0.148203142106583;0.9338075341106139
398232.0;1486125.3284799817;0.4761247820200801;0.19531859347658287;0.08685060192331755;0.9522495640401601
395957.0;2602972.022542958;0.4575827017333219;0.19991553746862964;0.15212020319890293;0.9151654034666438
395191.0;1206085.8284731105;0.48286295060510726;0.20146334366551222;0.07048482262341291;0.9657259012102145
394959.0;2938781.325056444;0.4490916693307215;0.2019321309209649;0.17174522371085132;0.898183338661443
393623.0;5590478.806097548;0.4150552627739674;0.2046316989092614;0.326712989843011;0.8301105255479349
391179.0;1411980.5857790313;0.4804891345141899;0.20957013016928877;0.08251751142979004;0.9609782690283798
388233.0;2053828.2877290428;0.4678797905570892;0.21552292005964913;0.12002771207650992;0.9357595811141785
388045.0;1329035.3127834073;0.47791120355357064;0.21590279938734355;0.07767010943191682;0.9558224071071413
387711.0;4981713.366649139;0.4238543543463511;0.21657769138441768;0.29113614862176307;0.8477087086927022
386424.0;1825105.8869568775;0.4697592698200296;0.219178248271347;0.10666095370174584;0.9395185396400592
384768.0;1278394.3628733074;0.47628862434299735;0.2225244193706127;0.07471060332743555;0.9525772486859947
383897.0;4302192.282824369;0.4199828200251949;0.22428439221328203;0.2514242790918028;0.8399656400503898
382911.0;6092773.403475598;0.41246026905212674;0.22627673804895593;0.3560675720502422;0.8249205381042535
382624.0;2183970.6566766966;0.46119663323145904;0.22685666021410644;0.1276333580218562;0.9223932664629181
381925.0;926664.8267416866;0.4837905180466487;0.22826908388462985;0.05415518896108117;0.9675810360932974
381578.0;1004277.4952061961;0.4770489570144454;0.2289702441330871;0.05869094839121751;0.9540979140288908
381280.0;782073.3049567264;0.48074656847367875;0.22957239328017717;0.045705120545332864;0.9614931369473575
379732.0;6380218.898254856;0.4112308531486806;0.23270033582949076;0.3728661648494501;0.8224617062973612
379191.0;1589326.8432201718;0.47361536038473884;0.2337934992139731;0.09288179828530349;0.9472307207694777
379102.0;3343943.041629051;0.4331790798666836;0.23397333570421142;0.19542326639424099;0.8663581597333672
376603.0;5278018.582998606;0.41261010297455053;0.23902290187393663;0.30845251212072267;0.8252202059491011
375818.0;4924662.954068992;0.4081434564033861;0.240609100130533;0.2878020673181174;0.8162869128067722
373266.0;861109.2887567263;0.47971011198581504;0.2457657599405125;0.050324059900637735;0.9594202239716301
373003.0;3147816.2502286434;0.4328101268352411;0.24629718687234034;0.18396142696523635;0.8656202536704822
372974.0;4544646.469856088;0.4126200414678932;0.24635578527927193;0.2655935363401608;0.8252400829357864
371702.0;3287766.055430959;0.4289190132794442;0.24892603264537458;0.1921402289733443;0.8578380265588884
370941.0;542165.8350180101;0.47467730307190986;0.2504637356686482;0.03168469590766854;0.9493546061438197
370441.0;1084064.3989872343;0.469190092131589;0.2514740530295376;0.06335377223667917;0.938380184263178
369963.0;6036667.14096068;0.4060778964822405;0.2524399164265479;0.3527886677898106;0.812155792964481
369500.0;4813725.969939302;0.4105629985070326;0.2533754703027315;0.28131880264145936;0.8211259970140652
369293.0;1778078.7702795444;0.46671214045755294;0.2537937416901397;0.10391264350752961;0.9334242809151059
369259.0;4219874.918353466;0.42245850717494615;0.2538624432706802;0.24661357267557385;0.8449170143498923
368008.0;5917244.1431680955;0.39298540834441775;0.2563902573076255;0.34580947226504183;0.7859708166888355
368008.0;6174448.155968096;0.3918038417843178;0.2563902573076255;0.360840723600769;0.7836076835686356
367705.0;471099.2744;0.4742539322033416;0.25700250962832444;0.02753149735300354;0.9485078644066832
366438.0;708009.455206196;0.471562960103059;0.25956265382081817;0.04137675751408643;0.943125920206118
365699.0;376927.2599;0.47063029324043726;0.26105590288021274;0.022027993720492405;0.9412605864808745
365142.0;5690875.892568095;0.40278363657322847;0.2621813964202435;0.33258029270382206;0.8055672731464569
364041.0;312375.1411;0.4700143876761635;0.264406115248922;0.018255505447959057;0.940028775352327
363725.0;624320.2405;0.46715377622299414;0.26504463582100407;0.0364858788429335;0.9343075524459883
362672.0;0.0;0.449606781677555;0.2671723641830372;0.0;0.89921356335511
362445.0;4077139.432127474;0.4112978268592244;0.267631048264881;0.23827197277348197;0.8225956537184488
361667.0;5156208.793203601;0.3999018648884294;0.26920310207842485;0.3013338301622706;0.7998037297768588
354192.0;4400533.827221728;0.4105626523197107;0.2843073466237214;0.25717145408525716;0.8211253046394213
353450.0;4147909.4007931007;0.4058523959062004;0.2858066575872813;0.24240783820751682;0.8117047918124008
353235.0;3690209.918207647;0.42272181093864875;0.2862410940524638;0.2156594376515585;0.8454436218772975
353165.0;3517787.9806930246;0.4194516513089249;0.2863825384829883;0.20558293281650125;0.8389033026178498
352698.0;2401717.1188009176;0.4338531086841724;0.287326174898059;0.14035867192354726;0.8677062173683447
352351.0;3961812.3734192858;0.3959309491339354;0.28802733514651624;0.2315321478913527;0.7918618982678708
350410.0;2507709.18936152;0.42961992932848986;0.2919493871414889;0.1465529510673544;0.8592398586569797
346148.0;3457647.799316774;0.3979695798748463;0.30056133232571014;0.20206828243526645;0.7959391597496926
344089.0;3839243.6723532975;0.37576894819698353;0.3047218192178527;0.22436911442402852;0.7515378963939671
343230.0;2311159.158841696;0.43841280499288937;0.3064575444438607;0.13506637713475547;0.8768256099857787
342106.0;3602106.8987164926;0.3700547009929164;0.3087287378711401;0.21051061195871143;0.7401094019858327
341604.0;3012023.440860927;0.39592458636561156;0.309743096501473;0.17602556381531806;0.7918491727312231
337682.0;2847093.5935955243;0.40418955270241597;0.31766802588028953;0.16638690398252187;0.8083791054048319
335829.0;2572418.880868486;0.42813730112370313;0.32141226201974565;0.15033464804132388;0.8562746022474063
335594.0;2720960.1093834117;0.4123306029754347;0.32188711117936364;0.1590155411394487;0.8246612059508694
333934.0;2931037.6511502797;0.38538663638861664;0.3252413648175165;0.17129267591628802;0.7707732727772333
333934.0;3076470.1456955243;0.3811489394814058;0.3252413648175165;0.17979189159373232;0.7622978789628116
333860.0;2769066.2138728937;0.39356121308909336;0.3253908917869281;0.16182690842525552;0.7871224261781867
321725.0;2633203.5745849153;0.40123759907995005;0.3499112941357139;0.15388696434724133;0.8024751981599001
321413.0;4462126.324169192;0.35702237988072044;0.3505417321689089;0.26077097919349196;0.7140447597614409
318821.0;4212926.804275662;0.36969793776266535;0.3557792173677596;0.24620751816703088;0.7393958755253307
317940.0;3996009.5613272777;0.3655287052202397;0.3575593965576467;0.23353066463618988;0.7310574104404794
317635.0;3346298.2023398895;0.3800678596349798;0.3581756901477892;0.195560904264643;0.7601357192699596
313562.0;3403573.1294672266;0.3744732291275917;0.3664057353695943;0.19890810641562928;0.7489464582551834
311018.0;3298149.327305753;0.3759840636258498;0.3715462301017996;0.19274703742682892;0.7519681272516996
309062.0;4326190.08269935;0.35807828341716297;0.3754985916175989;0.25282673373276443;0.7161565668343259
263166.0;0.0;0.3549060285867943;0.46823764280835894;0.0;0.7098120571735886
175051.0;0.0;0.26819484497822366;0.6462858713178984;0.0;0.5363896899564473
