419729.0;3618852.424538965;0.46071867341373157;0.15188100886250389;0.21148923668795394;0.9214373468274631
419122.0;3796534.4385274723;0.4598891037785948;0.15310753413862363;0.22187314548091755;0.9197782075571896
416044.0;3422331.393410829;0.4625758306231782;0.1593270478122588;0.20000435750786028;0.9251516612463564
411894.0;3174417.8305452494;0.4649325688808992;0.16771268190764083;0.18551604905419014;0.9298651377617984
410449.0;4920178.554909566;0.4461197857134706;0.1706324990806112;0.28753999469288405;0.8922395714269412
406979.0;5426117.92141267;0.4452617585453518;0.17764410156518365;0.3171075807338539;0.8905235170907037
404906.0;3950057.9746597526;0.45364825253992636;0.18183287734343112;0.23084520945625026;0.9072965050798527
402829.0;5433375.734130504;0.4416531846272134;0.1860297356605657;0.31753173433053294;0.8833063692544268
402793.0;5144839.251960737;0.43969920709247934;0.18610247851054973;0.30066938317276626;0.8793984141849587
399278.0;4479609.187751506;0.4501183100861776;0.19320500955760223;0.26179269465474464;0.9002366201723552
398473.0;5153306.79401267;0.43212145779128547;0.19483162050863417;0.30116423452206237;0.8642429155825709
396866.0;1501586.410056496;0.4886224535258731;0.19807878050653271;0.0877541624882123;0.9772449070517462
395727.0;1645892.2239284448;0.4883477596086204;0.20038028345463876;0.09618753385712091;0.9766955192172408
395341.0;1404090.2093772097;0.48898482778562596;0.2011602484572454;0.08205639019945567;0.9779696555712519
394548.0;1399106.9672374532;0.4839461377519544;0.20276261179161598;0.08176516470785453;0.9678922755039088
393914.0;2219692.540016031;0.4779670608277693;0.20404369420522375;0.129720979442742;0.9559341216555386
392840.0;1956439.514428085;0.48011168065295845;0.2062138558964142;0.11433621794767163;0.9602233613059169
391682.0;1630146.5963589377;0.482313307448764;0.20855375090423403;0.09526734414911642;0.964626614897528
389740.0;1286037.4709202456;0.4839100938680508;0.21247782353392847;0.07515727395589492;0.9678201877361016
388276.0;1856356.0216688933;0.4823115830651603;0.21543603276661266;0.10848724180673314;0.9646231661303206
388102.0;4186980.272134405;0.4428523055488476;0.21578762320820216;0.24469117772715981;0.8857046110976952
386270.0;2115230.2177986773;0.47734900901851146;0.21948942601850094;0.12361610027204362;0.9546980180370229
384786.0;2349705.4031259026;0.4711389669187904;0.2224880479456207;0.13731905694164007;0.9422779338375808
383480.0;5004135.902168281;0.4282961834983865;0.2251269968922638;0.2924465432898065;0.856592366996773
382495.0;992267.1436632865;0.48340633240643216;0.22711732209321592;0.057989051827837326;0.9668126648128643
382308.0;4817747.811120871;0.4426359319925069;0.22749518078618855;0.28155384293097285;0.8852718639850138
381542.0;4021677.5957344063;0.43033185959139025;0.22904298698307113;0.23503072939905054;0.8606637191827805
379545.0;4626326.704868283;0.4278897892241341;0.2330781945224634;0.2703670082944427;0.8557795784482682
376895.0;3922792.2487974414;0.4287332747816686;0.23843287653517722;0.229251774059089;0.8574665495633372
376090.0;3862686.452457622;0.43628629102403577;0.24005948748620917;0.2257391331726485;0.8725725820480715
375379.0;4141826.0002536867;0.4238255084685479;0.2414961587733939;0.24205231839470995;0.8476510169370958
374015.0;901080.9456138165;0.48027455856885426;0.24425230453390018;0.052660042197273056;0.9605491171377085
371640.0;4295865.570953686;0.42351902342546266;0.24905131199812486;0.2510545399294091;0.8470380468509253
371455.0;735957.305884218;0.47566830674819915;0.24942512942165393;0.043010056945387995;0.9513366134963983
370481.0;859402.004778478;0.4750774453743342;0.25139322764066646;0.05022428457326574;0.9501548907486684
369233.0;1095806.3117639886;0.47264085811978646;0.25391497977344646;0.06403998097886866;0.9452817162395729
367453.0;594764.783764401;0.47339551796957596;0.25751170957821273;0.0347586293583757;0.9467910359391519
364651.0;599538.3997240679;0.4713084172864879;0.2631735280686369;0.03503760409321309;0.9426168345729758
363888.0;434617.5618240679;0.4693098430151177;0.26471527236135417;0.025399470776446987;0.9386196860302354
363513.0;2063553.6460610596;0.4572187481005123;0.2654730103820212;0.12059607142606729;0.9144374962010245
362672.0;0.0;0.449606781677555;0.2671723641830372;0.0;0.89921356335511
359976.0;3525611.345851823;0.42015451277590665;0.27261999539295284;0.20604013784496444;0.8403090255518133
357905.0;3288658.9789896607;0.4239281527563468;0.27680472990175675;0.19219241228995868;0.8478563055126936
356306.0;2486510.321474365;0.4407297296225289;0.28003572482188105;0.14531406871954092;0.8814594592450578
354130.0;3351231.3484517746;0.40601932638011545;0.28443262597647173;0.19584920209591078;0.8120386527602309
353213.0;3317294.4966157917;0.40139552940382217;0.2862855480163429;0.19386589964297957;0.8027910588076443
350796.0;2458784.614333629;0.43795098782245206;0.29116942213888225;0.14369375157146738;0.8759019756449041
348769.0;3161915.755968199;0.40895184295145154;0.29526524871992793;0.1847854157209856;0.8179036859029031
346717.0;2821349.343779474;0.41960607505331193;0.299411591169018;0.1648823851174305;0.8392121501066239
345037.0;2388116.966396738;0.44397442599308;0.3028062575016064;0.13956386585980834;0.88794885198616
341099.0;2678170.0339396168;0.4270360180858665;0.3107635170359713;0.1565148477339747;0.854072036171733
339212.0;3760573.288135891;0.3711838265711998;0.31457645475596796;0.21977154106202357;0.7423676531423996
338940.0;3452014.6683149184;0.3956295932688388;0.31512606740029175;0.20173907680984018;0.7912591865376776
336123.0;2567965.3592343447;0.41373247629941323;0.32081819541154266;0.15007437992854009;0.8274649525988265
333650.0;3654963.8857811065;0.371453617289183;0.32581522507850164;0.21359962541837038;0.742907234578366
332118.0;3070412.1789351404;0.38858272610274003;0.3289108374722668;0.17943785815557745;0.7771654522054801
329357.0;2864689.0120816724;0.3819366528886042;0.33448980993909805;0.16741519726124396;0.7638733057772084
327518.0;2744291.225286667;0.3965312773593688;0.3382057571924493;0.1603790341241305;0.7930625547187375
325479.0;2906681.243286667;0.37724164294023504;0.34232583139015627;0.16986926387754148;0.7544832858804701
322795.0;2652584.8549092063;0.40410848169929986;0.3477492149834106;0.1550196251194865;0.8082169633985997
322550.0;3482077.918916343;0.35529177541977125;0.3482442704902464;0.20349600225917347;0.7105835508395425
319019.0;0.0;0.3899967897367141;0.35537913169284735;0.0;0.7799935794734282
315238.0;2871709.3433816726;0.3809583759635662;0.36301915157589304;0.1678254722141174;0.7619167519271324
314758.0;3015939.973653822;0.3597962232284291;0.36398905624234684;0.17625444978071864;0.7195924464568582
313823.0;2958504.1266538226;0.3658368474757773;0.36587834970721;0.17289784331669472;0.7316736949515547
310291.0;2908909.098242615;0.36671623886193094;0.37301523154453275;0.16999946187646786;0.7334324777238619
301810.0;0.0;0.36790030599173773;0.3901522346199388;0.0;0.7358006119834755
298687.0;0.0;0.35113669001221565;0.396462676856054;0.0;0.7022733800244313
297401.0;0.0;0.34393567879147;0.3990612131082616;0.0;0.68787135758294
294030.0;0.0;0.33774438562424186;0.4058727727553779;0.0;0.6754887712484837
290815.0;0.0;0.3327123028616738;0.41236911338589677;0.0;0.6654246057233476
288230.0;0.0;0.32996647170800164;0.417592454141695;0.0;0.6599329434160033
283240.0;0.0;0.3247667345342391;0.4276754214033712;0.0;0.6495334690684782
282052.0;0.0;0.3178848289674482;0.43007593545284445;0.0;0.6357696579348964
279264.0;0.0;0.31299981188856957;0.43570946505716374;0.0;0.6259996237771391
277240.0;0.0;0.3098412791589829;0.43979922973404406;0.0;0.6196825583179658
272506.0;0.0;0.30695482883682157;0.44936491450694493;0.0;0.6139096576736431
271440.0;0.0;0.3008244873734625;0.45151891112036113;0.0;0.601648974746925
268225.0;0.0;0.29494558872565046;0.45801525175088;0.0;0.5898911774513009
263900.0;0.0;0.2889229393093821;0.4667544969225733;0.0;0.5778458786187642
262038.0;0.0;0.2852335935711782;0.47051691877452545;0.0;0.5704671871423564
259017.0;0.0;0.2814062316082298;0.47662125626901924;0.0;0.5628124632164596
256914.0;0.0;0.27668773009566977;0.4808706510889201;0.0;0.5533754601913395
252723.0;0.0;0.2709055337931494;0.489339131207895;0.0;0.5418110675862988
249911.0;0.0;0.26595719380384986;0.49502115604553704;0.0;0.5319143876076997
246214.0;0.0;0.2597928886593105;0.5024914426119532;0.0;0.519585777318621
245102.0;0.0;0.25797062017723704;0.5047383884225713;0.0;0.5159412403544741
242999.0;0.0;0.2527197754792834;0.5089877832424722;0.0;0.5054395509585669
239475.0;0.0;0.24798604287850168;0.5161085000020207;0.0;0.49597208575700336
237372.0;0.0;0.24247489345547077;0.5203578948219214;0.0;0.48494978691094154
236260.0;0.0;0.24050232917099412;0.5226048406325395;0.0;0.48100465834198824
232717.0;0.0;0.2380038551255346;0.5297639494518018;0.0;0.4760077102510692
231605.0;0.0;0.23598348192978572;0.5320108952624198;0.0;0.47196696385957143
229502.0;0.0;0.23013592140650713;0.5362602900823207;0.0;0.46027184281301425
224847.0;0.0;0.2271438937784247;0.545666344712201;0.0;0.4542877875568494
222744.0;0.0;0.22103837513824792;0.5499157395321018;0.0;0.44207675027649584
218089.0;0.0;0.2184506097458002;0.5593217941619821;0.0;0.4369012194916004
215986.0;0.0;0.21205113604128512;0.563571188981883;0.0;0.42410227208257023
209228.0;0.0;0.2034909690578366;0.5772266384316641;0.0;0.4069819381156732
202470.0;0.0;0.20049330331232812;0.5908820878814454;0.0;0.40098660662465624
