417002.0;7622666.166104617;0.45239554029353113;0.1573912797487947;0.4454759851672973;0.9047910805870623
416012.0;4471554.743573984;0.4450318177207537;0.1593917081233557;0.2613219851448737;0.8900636354415074
415869.0;4304250.994882187;0.44839954786656877;0.15968065888857008;0.251544592216128;0.8967990957331375
415373.0;7489143.869907713;0.4414125363491081;0.16068289371057237;0.4376728130036511;0.8828250726982162
414974.0;5401880.118795641;0.4429888283515143;0.1614891269645621;0.31569110010046036;0.8859776567030286
413990.0;4044363.022968194;0.44347163382543503;0.16347743153079244;0.23635648771322804;0.8869432676508701
413984.0;7121898.928995643;0.4398366173966676;0.16348955533912313;0.4162106633718099;0.8796732347933351
413984.0;7179657.368495642;0.4393272745677154;0.16348955533912313;0.4195861224536205;0.8786545491354308
413528.0;6981105.824095642;0.4425555694454364;0.16441096477225425;0.40798257811353317;0.8851111388908728
413360.0;3885719.1331316237;0.44237230741596123;0.1647504314055131;0.22708518531381658;0.8847446148319225
412963.0;3776070.9646098725;0.4497286336025887;0.16555262339005927;0.22067724026812943;0.8994572672051774
412131.0;3521037.721637995;0.44432951094026113;0.16723379147857925;0.20577285082123253;0.8886590218805223
411665.0;3267542.492037995;0.4502494552902815;0.16817540725892818;0.19095834436371328;0.900498910580563
411262.0;7254448.406107714;0.4358379488406889;0.16898972305180504;0.4239569830470011;0.8716758976813778
411042.0;6322224.818567791;0.4342953271810452;0.16943426269059636;0.3694769347271413;0.8685906543620904
410989.0;5309000.638995639;0.43544214697450134;0.16954135633085066;0.3102631334462581;0.8708842939490027
409744.0;6808851.009407716;0.432203007984653;0.17205704655946527;0.3979158400981482;0.864406015969306
409672.0;3381644.738037995;0.4412716422729944;0.17220253225943333;0.1976265900062516;0.8825432845459888
409611.0;3622537.14657858;0.43869250398002374;0.17232579097746184;0.2117045754086714;0.8773850079600475
409176.0;6663196.282995222;0.43190099565047246;0.17320476708143562;0.3894036369753874;0.8638019913009449
407510.0;4852250.54799564;0.4358426586267464;0.1765711445279191;0.2835702162530267;0.8716853172534929
407107.0;6235728.252967792;0.42719603846616994;0.17738546032079597;0.36442199175383017;0.8543920769323399
407030.0;3203397.6605966077;0.4714330817374171;0.17754104919437294;0.18720965835844058;0.9428661634748342
406681.0;2889564.1909967214;0.4657637223813987;0.17824625071227373;0.1688689267821128;0.9315274447627974
405698.0;2544296.819783576;0.47448303868463226;0.1802325346437823;0.14869116758530684;0.9489660773692645
405634.0;2626834.055083576;0.4712778350317329;0.18036185526597615;0.1535147234654986;0.9425556700634657
405333.0;6532895.879967791;0.4249594989013096;0.18097006631723156;0.3817887553655315;0.8499189978026191
405309.0;2260555.949746467;0.47398802556431197;0.18101856155055426;0.13210907664000696;0.9479760511286239
405292.0;4402672.777895641;0.4333794149763923;0.1810529123408245;0.25729645643193244;0.8667588299527846
404618.0;5914901.9471677905;0.42321434668520946;0.1824148201433034;0.3456725920648659;0.8464286933704189
404177.0;3444313.153537995;0.4379305500164582;0.18330592005560786;0.2012889928355759;0.8758611000329164
403611.0;5146843.780595639;0.4278213078771764;0.18444959930813468;0.30078652976543746;0.8556426157543529
403610.0;4236841.3069681935;0.43133991590509063;0.18445161994285644;0.24760510484006573;0.8626798318101813
402790.0;3130710.2366692303;0.46098321091542355;0.18610854041471506;0.1829617349838992;0.9219664218308471
402482.0;2943622.7960692304;0.4614818307296968;0.18673089590902295;0.17202816396063825;0.9229636614593936
402195.0;6412466.945167791;0.4209528680666161;0.18731081807417346;0.37475077190887257;0.8419057361332322
401285.0;1402219.2377521666;0.4852529096064976;0.18914959567099218;0.08194704880764814;0.9705058192129952
399623.0;2357386.1229784773;0.47112781855617025;0.19250789057858855;0.1377679256404077;0.9422556371123405
399571.0;3026709.656366895;0.4586610466167823;0.19261296358412106;0.17688384045741895;0.9173220932335646
398876.0;2419674.7338265483;0.4652706340633484;0.19401730471575732;0.14140813231843766;0.9305412681266968
398371.0;1804308.7350145243;0.4787937170660741;0.19503772525025562;0.10544554802237995;0.9575874341321482
397545.0;2190576.483058431;0.473271405962809;0.1967067695304449;0.1280194089063004;0.946542811925618
397173.0;5655676.298462365;0.42256690860822543;0.19745844564694662;0.33052319437102806;0.8451338172164509
396908.0;5779147.338167791;0.419422107324248;0.197993913848218;0.3377389613813933;0.838844214648496
396604.0;1060987.3657648095;0.4833120225712683;0.19860818680363876;0.0620051280896731;0.9666240451425366
396558.0;2107674.627478249;0.4765323328965775;0.19870113600084058;0.12317454426418904;0.953064665793155
396257.0;4778711.186894674;0.42359708447320105;0.199309347052096;0.2792725048458685;0.8471941689464021
396217.0;1660473.4952922163;0.47467083190673875;0.19939017244096716;0.0970396774620254;0.9493416638134775
395868.0;2794523.010551102;0.464120964360055;0.20009537395886795;0.16331462825087967;0.92824192872011
393861.0;5518876.639620835;0.41811873729313076;0.20415078784547802;0.3225284899638005;0.8362374745862615
393082.0;1601553.9642639104;0.47670732336166954;0.2057248622937437;0.09359636306802213;0.9534146467233391
392245.0;1515196.2637527385;0.4804509353663181;0.20741613355587257;0.0885495355048447;0.9609018707326362
391149.0;2040985.0486609123;0.4591528717959147;0.20963074921094213;0.11927714076039281;0.9183057435918294
390849.0;3962275.1121958424;0.4232212523509212;0.21023693962747578;0.23155919079312354;0.8464425047018423
389547.0;1198163.1297416505;0.4826796202014187;0.21286780603523178;0.07002181244486479;0.9653592404028374
389185.0;1456511.790893043;0.4796518329248778;0.2135992758045157;0.08511995813761809;0.9593036658497556
388788.0;4158716.805630914;0.4198597096369423;0.2144014677890619;0.2430394334016806;0.8397194192738846
387046.0;881210.9115778762;0.48511767486853485;0.21792141347440058;0.051498818185282555;0.9702353497370697
386581.0;1311050.9477279915;0.4809091483470423;0.21886100862002772;0.07661908573940691;0.9618182966940846
386541.0;1960542.5400116518;0.47410060712101143;0.21894183400889888;0.11457600273217834;0.9482012142420229
383033.0;1119829.7847354547;0.48116114371884644;0.22603022061289893;0.06544393598042592;0.9623222874376929
381285.0;4688647.081320833;0.40699727021638693;0.22956229010656828;0.27400907138512953;0.8139945404327739
380268.0;4602529.882767791;0.40617388921979103;0.2316172756186173;0.26897629898905473;0.8123477784395821
377750.0;999101.0055767758;0.47945208083712076;0.23670523384805636;0.05838842932936638;0.9589041616742415
377234.0;673776.5004240678;0.4758563921934472;0.2377478813644942;0.039376150518522675;0.9517127843868944
376489.0;4344922.972683148;0.4114060909430462;0.23925325423221944;0.2539215019462369;0.8228121818860924
371564.0;3836745.5883694314;0.41282990185400303;0.24920488023698004;0.22422312397928207;0.8256598037080061
370261.0;3734192.331856093;0.4331334433064933;0.25183776727945784;0.21822981245521986;0.8662668866129866
365070.0;410165.75023686467;0.47552082217824493;0.2623268821202116;0.02397048325179707;0.9510416443564899
364889.0;5224654.581938263;0.4024531560212757;0.2626926170048536;0.30533386827265113;0.8049063120425514
364496.0;1897406.4791572045;0.4616925469037499;0.26348672645051263;0.11088627025592453;0.9233850938074998
363667.0;4503032.123708024;0.40333605072538625;0.26516183263486726;0.2631615536921688;0.8066721014507725
363600.0;5040933.116838262;0.4028298841810723;0.26529721516122645;0.2945970081139665;0.8056597683621446
362783.0;325006.2817749891;0.47480278332477527;0.2669480737289197;0.01899368152878997;0.9496055666495505
362672.0;0.0;0.449606781677555;0.2671723641830372;0.0;0.89921356335511
359552.0;4890539.3352847155;0.39862935709349484;0.27347674451498705;0.28580785002404335;0.7972587141869897
356702.0;3651435.1461483417;0.4300439218874188;0.27923555347205664;0.2133934024604118;0.8600878437748376
350026.0;3548122.2929592817;0.39365767353103887;0.2927253108746519;0.2073556993717614;0.7873153470620777
348473.0;3353158.213894495;0.4031914698559751;0.29586335659757446;0.1959618099764969;0.8063829397119502
348108.0;3428658.7854636307;0.3790926387615258;0.2966008882710237;0.200374136420755;0.7581852775230516
344774.0;3030376.5915205893;0.4148477060227712;0.30333768443343423;0.17709813969531557;0.8296954120455424
342234.0;2902420.824720589;0.43387992148318627;0.3084700966267524;0.1696202808948696;0.8677598429663725
336646.0;4223930.880444055;0.3691499545213549;0.31976140345205234;0.24685060702402015;0.7382999090427098
336422.0;3128805.3721115026;0.3807593113418735;0.32021402562973084;0.18285041285631642;0.761518622683747
333942.0;4117227.768244055;0.37456060307028755;0.32522519973974223;0.24061477391892133;0.7491212061405751
332122.0;2414021.259699437;0.44012557186443485;0.32890275493337967;0.14107773782109082;0.8802511437288697
331255.0;3229593.7536115027;0.38008941966476134;0.33065464523716187;0.1887405833772005;0.7601788393295227
331020.0;2506430.226841701;0.4267876422808198;0.3311294943967799;0.14647820726038538;0.8535752845616396
329728.0;3296878.806522521;0.376114069336956;0.33374015445731814;0.1926727869631129;0.752228138673912
329360.0;4036696.8281635204;0.3742602230290321;0.33448374803493275;0.2359084678723117;0.7485204460580642
328438.0;2977182.8442423674;0.4060787132102912;0.3363467732484128;0.17398944564298038;0.8121574264205824
327654.0;2761091.285266901;0.39531836588948577;0.33793095087028735;0.16136084588231078;0.7906367317789715
324113.0;1982049.2304006303;0.43628671693753235;0.3450860184201061;0.11583287452479604;0.8725734338750647
322891.0;2626191.822170419;0.4060382453454745;0.34755523405011984;0.15347719075273628;0.812076490690949
322436.0;2167070.729789712;0.43526227106297316;0.3484746228485292;0.12664570994503088;0.8705245421259463
320568.0;3883160.661244055;0.37331883480325917;0.352249168508812;0.22693566574155646;0.7466376696065183
318554.0;2357507.340418875;0.4095600182530209;0.3563187268384745;0.13777500970489434;0.8191200365060418
317059.0;2275035.290301796;0.4058843442387506;0.35933957574753383;0.13295526330985483;0.8117686884775012
299900.0;0.0;0.3745894082466306;0.39401164693853635;0.0;0.7491788164932612
233088.0;0.0;0.2977959881109946;0.5290142939700219;0.0;0.5955919762219892
