423317.0;5132499.178282994;0.4526646024280269;0.14463097148076154;0.2999482173288423;0.9053292048560538
422431.0;4039558.591514849;0.4582350137563386;0.14642125384425755;0.23607571209112818;0.9164700275126773
421507.0;3947766.73026694;0.4613988792210145;0.14828832032718117;0.23071130691730846;0.922797758442029
421504.0;4807638.400936013;0.4552733388504672;0.1482943822313465;0.2809630392195909;0.9105466777009344
421334.0;4373823.3907217365;0.45577779837595517;0.1486378901340489;0.2556104703356352;0.9115555967519103
421329.0;3722894.9483043477;0.45790262332403203;0.1486479933076578;0.2175695824309922;0.9158052466480641
420957.0;3283766.097352143;0.45852434645145174;0.14939966942415953;0.1919064675535261;0.9170486929029035
420740.0;6238186.114884696;0.449944342684909;0.14983814715878552;0.3645656315820712;0.899888685369818
420661.0;3635080.6995211532;0.45413007293390595;0.14999777730180605;0.21243763277768465;0.9082601458678119
420652.0;6312356.233784696;0.44939782489321556;0.15001596301430206;0.3689002050852209;0.8987956497864311
420425.0;3815648.302888671;0.45264337278906297;0.15047464709614583;0.22299017820557251;0.9052867455781259
420404.0;6234348.993737381;0.4513764817600143;0.1505170804253032;0.3643413865100638;0.9027529635200287
419772.0;3591911.121212814;0.4528623239749647;0.1517941215694674;0.20991476085766303;0.9057246479499294
419455.0;8858749.19104487;0.4452479508439002;0.1524346627762713;0.5177138729725331;0.8904959016878004
419384.0;3205163.219164332;0.4624648447529724;0.15257812784151759;0.18731283930919831;0.9249296895059448
418459.0;8781950.82190938;0.44612097159951175;0.15444721495916297;0.5132257019829648;0.8922419431990235
417959.0;4707858.359222023;0.44755833891172236;0.15545753232005238;0.27513179705130264;0.8951166778234447
417213.0;2977408.431501029;0.46012756361710205;0.15696492582249935;0.17400262918061718;0.9202551272342041
417202.0;4482668.561500308;0.45083480493153566;0.15698715280443892;0.2619714874163643;0.9016696098630713
416996.0;4653915.356901509;0.4505933557016179;0.15740340355712537;0.2719793158094417;0.9011867114032358
416428.0;4150976.568231909;0.4517779584888806;0.15855112407909572;0.2425870864399203;0.9035559169777612
416389.0;2970398.158022743;0.46395269173845965;0.1586299288332451;0.173592942016575;0.9279053834769193
416387.0;3504104.794112814;0.45780235270376024;0.15863397010268865;0.2047832741551851;0.9156047054075205
416274.0;7504595.427381675;0.4459712150535957;0.15886230182624966;0.43857581697077874;0.8919424301071914
416091.0;4959814.779145975;0.44592640940225337;0.15923207798033517;0.28985637398265807;0.8918528188045067
416084.0;8377231.59622196;0.4353008036920811;0.15924622242338762;0.4895735188949859;0.8706016073841621
415980.0;4928530.407256276;0.44681538571316554;0.15945636843445263;0.28802808502388483;0.8936307714263311
415867.0;7101000.474894368;0.442569818297966;0.15968470015801364;0.4149893374962736;0.885139636595932
415688.0;4378346.604230383;0.45025496212908656;0.16004639377321203;0.25587481130898737;0.9005099242581731
415127.0;4950756.4758189125;0.4413343636376042;0.16117996985212996;0.2893269979729214;0.8826687272752084
414938.0;7271623.224311202;0.4393594775084519;0.16156186981454615;0.42496069603830183;0.8787189550169038
414700.0;8155704.027073435;0.4392515901375042;0.1620427808783295;0.47662723344082614;0.8785031802750084
414621.0;2847790.670262106;0.4620161556831381;0.16220241102135002;0.166427641817292;0.9240323113662762
414368.0;4672331.117774454;0.44533662439331784;0.16271363160596006;0.27305555069087467;0.8906732487866357
413955.0;4419709.248747024;0.44147789936016585;0.16354815374605472;0.2582920842701344;0.8829557987203317
413825.0;2895828.8176558088;0.46101214248867467;0.16381083625988596;0.1692350376246775;0.9220242849773493
413048.0;5895983.7873548325;0.43806344807490305;0.16538086943870808;0.3445669965033412;0.8761268961498061
412477.0;2660944.1735410457;0.47003327933721983;0.16653465186484379;0.15550815178741337;0.9400665586744397
412118.0;7711599.911950604;0.43781971843597317;0.16726005972996238;0.45067335931199304;0.8756394368719463
412018.0;6912059.908044132;0.4362793358060247;0.16746212320214027;0.403947467982173;0.8725586716120494
411784.0;5101583.233861811;0.44094969703049863;0.16793495172703649;0.29814145962775807;0.8818993940609973
411032.0;5517041.87292953;0.43831682382868087;0.16945446903781416;0.3224212644233465;0.8766336476573617
410977.0;6350284.642033784;0.43506287810313193;0.169565603947512;0.3711167779564981;0.8701257562062639
410541.0;6450824.403320641;0.4337709228771194;0.17044660068620754;0.3769924188716027;0.8675418457542388
409500.0;5241462.596951496;0.4382264827889038;0.1725500814315793;0.3063161449306558;0.8764529655778076
409076.0;6118915.8955962155;0.4374551121781516;0.1734068305536135;0.35759536458088526;0.8749102243563032
408962.0;5755828.734061812;0.4377311233185581;0.17363718291189628;0.33637619959824866;0.8754622466371162
408962.0;6087987.509461812;0.437471978294941;0.17363718291189628;0.35578787977404386;0.874943956589882
408931.0;7523391.799884354;0.43275116254611357;0.17369982258827144;0.4396742951640697;0.8655023250922271
408887.0;4283712.504752982;0.445903314670804;0.1737887305160297;0.2503443029833606;0.891806629341608
408728.0;5796287.183859133;0.4314614216660835;0.17411001143679253;0.3387406305452507;0.862922843332167
408682.0;5840058.902298575;0.43004598239213077;0.17420296063399435;0.3412986921170643;0.8600919647842615
408596.0;3540333.5629039067;0.45598617731953417;0.17437673522006733;0.2069005184522494;0.9119723546390683
408218.0;5602342.172886407;0.42997925309478197;0.17514053514489972;0.32740629647516656;0.8599585061895639
408001.0;4820541.694469391;0.43479400528666345;0.1755790128795257;0.2817171201767558;0.8695880105733269
407813.0;5982803.09188502;0.4277156247119762;0.17595889220722014;0.34964080065196096;0.8554312494239524
407378.0;5197482.409129531;0.4347819761724989;0.1768378683111939;0.3037459002064474;0.8695639523449978
407307.0;4276081.5372501835;0.4451455857458607;0.1769813333764402;0.24989834186004586;0.8902911714917214
406220.0;4663187.585887224;0.4404701100984531;0.17917776331901378;0.2725211938416289;0.8809402201969062
405415.0;1620882.8802742776;0.4834493409980136;0.1808043742700457;0.0947259636191026;0.9668986819960272
405181.0;5555081.425507987;0.43098820555755063;0.18127720279494194;0.3246443326767567;0.8619764111151013
405074.0;2163863.8089798363;0.47121676788167444;0.18149341071017228;0.12645829439042017;0.9424335357633489
404328.0;1892396.1377208538;0.47598185495051737;0.18300080421261927;0.11059346105521366;0.9519637099010347
404319.0;3330421.7928261478;0.4554619620262666;0.18301898992511528;0.19463307153329465;0.9109239240525332
404141.0;6640224.158744094;0.4265123340850463;0.1833786629055919;0.38806112381015634;0.8530246681700926
403040.0;5560663.173451633;0.4246479283754589;0.18560338173427038;0.3249705354265515;0.8492958567509178
402780.0;5293862.511859911;0.42907958179598504;0.18612874676193286;0.3093784466513197;0.8581591635919701
402664.0;5409110.260921619;0.42782848387725486;0.1863631403896592;0.3161136366009819;0.8556569677545097
402226.0;1412585.8484958205;0.48527070119165383;0.1872481783977983;0.08255288356851043;0.9705414023833077
402103.0;1718727.9907991905;0.4806634497941634;0.1874967164685771;0.1004441265367846;0.9613268995883268
402029.0;1810372.2485152239;0.4785961953826255;0.18764624343798875;0.10579990561740496;0.957192390765251
401838.0;4030234.917963618;0.44768553966431823;0.1880321846698485;0.2355308275887631;0.8953710793286365
401838.0;4590582.968061384;0.4272246323338902;0.1880321846698485;0.26827810973577065;0.8544492646677804
401705.0;1667439.1293127732;0.48344612783461005;0.18830092908784507;0.09744675585297219;0.9668922556692201
401687.0;1688857.6878412692;0.4805573854823457;0.1883373005128371;0.09869847713440161;0.9611147709646914
400097.0;5466320.182286407;0.421479243289405;0.1915501097204654;0.3194570397523161;0.84295848657881
399581.0;1889424.883967707;0.4774741413171404;0.19259275723690325;0.1104198181113903;0.9549482826342808
399453.0;1560108.4489301988;0.4825736041592275;0.19285139848129093;0.09117424705615346;0.965147208318455
399380.0;2083135.1723588244;0.4743404066652957;0.1929989048159808;0.12174043476672686;0.9486808133305914
399227.0;1390622.507122619;0.4828594731227549;0.19330806192841296;0.08126932465059543;0.9657189462455098
399117.0;4478925.083207616;0.43980920522579336;0.19353033174780862;0.2617527149233742;0.8796184104515867
398077.0;1335986.6034755777;0.48630172368790164;0.19563179185845858;0.0780763495848765;0.9726034473758033
398047.0;1217593.9454569428;0.482132781520135;0.19569241090011194;0.07115736811328224;0.96426556304027
398035.0;1792559.6320797664;0.4779834915059831;0.19571665851677328;0.10475891908040072;0.9559669830119663
397429.0;1563947.7277841938;0.48151519471563137;0.19694116315817126;0.09139861822662666;0.9630303894312627
397354.0;3817073.71628386;0.44056087391307225;0.19709271076230467;0.22307348074337957;0.8811217478261445
396922.0;2089683.5488824863;0.46744409505458434;0.1979656249621131;0.12212312822588636;0.9348881901091687
396850.0;1630987.6888210804;0.4787286896166488;0.19811111066208117;0.09531649840630478;0.9574573792332975
396405.0;1607022.309440302;0.48117770287422823;0.19901029311327273;0.093915938450389;0.9623554057484565
396332.0;5066744.611393822;0.4262739150881036;0.19915779944796258;0.2961054568266896;0.8525478301762072
396261.0;1433203.4067635685;0.4808550935149207;0.1993012645132089;0.08375779361978751;0.9617101870298413
396178.0;5425160.5832864065;0.41684552451652673;0.19946897719511653;0.3170516329675944;0.8336910490330535
395561.0;1212764.6789236409;0.48785298396803073;0.20071570881845405;0.07087514110508342;0.9757059679360615
395285.0;4456469.421214026;0.43521338397871484;0.201273404001665;0.26044038431211647;0.8704267679574297
394762.0;1958230.8859798259;0.4723711455684039;0.2023301959611553;0.11444090743418764;0.9447422911368079
394126.0;1863595.2052105379;0.4679415391055308;0.20361531964420665;0.10891030669633317;0.9358830782110616
393992.0;1627935.7108325737;0.47849656427007214;0.20388608469692499;0.09513813786007169;0.9569931285401443
393201.0;1773337.9374195095;0.4783049188538613;0.20548440676185203;0.10363558464875018;0.9566098377077226
393080.0;1414014.329431916;0.478443047566578;0.20572890356318727;0.0826363653763757;0.956886095133156
392891.0;4376258.758004122;0.4280213107793297;0.20611080352560346;0.25575279555567293;0.8560426215586594
392878.0;1011085.1669480297;0.48891126529508017;0.2061370717769866;0.05908879531377776;0.9778225305901603
392559.0;4182208.2337678634;0.43445904570383254;0.20678165425323403;0.2444122951883909;0.8689180914076651
392395.0;1859930.323677351;0.47670233037093207;0.20711303834760575;0.10869612747400575;0.9534046607418641
392049.0;1303102.1955543903;0.48153456632672825;0.20781217796134122;0.0761545529724951;0.9630691326534565
391642.0;1131723.7034895453;0.48386404913699366;0.2086345762931052;0.06613902809898657;0.9677280982739873
390958.0;5261569.3889472345;0.42199958676798544;0.21001669044280188;0.3074912053068644;0.8439991735359709
390855.0;1390559.3840498682;0.4807280377939363;0.21022481581914512;0.08126563567715651;0.9614560755878726
390645.0;1838144.4610014968;0.4707586465406215;0.21064914911071866;0.10742294058286249;0.941517293081243
390604.0;983671.9143511644;0.4881355231010282;0.2107319951343116;0.05748673831152691;0.9762710462020564
389970.0;4316150.044465486;0.4325912334824689;0.21201307754791934;0.25223998418531135;0.8651824669649378
389326.0;922862.0076511643;0.4844617658309093;0.2133143663087449;0.0539329485344577;0.9689235316618185
389275.0;913312.4639480296;0.48448543311161624;0.21341741867955563;0.05337486396190111;0.9689708662232325
389112.0;1735345.4458544939;0.47746595676257414;0.21374678213920556;0.10141526668649387;0.9549319135251483
388784.0;1183482.2526449682;0.4819446069357181;0.214409550327949;0.0691638477845671;0.9638892138714362
388685.0;3955381.3837090684;0.42935310980329244;0.21460959316540512;0.2311563146311348;0.8587062196065849
388424.0;1257844.0557781116;0.48184776573801685;0.2151369788277894;0.07350962349974344;0.9636955314760337
388104.0;4803350.207286081;0.41198635175315285;0.2157835819387586;0.2807124330341481;0.8239727035063057
387681.0;4024724.064002466;0.42658193892069896;0.21663831042607104;0.23520876795189044;0.8531638778413979
387667.0;1097335.279319978;0.48359605590979854;0.21666659931217594;0.06412933532201463;0.9671921118195971
387648.0;2794017.917421308;0.46007654073888493;0.21670499137188973;0.16328511011973065;0.9201530814777699
387220.0;1052448.7992236407;0.48200172772374933;0.21756982303281105;0.061506126000514645;0.9640034554474987
387069.0;1665281.89970973;0.47556109281566;0.21787493887579967;0.09732068526799485;0.95112218563132
386687.0;1345816.2033107753;0.48121098927453293;0.21864682133951918;0.07865080090872645;0.9624219785490659
386532.0;4589534.996167863;0.41990123817585356;0.2189600197213949;0.2682168652444705;0.8398024763517071
386347.0;1291784.759400415;0.48145478668063163;0.21933383714492397;0.07549315105479357;0.9629095733612633
386079.0;1616895.3957087807;0.47653881762329936;0.2198753672503607;0.0944929311634701;0.9530776352465987
385543.0;3094639.1730734888;0.4563125365047432;0.22095842746123412;0.18085370713102042;0.9126250730094864
385338.0;837064.7080099052;0.486873991671199;0.22137265757919877;0.04891887134026838;0.973747983342398
385313.0;1010999.0311199783;0.4828957582827262;0.22142317344724324;0.059083761452655786;0.9657915165654524
385155.0;4607562.961311237;0.415371141364445;0.2217424337332843;0.2692704369683009;0.83074228272889
385008.0;1560341.0423097298;0.4757639663207798;0.22203946703738578;0.09118784003827181;0.9515279326415595
384861.0;3493280.3641678607;0.43494129856612807;0.22233650034148728;0.20415068399728936;0.8698825971322561
384857.0;1170585.2776927226;0.4801715264136044;0.22234458288037437;0.06841013609139643;0.9603430528272088
384223.0;3870139.4561090674;0.4282484141162617;0.22362566529398215;0.22617469391632194;0.8564968282325234
383921.0;4582830.906890079;0.4154624995954513;0.22423589697995935;0.2678250717813185;0.8309249991909026
383559.0;1089708.8459449683;0.48188599129081533;0.22496736674924328;0.06368363917751439;0.9637719825816307
383099.0;1187087.925097124;0.4755154428259425;0.22589685872126153;0.06937456677091824;0.951030885651885
383027.0;2523731.6030826923;0.46623399589229325;0.22604234442122959;0.1474893164258343;0.9324679917845865
382495.0;992267.1436632865;0.48340633240643216;0.22711732209321592;0.057989051827837326;0.9668126648128643
382171.0;3083714.862889393;0.45657219082599554;0.22777200774307224;0.1802152798753218;0.9131443816519911
381883.0;877527.6511480295;0.48547326713681177;0.22835395054294455;0.05128356488245398;0.9709465342736235
381813.0;3844974.574820342;0.42053973992900795;0.22849539497346907;0.2247040339084678;0.8410794798580159
381190.0;905348.2367663841;0.48296502330940994;0.22975425040513725;0.052909426820548146;0.9659300466188199
381136.0;1083996.9233372125;0.48158818292849614;0.2298633646801133;0.0633498288944137;0.9631763658569923
380953.0;1024487.5204427666;0.4813605701916072;0.23023314083419885;0.0598720418178916;0.9627211403832144
380802.0;1002136.9956527388;0.47888914877836425;0.23053825667718744;0.058565855526523186;0.9577782975567285
380386.0;5523024.867279422;0.409141078201378;0.23137884072144743;0.3227709164013014;0.818282156402756
378945.0;1100601.779844198;0.47715865835116267;0.2342905753555307;0.064320232772771;0.9543173167023253
378791.0;1764775.196048465;0.4731996270733011;0.2346017531026846;0.10313516975914626;0.9463992541466022
378597.0;944433.1759633686;0.4806592658008919;0.23499375623870972;0.055193588479286806;0.9613185316017838
378076.0;5916935.963765973;0.40645658649620525;0.23604650692875645;0.3457914619626388;0.8129131729924105
377679.0;2677835.6548860786;0.4652916303536259;0.23684869891330265;0.15649530629859654;0.9305832607072518
377475.0;3139569.8635268887;0.4536474762335616;0.2372609083965455;0.1834795001485577;0.9072949524671232
377416.0;934352.2495228833;0.48266530865883817;0.23738012584513046;0.05460444938548215;0.9653306173176763
377331.0;769631.0374714164;0.47779659121845464;0.23755187979648168;0.044977982396428993;0.9555931824369093
377155.0;5427866.726073818;0.40915838574133817;0.23790751150751474;0.3172097825701031;0.8183167714826763
377083.0;2162537.1703205663;0.4571257331500348;0.23805299720748282;0.12638076434373816;0.9142514663000696
376985.0;3801449.9308940414;0.4159154224903433;0.23825101941021715;0.22216041161023026;0.8318308449806866
376952.0;1152650.846794354;0.4739430570287993;0.23831770035603583;0.06736203059933231;0.9478861140575986
376678.0;756424.5916562536;0.47426052753404674;0.23887135426980324;0.04420618492663705;0.9485210550680935
375508.0;817499.9698599416;0.47367680484220065;0.24123549689428445;0.04777548911520773;0.9473536096844013
375319.0;3380930.501584197;0.4320263778011144;0.24161739685670064;0.1975848493369156;0.8640527556022288
375192.0;6362430.735976606;0.4063335582165923;0.24187401746636653;0.37182660743705087;0.8126671164331846
374752.0;1059552.7825781927;0.4730373402388589;0.24276309674394922;0.06192128966038384;0.9460746804777178
374354.0;2998438.809758805;0.44764735290122615;0.24356730936321716;0.17523166483148725;0.8952947058024523
374101.0;709570.6836374818;0.475165058692463;0.24407852994782722;0.04146799721399495;0.950330117384926
373900.0;728810.1009386303;0.4734020078824996;0.24448467752690475;0.04259236737392467;0.9468040157649992
373628.0;3496447.450812009;0.41752670264392944;0.24503429017122857;0.20433577160471808;0.8350534052878589
373566.0;652649.6761562536;0.47086076810568755;0.24515956952397888;0.038141478469520894;0.9417215362113751
373111.0;5366228.163373475;0.4049206345828547;0.24607895832238824;0.3136075653347045;0.8098412691657094
372362.0;2161832.319585078;0.4658171312646582;0.24759241372900057;0.12633957218486025;0.9316342625293164
372314.0;2350963.401705723;0.45135221511007384;0.24768940419564595;0.1373925755956743;0.9027044302201477
372052.0;3471114.0702363886;0.43100029338747375;0.248218810492752;0.20285526433552598;0.8620005867749475
371964.0;592771.3158196657;0.4728359644716553;0.2483966263482685;0.034642129163138344;0.9456719289433106
371428.0;598868.3484999998;0.4693333984889363;0.24947968655914196;0.034998445651448766;0.9386667969778726
371234.0;1973837.6017187452;0.4673089032520308;0.24987168969516704;0.11535297900042467;0.9346178065040616
370872.0;534713.160552614;0.47491956744498;0.250603159464451;0.031249154401946266;0.94983913488996
370818.0;3463222.9150370434;0.426854355511394;0.250712273739427;0.20239409759151092;0.853708711022788
370583.0;5423904.79297604;0.39365379193504135;0.25118712289904505;0.31697824336696345;0.7873075838700827
370570.0;508316.4503689683;0.47806260046289806;0.2512133911504282;0.029706505121760825;0.9561252009257961
370067.0;532451.8770137168;0.4693677689595879;0.2522297704154829;0.031117002804292398;0.9387355379191759
369916.0;3313484.7118850523;0.44226376089635233;0.25253488625847154;0.193643252137603;0.8845275217927047
369840.0;1942596.3828956243;0.4679086656541451;0.2526884544973267;0.1135272119486099;0.9358173313082901
369743.0;4126260.448174994;0.4152065612397311;0.25288445606533927;0.24114265247259964;0.8304131224794622
369727.0;4985287.805662936;0.3929187544545205;0.2529167862208877;0.29134504229576025;0.785837508909041
369568.0;985247.4734258427;0.46914180465066013;0.25323806714165054;0.057578815508099235;0.9382836093013203
368945.0;4527892.649645414;0.4096416460821277;0.25449692257331874;0.2646144268788475;0.8192832921642554
368869.0;2221061.8394286223;0.44670449438371873;0.25465049081217395;0.1298010026251195;0.8934089887674375
368701.0;465019.9240782726;0.47764719969939107;0.25498995744543274;0.0271762142388366;0.9552943993987821
368658.0;4661833.635600598;0.40539370909683714;0.25507684473846925;0.27244206767702195;0.8107874181936743
368623.0;2584499.916672282;0.41688344031020197;0.25514756695373153;0.15104067546129255;0.8337668806204039
368477.0;498320.44419723004;0.47277002274163166;0.25544257962311123;0.029122328850616434;0.9455400454832633
368443.0;2104798.157076534;0.4659704267098855;0.2555112812036517;0.12300644055111992;0.931940853419771
368260.0;386383.4549756061;0.4744418719903239;0.2558810573577372;0.02258062290894767;0.9488837439806478
367491.0;459836.65435053007;0.46742628174032685;0.2574349254587851;0.026873298941480227;0.9348525634806537
367431.0;482006.89359999995;0.46538687128085043;0.2575561635420918;0.028168949171444232;0.9307737425617009
367396.0;4293780.560469332;0.4114519079319026;0.2576268857573541;0.25093268989959516;0.8229038158638052
366641.0;2102716.040229641;0.44997353331763507;0.2591524649722971;0.12288475962827858;0.8999470666352701
366530.0;336242.0502144896;0.47196708879283095;0.25937675542641453;0.01965031070624953;0.9439341775856619
366526.0;414574.82749723;0.47083831581065966;0.25938483796530165;0.02422815399238044;0.9416766316213193
366255.0;484509.6944137168;0.46533238545196176;0.25993242997490373;0.028315215272290386;0.9306647709039235
366126.0;3674921.6961676753;0.41517648721487815;0.2601930918540132;0.21476597916520934;0.8303529744297563
366064.0;1958330.8428991726;0.4615616119778085;0.2603183712067635;0.1144467490132559;0.923123223955617
365939.0;4195176.907807192;0.4091277095706297;0.2605709505469858;0.24517019704557474;0.8182554191412594
365670.0;436327.24510619603;0.4703720824018505;0.2611145012871443;0.025499386321458883;0.940744164803701
365323.0;418349.67031094694;0.46838579544197984;0.26181566153560154;0.02444875945832223;0.9367715908839597
365322.0;2030439.3578374982;0.4519645959975992;0.26181768217032336;0.11866084038642132;0.9039291919951984
364714.0;366551.3413972301;0.47083831581065966;0.26304622808116485;0.021421615005182734;0.9416766316213193
364529.0;330813.9551972301;0.46566642608341674;0.26342004550469394;0.01933308758212168;0.9313328521668335
364331.0;4018291.423052683;0.41084266100247835;0.2638201311796061;0.23483283819163484;0.8216853220049567
363878.0;2407086.5266719903;0.4457539042860582;0.26473547870857195;0.14067246531407604;0.8915078085721164
363744.0;329497.22515053017;0.4663536015566432;0.2650062437612903;0.019256136604344203;0.9327072031132864
363479.0;307917.1665526141;0.4687740914155234;0.26554171196256166;0.017994977102617344;0.9375481828310468
363375.0;246583.80345910572;0.4679816610552647;0.26575185797362666;0.014410596027502425;0.9359633221105293
363183.0;3921568.681290978;0.41322584869870144;0.2661398198402082;0.2291802675902915;0.8264516973974029
363036.0;294476.6364972301;0.4665959425840206;0.2664368531443097;0.017209499523366017;0.9331918851680412
362996.0;370993.4432972301;0.4634181813147191;0.26651767853318087;0.02168121573765549;0.9268363626294382
362789.0;220753.61136187564;0.4667418342830264;0.26693594992058906;0.012901054612355505;0.9334836685660528
362672.0;0.0;0.449606781677555;0.2671723641830372;0.0;0.89921356335511
362497.0;2449306.5549586625;0.443447432132219;0.26752597525934846;0.14313984461220525;0.886894864264438
362367.0;2773472.056293452;0.4054372324497164;0.26778865777317973;0.16208439011867107;0.8108744648994328
362254.0;2278025.411975912;0.4433433407339992;0.26801698949674074;0.13313000891323304;0.8866866814679984
361993.0;3562695.727089958;0.39828362453485866;0.268544375159125;0.20820738496118177;0.7965672490697173
361853.0;2480983.0823589135;0.4431317169864961;0.26882726402017404;0.14499105151839944;0.8862634339729922
361764.0;2502039.353369504;0.42332366723548764;0.2690071005104123;0.14622160036679352;0.8466473344709753
361163.0;3356015.9654383515;0.40176485512518856;0.2702215019782014;0.19612881974140353;0.8035297102503771
361017.0;2424410.851579773;0.4414118901432122;0.2705165146475811;0.14168491562181354;0.8828237802864244
360902.0;3106729.1745806118;0.39886073242899284;0.27074888764058563;0.18156025851536525;0.7977214648579857
360570.0;2663072.0474029435;0.3993621110842876;0.2714197383682162;0.15563250679447846;0.7987242221685752
359302.0;2474237.3984660525;0.40000421812897563;0.27398190319543175;0.14459682722570225;0.8000084362579513
358809.0;2415613.3355438877;0.43440115444625266;0.2749780761132687;0.14117078027366753;0.8688023088925053
358624.0;3416451.7992377835;0.3966457317169046;0.2753518935367978;0.19966074833627304;0.7932914634338092
357815.0;3164034.3622789527;0.3919769465885938;0.27698658702671686;0.18490922912339608;0.7839538931771876
357777.0;2988527.40080906;0.38965264007513983;0.27706337114614443;0.17465243250383827;0.7793052801502797
357129.0;2296512.012618831;0.426977580677408;0.2783727424458571;0.13421038373935604;0.853955161354816
356460.0;4647771.958290674;0.3873140658578098;0.2797245470747271;0.27162028965129686;0.7746281317156196
356452.0;3733427.4470764194;0.3821952477767252;0.27974071215250135;0.2181851118487208;0.7643904955534504
355807.0;2004361.5415806512;0.4335069184979997;0.2810440215480487;0.11713682757582655;0.8670138369959994
355637.0;3485783.959570325;0.38785763065070605;0.2813875294507511;0.20371258686033886;0.7757152613014121
355228.0;2878448.524389892;0.39513548804779985;0.2822139690519586;0.16821931647194502;0.7902709760955997
355148.0;0.0;0.44278688543122985;0.2823756198297009;0.0;0.8855737708624597
355034.0;2988773.9258789527;0.38119938761651095;0.28260597218798367;0.17466683966741936;0.7623987752330219
354757.0;2454303.846023773;0.41023081875838563;0.2831656880059164;0.14343189113659546;0.8204616375167713
354222.0;2421328.9379574433;0.4202897153545045;0.2842467275820681;0.1415048056081791;0.840579430709009
354203.0;2229191.0722268266;0.4158974506926617;0.2842851196417819;0.1302760828543361;0.8317949013853234
353579.0;2116943.557726826;0.42349619277072786;0.28554599570817185;0.12371622951498652;0.8469923855414557
351834.0;2429394.514889124;0.4000595268167878;0.28907200329767585;0.14197616572697325;0.8001190536335756
350562.0;2543341.9818660524;0.3947825983534701;0.2916422506637785;0.1486353659336649;0.7895651967069403
349846.0;2888881.182796729;0.39412594796289435;0.29308902512457213;0.16882901112214044;0.7882518959257887
348848.0;2176576.027485749;0.4195725537571863;0.29510561857690737;0.12720120873812765;0.8391451075143725
348031.0;2292953.8416319243;0.412032606240979;0.2967564771446007;0.13400244078458853;0.824065212481958
347823.0;4720276.0752523;0.37234950851852355;0.29717676916673064;0.27585750038942247;0.7446990170370471
347463.0;2412738.2570674997;0.4106041474079091;0.297904197666571;0.1410027579060611;0.8212082948158183
345884.0;0.0;0.43152260309745893;0.30109477989225975;0.0;0.8630452061949179
345567.0;2425499.0358621427;0.39576203518798553;0.30173532109906365;0.14174851016402082;0.7915240703759711
345181.0;2101947.5096557722;0.4257562422875634;0.3025152861016703;0.12283984595803972;0.8515124845751268
344211.0;2053892.1903146016;0.4292009411187981;0.3044753017817957;0.12003144660543147;0.8584018822375962
343007.0;2995255.6394789526;0.37617896355273567;0.30690814598681737;0.17504563728082811;0.7523579271054713
342854.0;2416042.5205937913;0.4070023010027355;0.30721730309924955;0.14119586226319175;0.814004602005471
342685.0;2968592.3870068025;0.38563623269552444;0.30755879036723016;0.17348741101144063;0.7712724653910489
342675.0;2323979.6772891236;0.4102810820388346;0.30757899671444794;0.13581562063581804;0.8205621640776692
341846.0;4192008.0306320516;0.35247410872187074;0.30925410289880256;0.24498500479778265;0.7049482174437415
341143.0;0.0;0.4304484729990639;0.3106746091082131;0.0;0.8608969459981278
341111.0;2963909.6165899364;0.3898866835345008;0.31073926941931;0.1732137453780115;0.7797733670690016
340776.0;2777521.277115239;0.3855566728986912;0.3114161820511059;0.16232103050084684;0.7711133457973824
340635.0;2412875.4436560404;0.40946835270807774;0.3117010915468767;0.14101077522301428;0.8189367054161555
339984.0;2162969.0856455197;0.42314011931110784;0.3130165247507547;0.12640600589317766;0.8462802386222157
339709.0;0.0;0.42598891648618287;0.3135721992992439;0.0;0.8519778329723657
339650.0;3974443.9668091275;0.3712266000978196;0.31369141674782886;0.23227035042927757;0.7424532001956392
339222.0;0.0;0.42236182743762724;0.3145562484087502;0.0;0.8447236548752545
339221.0;2150764.1584718903;0.4163027901477083;0.31455826904347195;0.1256927381416993;0.8326055802954166
339212.0;3760573.288135891;0.3711838265711998;0.31457645475596796;0.21977154106202357;0.7423676531423996
338413.0;0.0;0.41696979406098583;0.3161909418986692;0.0;0.8339395881219717
337889.0;2198172.0912718903;0.40765534847945223;0.3172497544928813;0.12846330359853833;0.8153106969589045
337801.0;2373374.4138560407;0.3964741418644241;0.31742757034839786;0.13870229682689555;0.7929482837288482
336692.0;0.0;0.4143584431758723;0.3196684542548505;0.0;0.8287168863517446
336246.0;3682774.36804823;0.37608494946779597;0.32056965734076387;0.2152248969068443;0.7521698989355919
335629.0;2959791.1141306083;0.37899184859770313;0.3218163889641014;0.17297305610991248;0.7579836971954063
335376.0;3308948.189416409;0.37421885311670977;0.3223276095487114;0.19337813337575316;0.7484377062334195
335053.0;0.0;0.4143584431758722;0.322980274563846;0.0;0.8287168863517445
334600.0;2186211.4156718897;0.40393962564665176;0.3238956220928118;0.1277643101453199;0.8078792512933035
334512.0;0.0;0.4106188428943767;0.3240734379483283;0.0;0.8212376857887534
333714.0;3581942.4206169774;0.37363234816206425;0.3256859044563078;0.20933218035079065;0.7472646963241285
333650.0;3654963.8857811065;0.371453617289183;0.32581522507850164;0.21359962541837038;0.742907234578366
333386.0;0.0;0.4096568067405858;0.32634867264505124;0.0;0.8193136134811716
333259.0;3549451.528588213;0.37224171234404074;0.32660529325471716;0.20743338118786278;0.7444834246880815
333222.0;2744638.525851136;0.38100044583663145;0.32668005673942296;0.16039933070510817;0.7620008916732629
331477.0;3440990.1100377245;0.3571151683587478;0.330206064328927;0.20109479095859756;0.7142303367174956
331263.0;3161724.878147415;0.37395503020539816;0.3306384801593877;0.18477426063647745;0.7479100604107963
330242.0;0.0;0.4047797856774047;0.3327015482103238;0.0;0.8095595713548094
330195.0;0.0;0.4035091230506929;0.3327965180422474;0.0;0.8070182461013858
330063.0;2678097.5231255116;0.38424278716719656;0.3330632418255222;0.15651061013184903;0.7684855743343931
329498.0;2694769.3724430865;0.3777708005848117;0.33420490044332724;0.15748492913486825;0.7555416011696234
329351.0;0.0;0.403124560303974;0.33450193374742876;0.0;0.806249120607948
329342.0;3427689.306286377;0.36232508263064067;0.33452011945992477;0.20031747911972997;0.7246501652612813
329302.0;0.0;0.4025138161797197;0.3346009448487959;0.0;0.8050276323594394
328020.0;0.0;0.399772200032363;0.33719139856211633;0.0;0.799544400064726
327534.0;0.0;0.3983498794129215;0.33817342703690084;0.0;0.796699758825843
327413.0;3058251.118020107;0.36990648002215226;0.33841792383823605;0.1787271539906891;0.7398129600443045
327151.0;2501356.3018151987;0.393405990594964;0.3389473301353421;0.14618168217315317;0.786811981189928
327009.0;2935648.826323627;0.3758847175041712;0.3392342602658347;0.1715621574544223;0.7517694350083424
325966.0;2732776.2469481593;0.3757970215604388;0.34134178228065;0.15970608765005606;0.7515940431208776
325431.0;0.0;0.39550050928709085;0.3424228218568017;0.0;0.7910010185741817
325276.0;3017252.9242775277;0.37255361818746957;0.3427360202386774;0.17633117988535996;0.7451072363749391
324831.0;3317020.5877322303;0.35718809589510847;0.34363520268986897;0.19384989214283568;0.7143761917902169
324750.0;0.0;0.39445534898210977;0.343798874102333;0.0;0.7889106979642195
324584.0;2681767.0943753244;0.383626101204169;0.3441342994661483;0.15672506342575307;0.767252202408338
323908.0;3253403.753983642;0.36759605941934426;0.34550024853807076;0.19013206283353262;0.7351921188386885
323123.0;2814332.31814446;0.3717015845814251;0.34708644679466716;0.16447230335081692;0.7434031691628502
322999.0;0.0;0.39143475637729835;0.3473370055001677;0.0;0.7828695127545967
322550.0;3482077.918916343;0.35529177541977125;0.3482442704902464;0.20349600225917347;0.7105835508395425
322481.0;2592202.7887477446;0.38325739449852075;0.34838369428604915;0.1514908387573966;0.7665147889970415
322342.0;0.0;0.3899967897367141;0.3486645625123764;0.0;0.7799935794734282
322214.0;0.0;0.3899770857393627;0.34892320375676406;0.0;0.7799541714787254
321126.0;0.0;0.38902927381348734;0.3511216543340594;0.0;0.7780585476269747
321030.0;0.0;0.38744708236579284;0.35131563526735016;0.0;0.7748941647315857
320467.0;0.0;0.38703192493239436;0.35245325261571164;0.0;0.7740638498647887
320239.0;0.0;0.3870319249323943;0.3529139573322772;0.0;0.7740638498647886
319705.0;0.0;0.38638154281666537;0.35399297627370707;0.0;0.7727630856333307
319056.0;0.0;0.38445655651745747;0.35530436820814154;0.0;0.7689131130349149
318907.0;0.0;0.3844565565174574;0.3556054427816866;0.0;0.7689131130349148
318390.0;0.0;0.38445655651745736;0.3566501109328462;0.0;0.7689131130349147
318063.0;0.0;0.3842798871885607;0.3573108584868679;0.0;0.7685597743771214
317944.0;0.0;0.38338040415958696;0.35755131401875956;0.0;0.7667608083191739
317564.0;0.0;0.3816868386466718;0.35831915521303553;0.0;0.7633736772933436
317416.0;0.0;0.3816868386466717;0.35861820915185877;0.0;0.7633736772933434
317289.0;3522447.3526566997;0.3503757393881604;0.3588748297615247;0.20585523102168946;0.7007514787763208
317255.0;0.0;0.3812604563748935;0.3589435313420652;0.0;0.762520912749787
316504.0;3163462.82166681;0.3686784480920278;0.3604610280181211;0.18487582773709513;0.7373568961840556
316373.0;0.0;0.3805954057089729;0.36072573116667406;0.0;0.7611908114179458
316233.0;0.0;0.37838837887880705;0.3610086200277231;0.0;0.7567767577576141
315224.0;0.0;0.3783677202139899;0.36304744046199794;0.0;0.7567354404279798
314758.0;3015939.973653822;0.3597962232284291;0.36398905624234684;0.17625444978071864;0.7195924464568582
314596.0;0.0;0.3775175339102506;0.36431639906727503;0.0;0.7550350678205012
314557.0;0.0;0.37570818418661994;0.3643952038214244;0.0;0.7514163683732399
314130.0;0.0;0.37526997745609786;0.36525801484762394;0.0;0.7505399549121957
313823.0;2958504.1266538226;0.3658368474757773;0.36587834970721;0.17289784331669472;0.7316736949515547
313311.0;0.0;0.3745894082466306;0.3669129146847608;0.0;0.7491788164932612
313068.0;0.0;0.37401824247934945;0.367403928922153;0.0;0.7480364849586989
312898.0;2859903.1326998435;0.3702380696415428;0.36774743682485544;0.16713550584015138;0.7404761392830856
312496.0;0.0;0.37256115964729675;0.3685597319830105;0.0;0.7451223192945935
312482.0;0.0;0.3722515190874489;0.3685880208691154;0.0;0.7445030381748978
312276.0;0.0;0.37223034186992604;0.3690042716218018;0.0;0.7444606837398521
312187.0;3523888.2382566994;0.35005417133931704;0.36918410811204017;0.20593943777011395;0.7001083426786341
311639.0;0.0;0.37111429653415595;0.37029141593957493;0.0;0.7422285930683119
310706.0;0.0;0.36904982329084063;0.37217666813499456;0.0;0.7380996465816813
310399.0;0.0;0.3690498232908406;0.3727970029945807;0.0;0.7380996465816811
310291.0;2908909.098242615;0.36671623886193094;0.37301523154453275;0.16999946187646786;0.7334324777238619
309536.0;0.0;0.36790030599173773;0.37454081075947576;0.0;0.7358006119834755
309276.0;0.0;0.3677637777013753;0.37506617578713825;0.0;0.7355275554027506
309200.0;0.0;0.36738253249129266;0.37521974402599345;0.0;0.7347650649825853
308978.0;0.0;0.36587814550979597;0.37566832493422836;0.0;0.7317562910195919
308923.0;2858974.6230686754;0.35803921832285096;0.3757794598439262;0.16708124283903492;0.7160784366457019
308008.0;0.0;0.3641093385555072;0.3776283406143538;0.0;0.7282186771110144
307241.0;0.0;0.3630520906446003;0.3791781674459581;0.0;0.7261041812892006
306974.0;0.0;0.36258817392255366;0.3797176769166731;0.0;0.7251763478451073
306573.0;0.0;0.3618736460939103;0.38052795144010637;0.0;0.7237472921878206
306508.0;0.0;0.3608012122941097;0.380659292697022;0.0;0.7216024245882194
305895.0;0.0;0.3592556707511412;0.3818979417814724;0.0;0.7185113415022824
304941.0;0.0;0.3592556707511411;0.38382562730604936;0.0;0.7185113415022822
304780.0;0.0;0.35805641274261835;0.3841509494962558;0.0;0.7161128254852367
304539.0;0.0;0.3574352919553849;0.3846379224642045;0.0;0.7148705839107699
304216.0;0.0;0.3563498344454583;0.38529058747933903;0.0;0.7126996688909166
303104.0;0.0;0.35587187493868533;0.38753753328995705;0.0;0.7117437498773707
302792.0;0.0;0.3551386838690735;0.388167971323152;0.0;0.710277367738147
302680.0;0.0;0.35465868741695994;0.38839428241199125;0.0;0.7093173748339199
302113.0;0.0;0.3529316452493207;0.38953998229923986;0.0;0.7058632904986414
302037.0;0.0;0.35237005020065076;0.389693550538095;0.0;0.7047401004013015
301053.0;0.0;0.3509848622497249;0.39168185510432535;0.0;0.7019697244994498
300692.0;0.0;0.3493791410539403;0.39241130423888754;0.0;0.6987582821078806
299937.0;0.0;0.34888622011000975;0.39393688345383054;0.0;0.6977724402200195
299490.0;0.0;0.3488862201100095;0.39484010717446566;0.0;0.697772440220019
299153.0;0.0;0.34763796229074545;0.3955210610757051;0.0;0.6952759245814909
298513.0;0.0;0.3452055377544754;0.3968142672976435;0.0;0.6904110755089508
297738.0;0.0;0.34520553775447527;0.39838025920702214;0.0;0.6904110755089505
297418.0;0.0;0.34393567879147;0.39902686231799134;0.0;0.68787135758294
297215.0;0.0;0.3437774264508245;0.3994370511665124;0.0;0.687554852901649
296532.0;0.0;0.34327151072905815;0.4008171446814873;0.0;0.6865430214581163
296410.0;0.0;0.3416146857196228;0.40106366211754435;0.0;0.6832293714392456
295315.0;0.0;0.34032883627073646;0.40327625713789217;0.0;0.6806576725414729
295112.0;0.0;0.34016812781400213;0.40368644598641323;0.0;0.6803362556280043
294751.0;0.0;0.3384932452956567;0.4044158951209754;0.0;0.6769864905913134
294030.0;0.0;0.33774438562424186;0.4058727727553779;0.0;0.6754887712484837
293882.0;0.0;0.3377443856242418;0.4061718266942012;0.0;0.6754887712484836
293749.0;0.0;0.3362702188006488;0.4064405711121978;0.0;0.6725404376012976
292572.0;0.0;0.3340386027428179;0.4088188581797314;0.0;0.6680772054856358
291646.0;0.0;0.3325445597123583;0.4106899659320986;0.0;0.6650891194247166
290896.0;0.0;0.33081631779065757;0.4122054419734327;0.0;0.6616326355813151
290192.0;0.0;0.32996647170800164;0.413627968817565;0.0;0.6599329434160033
289784.0;0.0;0.32947480480517083;0.41445238778405075;0.0;0.6589496096103417
289266.0;0.0;0.3284426843053631;0.4154990765699321;0.0;0.6568853686107262
288839.0;0.0;0.32790159354104287;0.4163618875961317;0.0;0.6558031870820857
288516.0;0.0;0.3266813394192968;0.41701455261126624;0.0;0.6533626788385936
288089.0;0.0;0.32613674808555815;0.4178773636374658;0.0;0.6522734961711163
286413.0;0.0;0.322805499997669;0.4212639474311671;0.0;0.645610999995338
285620.0;0.0;0.3228054999976689;0.42286631076553766;0.0;0.6456109999953378
285544.0;0.0;0.32184883188936814;0.42301987900439286;0.0;0.6436976637787363
284191.0;0.0;0.3197105113858701;0.4257537977829596;0.0;0.6394210227717402
283868.0;0.0;0.3184494623085978;0.42640646279809413;0.0;0.6368989246171955
283441.0;0.0;0.3178848289674482;0.4272692738242937;0.0;0.6357696579348964
282862.0;0.0;0.3178848289674481;0.4284392213282036;0.0;0.6357696579348961
282515.0;0.0;0.31628393784867787;0.42914038157666085;0.0;0.6325678756973557
281765.0;0.0;0.31443527354180734;0.43065585761799496;0.0;0.6288705470836147
281186.0;0.0;0.3144352735418072;0.4318258051219049;0.0;0.6288705470836145
280653.0;0.0;0.31299981188856957;0.432902803428613;0.0;0.6259996237771391
278964.0;0.0;0.31114685092551647;0.4363156554736974;0.0;0.6222937018510329
278641.0;0.0;0.3098412791589829;0.43696832048883194;0.0;0.6196825583179658
278202.0;0.0;0.3092548241012513;0.43785537913169287;0.0;0.6185096482025026
277623.0;0.0;0.3092548241012512;0.4390253266356028;0.0;0.6185096482025024
276538.0;0.0;0.3056761151484856;0.44121771530873277;0.0;0.6113522302969712
275414.0;0.0;0.30418710265608584;0.44348890873601216;0.0;0.6083742053121717
273164.0;0.0;0.3021789375477851;0.44803533686001445;0.0;0.6043578750955702
272975.0;0.0;0.30021412971164463;0.4484172368224307;0.0;0.6004282594232893
271299.0;0.0;0.2964935567657747;0.45180382061613195;0.0;0.5929871135315494
270187.0;0.0;0.29494558872565046;0.45405076642674996;0.0;0.5898911774513009
267212.0;0.0;0.2949455887256504;0.46006215472404194;0.0;0.5898911774513008
267179.0;0.0;0.29362919396129505;0.4601288356698606;0.0;0.5872583879225901
266993.0;0.0;0.29276962523551314;0.4605046737281115;0.0;0.5855392504710263
266658.0;0.0;0.29136115362644044;0.46118158635990736;0.0;0.5827223072528809
265499.0;0.0;0.286846939571196;0.463523502002449;0.0;0.573693879142392
263056.0;0.0;0.2852335935711782;0.4684599126277546;0.0;0.5704671871423564
260928.0;0.0;0.2837545831097899;0.47275982331569993;0.0;0.5675091662195798
260806.0;0.0;0.28287487044622533;0.47300634075175696;0.0;0.5657497408924507
260617.0;0.0;0.28074021032787994;0.4733882407141731;0.0;0.5614804206557599
259837.0;0.0;0.2791929967218454;0.47496433579716063;0.0;0.5583859934436908
259205.0;0.0;0.27668773009566977;0.4762413769413248;0.0;0.5533754601913395
257829.0;0.0;0.275001274907457;0.47902177031849247;0.0;0.550002549814914
255241.0;0.0;0.27500127490745696;0.484251172978456;0.0;0.5500025498149139
255219.0;0.0;0.2728495956506264;0.48429562694233513;0.0;0.5456991913012528
254570.0;0.0;0.2724417862696283;0.48560701887676955;0.0;0.5448835725392566
254381.0;0.0;0.2702066436317589;0.48598891883918577;0.0;0.5404132872635178
253543.0;0.0;0.26866163826340966;0.4876822107360364;0.0;0.5373232765268193
252894.0;0.0;0.26823136854191365;0.4889936026704709;0.0;0.5364627370838273
251699.0;0.0;0.2659571938038498;0.4914082611629965;0.0;0.5319143876076996
251593.0;0.0;0.2641881814281583;0.49162244844350506;0.0;0.5283763628563166
249617.0;0.0;0.2641695842550908;0.49561522265374;0.0;0.5283391685101816
248885.0;0.0;0.2597928886593107;0.49709432727008207;0.0;0.5195857773186214
248087.0;0.0;0.2590567322748634;0.49870679377806154;0.0;0.5181134645497268
246782.0;0.0;0.25458309761831094;0.5013437220899829;0.0;0.5091661952366219
245299.0;0.0;0.2527197754792839;0.5043403233823809;0.0;0.5054395509585679
242999.0;0.0;0.2527197754792834;0.5089877832424722;0.0;0.5054395509585669
242878.0;0.0;0.252605893295012;0.5092322800438074;0.0;0.505211786590024
242796.0;0.0;0.2503059190513526;0.5093979720909932;0.0;0.5006118381027052
241578.0;0.0;0.24720709236895183;0.5118591051821199;0.0;0.49441418473790366
240043.0;0.0;0.24247489345547077;0.5149607794800503;0.0;0.48494978691094154
238790.0;0.0;0.24050232917099432;0.5174926347864391;0.0;0.48100465834198863
236260.0;0.0;0.24050232917099412;0.5226048406325395;0.0;0.48100465834198824
235214.0;0.0;0.238740182759421;0.5247184245515201;0.0;0.477480365518842
234444.0;0.0;0.2380038551255345;0.5262743132872898;0.0;0.476007710251069
234135.0;0.0;0.23598348192978572;0.5268986894163195;0.0;0.47196696385957143
233285.0;0.0;0.2322109777418952;0.5286162289298314;0.0;0.4644219554837904
232032.0;0.0;0.23013592140650713;0.5311480842362203;0.0;0.46027184281301425
229726.0;0.0;0.22826629097563497;0.5358076679046422;0.0;0.45653258195126994
227623.0;0.0;0.22219590646002438;0.540057062724543;0.0;0.44439181292004876
225274.0;0.0;0.22103837513824792;0.5448035336860014;0.0;0.44207675027649584
222968.0;0.0;0.2196320936574299;0.5494631173544233;0.0;0.4392641873148598
220865.0;0.0;0.21327254490749634;0.5537125121743242;0.0;0.4265450898149927
219595.0;0.0;0.2132725449074961;0.5562787182709833;0.0;0.4265450898149922
218516.0;0.0;0.21205113604128528;0.5584589831357826;0.0;0.42410227208257056
216132.0;0.0;0.21179305235512294;0.5632761763125033;0.0;0.4235861047102459
215831.0;0.0;0.20947823300740695;0.5638843873637587;0.0;0.4189564660148139
214561.0;0.0;0.20947823300740684;0.5664505934604178;0.0;0.4189564660148137
214107.0;0.0;0.20477840458682384;0.5673679616241054;0.0;0.4095568091736477
211758.0;0.0;0.20349096905783653;0.5721144325855638;0.0;0.40698193811567307
209073.0;0.0;0.20079958889410837;0.5775398368135398;0.0;0.40159917778821674
207803.0;0.0;0.20079958889410834;0.580106042910199;0.0;0.4015991777882167
207349.0;0.0;0.20049330331232815;0.5810234110738866;0.0;0.4009866066246563
207271.0;0.0;0.1962716062443172;0.5811810205821852;0.0;0.3925432124886344
205866.0;0.0;0.1949217388196134;0.5840200123662845;0.0;0.3898434776392268
200513.0;0.0;0.19022480649455664;0.5948364700319665;0.0;0.3804496129891133
188799.0;0.0;0.18809768906368576;0.6185061851628834;0.0;0.3761953781273715
182041.0;0.0;0.18550969794274155;0.6321616346126645;0.0;0.3710193958854831
175283.0;0.0;0.18403195805461933;0.6458170840624456;0.0;0.36806391610923866
