414453.0;3163939.2865721807;0.4496924356936954;0.16254187765460887;0.18490367280711292;0.8993848713873908
413631.0;4053560.0765548926;0.4384887139898599;0.16420283939591104;0.23689397242236945;0.8769774279797198
412884.0;2809014.7222390273;0.46080661482121593;0.1657122535330798;0.1641615379016847;0.9216132296424319
410665.0;3544827.7683841665;0.4468290412940287;0.17019604198070698;0.20716316416835928;0.8936580825880573
409490.0;2923708.5592895574;0.45349045600404636;0.17257028777879707;0.1708643566975408;0.9069809120080927
408642.0;4629991.6998977065;0.4309944373064614;0.1742837860228655;0.2705811941496;0.8619888746129228
406476.0;2724677.3291640314;0.46420675279446416;0.1786604808302384;0.15923277905958985;0.9284135055889283
405856.0;3337786.532705836;0.4395348342760886;0.17991327435774127;0.19506347405675734;0.8790696685521772
404733.0;2467757.5280378363;0.4659176430863744;0.18218244715029885;0.14421813732903566;0.9318352861727488
403697.0;3071490.809717654;0.4452491551767603;0.1842758247220617;0.17950089438201075;0.8904983103535206
403448.0;1941348.538167936;0.47579409425792113;0.1847789627677846;0.11345428669551742;0.9515881885158423
403355.0;4161507.064607529;0.42866243719132435;0.18496688179691004;0.24320249883566308;0.8573248743826487
402997.0;1899288.3915609038;0.4759840531108347;0.18569026902730687;0.11099625103742121;0.9519681062216694
402929.0;2341419.632114244;0.4750293266030279;0.1858276721883878;0.13683482846778897;0.9500586532060558
402732.0;2572716.8729296327;0.46394710055365107;0.18622573722857824;0.1503520629856647;0.9278942011073021
402650.0;1849833.3095812404;0.477207516870143;0.1863914292757641;0.10810604820204263;0.954415033740286
402590.0;2169493.6393536394;0.4718721857472643;0.18651266735907082;0.1267873071239499;0.9437443714945286
402264.0;3029372.921680387;0.44842398308717585;0.18717139427837073;0.17703948425887064;0.8968479661743517
401315.0;3232579.3557250253;0.43835219802713665;0.1890889766293388;0.18891506485308532;0.8767043960542733
399519.0;2401156.6155650932;0.458378996935211;0.19271803658965353;0.14032591557219623;0.916757993870422
399413.0;1654263.4468530356;0.47779861753822234;0.1929322238701621;0.09667675622343277;0.9555972350764447
398723.0;1559115.3020102133;0.48028831310604075;0.19432646182818947;0.09111620658934623;0.9605766262120815
398113.0;3805807.022264298;0.4318639007025449;0.19555904900847454;0.22241504424510278;0.8637278014050898
397573.0;3958111.190036667;0.42967773292556294;0.1966501917582351;0.2313158471538249;0.8593554658511259
397274.0;4930265.348604414;0.41926293119166574;0.19725436154004697;0.2881294766747098;0.8385258623833315
397061.0;2263484.8620606796;0.4714576592804039;0.19768475673578584;0.1322802451091765;0.9429153185608078
392951.0;5290016.495855185;0.41719567427195153;0.20598956544229674;0.30915368175524005;0.8343913485439031
392519.0;1491017.1605733463;0.48186007987799095;0.2068624796421052;0.08713648532337442;0.9637201597559819
390058.0;1309793.5001894275;0.4803306513170689;0.21183526169240283;0.07654559928875677;0.9606613026341378
389168.0;5798226.108792831;0.40376986004247495;0.21363362659478596;0.33885394319415635;0.8075397200849499
387732.0;3679090.0273373523;0.4251787649091294;0.2165352580552603;0.21500958047134713;0.8503575298182589
387605.0;2025102.0246130163;0.4686904865383772;0.21679187866492622;0.11834892146926936;0.9373809730767544
387016.0;4336692.669475002;0.40697623072349126;0.21798203251605394;0.25344051506448445;0.8139524614469825
386467.0;3607455.8331852094;0.4354085854363898;0.2190913609783105;0.2108232088637999;0.8708171708727795
384200.0;5461740.862065594;0.4037985254963646;0.22367213989258306;0.31918941984842547;0.8075970509927292
383911.0;1060654.1860087141;0.4798837715311866;0.22425610332717713;0.061985656742397734;0.9597675430623732
383911.0;1142181.55793171;0.4775957015101278;0.22425610332717713;0.06675019522986202;0.9551914030202556
383671.0;3562618.3158214972;0.436079327154586;0.22474105566040406;0.20820286097176272;0.872158654309172
382288.0;2097566.618247528;0.4681376260166992;0.22753559348062413;0.12258382242592224;0.9362752520333985
382133.0;1251897.1625074241;0.476363989036294;0.22784879186249984;0.07316208130378261;0.952727978072588
382132.0;1750940.5793806731;0.4677036585110772;0.22785081249722164;0.10232666137701335;0.9354073170221544
381427.0;3468244.014158481;0.4165073680034313;0.22927535997607568;0.2026875354817456;0.8330147360068626
381175.0;3405004.4963551867;0.4352738422005587;0.22978455992596394;0.1989917568813135;0.8705476844011174
379561.0;5080411.363750526;0.40127086624494196;0.23304586436691493;0.296904155056085;0.8025417324898839
378799.0;6622072.214303035;0.39133199871123836;0.2345855880249104;0.3870003066162276;0.7826639974224767
378355.0;4008107.5513960826;0.4069826882524002;0.23548274984138018;0.2342376828798078;0.8139653765048004
377566.0;5725020.804654571;0.392372064637209;0.23707703063686364;0.3345757543990765;0.784744129274418
377478.0;5232754.7689655945;0.3991944928841562;0.23725484649238018;0.30580725103891804;0.7983889857683124
377165.0;911678.325456726;0.47928247392079176;0.23788730516029696;0.05327936332754953;0.9585649478415835
377052.0;753951.9132480295;0.4766017280009205;0.23811563688385795;0.04406167920830931;0.953203456001841
376874.0;5544500.904265596;0.39760171371533115;0.23847530986433457;0.3240259967794041;0.7952034274306623
376631.0;6357024.083855269;0.3917261682234304;0.23896632410172683;0.3715106374565053;0.7834523364468609
376253.0;691825.0113970591;0.4768750553494223;0.23973012402655922;0.04043092296051259;0.9537501106988446
375590.0;6237773.609603036;0.3913774803088874;0.24106980484709858;0.36454152437433973;0.7827549606177748
375225.0;4796145.0009160545;0.4064407146301144;0.24180733652054784;0.2802913538033281;0.8128814292602288
372598.0;5007000.684427334;0.3936403099412468;0.24711554393466076;0.29261396393651096;0.7872806198824936
371762.0;2523347.559207713;0.44851686479136876;0.24880479456206783;0.1474668725302437;0.8970337295827375
370661.0;2882315.9888825463;0.44752997139918876;0.2510295133907463;0.1684453348384092;0.8950599427983775
370321.0;462046.2865746949;0.4770371609140757;0.2517165291961511;0.027002431986331944;0.9540743218281514
370312.0;5608033.1958937;0.3921249703631807;0.25173471490864713;0.32773888536539725;0.7842499407263614
369968.0;622327.8248061959;0.47229880825853177;0.252429813252939;0.03636944014225855;0.9445976165170635
366191.0;5367205.72720549;0.3870438182132163;0.2600617505970976;0.31366469511077516;0.7740876364264326
364671.0;545743.1592756059;0.47019099208705045;0.26313311537420137;0.03189375819810462;0.9403819841741009
363463.0;4737028.791454063;0.39298445599251747;0.26557404211811014;0.27683654533138696;0.7859689119850349
363411.0;377690.63441787194;0.47089899603871754;0.2656791151236426;0.022072606065830676;0.9417979920774351
363190.0;1892334.3966708428;0.4650064327286984;0.26612567539715576;0.11058985284852069;0.9300128654573968
362672.0;0.0;0.449606781677555;0.2671723641830372;0.0;0.89921356335511
360962.0;3277695.0338587263;0.41541220553576014;0.2706276495572789;0.19155166872962262;0.8308244110715203
357998.0;3115820.0866146046;0.41695932820932613;0.2766168108726313;0.1820915402094817;0.8339186564186523
357247.0;4236748.800345197;0.40312556672728;0.2781343075486872;0.24759969866352385;0.80625113345456
354373.0;2815980.757022373;0.42490641903525345;0.2839416117390795;0.1645686397135966;0.8498128380705069
350986.0;2627408.866264736;0.43846917288575515;0.2907855015417443;0.15354831598701696;0.8769383457715103
349424.0;2746044.8279510187;0.4320776443599752;0.2939417329771628;0.16048151636032862;0.8641552887199504
346669.0;3010909.175325015;0.3970311249898258;0.2995085816356634;0.17596044505942193;0.7940622499796516
340368.0;2438588.6308769435;0.4322266927642118;0.31224060101759166;0.14251347875999426;0.8644533855284235
334876.0;2302761.412543066;0.4373895969927109;0.32333792690960084;0.13457560471680513;0.8747791939854218
332341.0;2951991.6610660483;0.39826077941887655;0.3284602359293101;0.17251724852736994;0.7965215588377531
331804.0;4483724.450579663;0.3645663264272796;0.32954531677490534;0.2620331945956639;0.7291326528545592
331131.0;4165030.834581234;0.36596851852139256;0.3309052039426625;0.2434084313619384;0.7319370370427851
330759.0;4287595.844972364;0.3593873751639064;0.33165688005916416;0.2505712491426534;0.7187747503278128
328654.0;3369983.0490092267;0.3805946351071764;0.3359103161485086;0.19694506961750552;0.7611892702143528
327970.0;4420027.870377695;0.3574952360788118;0.33729243029820527;0.25831070482647595;0.7149904721576236
326824.0;4338203.413927116;0.35781855802347334;0.3396080776893638;0.2535288044318103;0.7156371160469467
325091.0;3948806.6877847095;0.37111585763725474;0.34310983766220643;0.23077208304073632;0.7422317152745095
323049.0;3735323.2227371023;0.3675749269991897;0.3472359737640788;0.21829590281236738;0.7351498539983794
320069.0;3521026.5897792922;0.37907592171432086;0.3532574652349796;0.2057722002646406;0.7581518434286417
318000.0;2652496.0543264737;0.4077289175086947;0.35743815847433996;0.15501443552752298;0.8154578350173894
317770.0;4063821.2773299534;0.36176649000919975;0.35790290446034906;0.2374936469226901;0.7235329800183995
317024.0;3586386.5001368783;0.3704177232474326;0.35941029796279605;0.20959189665728364;0.7408354464948652
315449.0;3632192.0971090286;0.35008866347246953;0.3625927976495977;0.21226882005819028;0.7001773269449391
313241.0;2217377.2503799573;0.4359615209321426;0.3670543591152853;0.12958567167652182;0.8719230418642852
310661.0;3444178.753439893;0.35668036358311556;0.3722675966974746;0.2012811383638197;0.7133607271662311
310517.0;2498917.25269295;0.38728895202496894;0.3725585680974108;0.14603914178283192;0.7745779040499379
308691.0;3257696.702081376;0.3513013492491759;0.3762482470993789;0.19038294687350463;0.7026026984983518
303922.0;2860671.6730632745;0.37580969132663467;0.38588465408754197;0.16718042008250175;0.7516193826532693
301755.0;2558917.3638619063;0.3830233890205333;0.39026336952963664;0.14954560632564387;0.7660467780410666
299103.0;3105974.117482508;0.3593312961702962;0.39562209281179406;0.1815161322480848;0.7186625923405924
297164.0;2772412.3552001654;0.36971265785016355;0.39954010353732317;0.16202246016158942;0.7394253157003271
286001.0;0.0;0.37388011672604177;0.42209644893653997;0.0;0.7477602334520835
208978.0;0.0;0.2956320314352496;0.5777317971121089;0.0;0.5912640628704992
