420369.0;5342548.116000576;0.46149992299230025;0.15058780264056545;0.31222368045736887;0.9229998459846005
416274.0;7504595.427381675;0.4459712150535957;0.15886230182624966;0.43857581697077874;0.8919424301071914
414481.0;7065968.187478905;0.44487624749751137;0.16248529988239907;0.4129420167283168;0.8897524949950227
411921.0;7322144.605581674;0.43900437596426717;0.1676581247701528;0.4279132144358086;0.8780087519285343
410728.0;4925551.550009281;0.4770475940529926;0.1700687419932349;0.28785399772452513;0.9540951881059851
410532.0;4304872.412618305;0.4711723999380978;0.17046478639870355;0.25158090846980685;0.9423447998761956
408383.0;6808329.265790309;0.4537061077646054;0.1748071304158062;0.3978853488963948;0.9074122155292108
408356.0;7000907.99049822;0.4445699272476188;0.17486168755329423;0.40913983587537256;0.8891398544952376
407716.0;7265761.364581674;0.438220814122008;0.17615489377523266;0.4246181232847507;0.876441628244016
406473.0;5953010.092849133;0.45994453204019126;0.17866654273440374;0.34789966896556795;0.9198890640803825
406244.0;5706096.1027491335;0.4565277800816436;0.17912926808569107;0.33346977651133825;0.9130555601632871
405602.0;6496741.567449132;0.4432700678354462;0.18042651557707307;0.3796758623650596;0.8865401356708924
405532.0;5165818.355797441;0.45689797206919663;0.1805679600075976;0.30189542229686434;0.9137959441383933
404534.0;6028676.424536982;0.4424344883660716;0.18258455345993282;0.3523216825915255;0.8848689767321432
402298.0;2921395.771753714;0.48409519815376906;0.18710269269783025;0.17072919515647872;0.9681903963075381
401814.0;2576858.3255020743;0.4890640834347084;0.18808067990317118;0.1505940934805768;0.9781281668694168
401312.0;6367879.389060536;0.43543268092249143;0.18909503853350415;0.3721450319944835;0.8708653618449829
399177.0;5021234.701992645;0.4578027823960633;0.1934090936645019;0.29344581369348854;0.9156055647921266
398941.0;6152333.686660537;0.43818687132073897;0.19388596345884168;0.35954833262016395;0.8763737426414779
398544.0;2207945.252449105;0.4870664003767352;0.19468815544338788;0.12903445659261512;0.9741328007534704
397413.0;1755981.7394559265;0.4822934637346897;0.19697349331371972;0.10262127164879666;0.9645869274693794
397247.0;6691000.793781674;0.4314965207827086;0.197308918677535;0.3910285594847538;0.8629930415654172
397122.0;4045377.030014491;0.46283819574114593;0.19756149801775733;0.2364157472659977;0.9256763914822919
395691.0;1661848.6439285583;0.4813019074645587;0.2004530263046228;0.09712004247869763;0.9626038149291174
393279.0;1526831.8643782965;0.485094491045336;0.2053267972535533;0.0892295312620684;0.970188982090672
390908.0;4397133.420947447;0.4532435574415258;0.21011772217889083;0.25697273105292234;0.9064871148830516
389800.0;1317724.8850526868;0.48658064638361037;0.21235658545062175;0.07700911709325049;0.9731612927672207
389532.0;5588262.180157766;0.42821567735057486;0.21289811555605848;0.32658344807865264;0.8564313547011497
387065.0;1891559.6399291828;0.48053546610449627;0.2178830214146868;0.1105445753150127;0.9610709322089925
385967.0;5523830.668657767;0.4417278033457428;0.2201016783391999;0.32281800821341083;0.8834556066914856
385543.0;3094639.1730734888;0.4563125365047432;0.22095842746123412;0.18085370713102042;0.9126250730094864
382774.0;5352171.316457769;0.44061732578368795;0.22655356500583965;0.3127860696018906;0.8812346515673759
381110.0;1976436.776303901;0.47929516705767744;0.22991590118287958;0.1155048772777089;0.9585903341153549
378547.0;1311663.3812864074;0.48239470988618843;0.23509478797479863;0.07665487694904928;0.9647894197723769
377924.0;1105906.7198864077;0.4835150865138831;0.23635364340646683;0.06463025860101275;0.9670301730277662
377419.0;954019.4084497583;0.4867786066740697;0.23737406394096514;0.055753817179830766;0.9735572133481394
372524.0;690337.6636374816;0.47743133624304745;0.24726507090407238;0.04034400091853331;0.9548626724860949
370662.0;4799891.378049703;0.42361350316984425;0.25102749275602454;0.28051029570738806;0.8472270063396885
370570.0;508316.4503689683;0.47806260046289806;0.2512133911504282;0.029706505121760825;0.9561252009257961
368420.0;797130.0407066174;0.47577840667732524;0.2555577558022526;0.046585050748942196;0.9515568133546505
367432.0;4550309.696223998;0.42277734687531277;0.25755414290737005;0.2659245007678946;0.8455546937506255
365766.0;646133.6462374816;0.47485185905431543;0.26092052035385355;0.037760675377244333;0.9497037181086309
364320.0;334555.86596896825;0.4703776277200923;0.2638423581615457;0.01955176846767068;0.9407552554401846
362789.0;220753.61136187564;0.4667418342830264;0.26693594992058906;0.012901054612355505;0.9334836685660528
362672.0;0.0;0.449606781677555;0.2671723641830372;0.0;0.89921356335511
362011.0;4167223.4414947345;0.42644915968148417;0.26850800373413297;0.24353656943116403;0.8528983193629683
360744.0;4059685.461357769;0.41925062974655525;0.2710681479266267;0.23725194583615006;0.8385012594931105
358200.0;3928778.6428485885;0.43078658029978784;0.276208642658832;0.22960162471887427;0.8615731605995757
356818.0;3715438.855270985;0.4457277290893311;0.2790011598443303;0.21713384114085071;0.8914554581786622
354330.0;2493011.405355829;0.4332587499391045;0.28402849903211597;0.1456939983509379;0.866517499878209
348774.0;2382382.603283493;0.4328774732828186;0.295255145546319;0.13922874413185718;0.8657549465656372
345054.0;2716708.7131818235;0.4103992518935503;0.3027719067113362;0.15876708543248616;0.8207985037871006
343712.0;3187857.3088942776;0.40598281197834807;0.3054835985079633;0.1863014651707046;0.8119656239566961
342324.0;3127451.5222039847;0.39254843559110114;0.3082882395017923;0.18277129255796176;0.7850968711822023
339231.0;3141859.0072333696;0.3879728595779955;0.3145380626962542;0.18361327992135804;0.775945719155991
338851.0;2577532.4441098776;0.41359231744944225;0.3153059038905301;0.15063348962418152;0.8271846348988845
336194.0;3448310.070046271;0.3838794945861321;0.3206747303462964;0.20152257650306918;0.7677589891722642
329643.0;2797659.7600517664;0.39911262460484753;0.33391190840866936;0.16349794292629405;0.7982252492096951
328604.0;3347504.480732023;0.38062327399078666;0.3360113478845975;0.195631400340873;0.7612465479815733
322232.0;3801900.886603157;0.3712389522422201;0.34888683233177203;0.2221867658981405;0.7424779044844402
316436.0;3562866.1292031575;0.3743815874001268;0.360598431179202;0.20821734342552983;0.7487631748002536
313194.0;3757696.8692031577;0.3660897276955821;0.3671493289472089;0.21960344035685153;0.7321794553911642
308745.0;0.0;0.36587814550979597;0.3761391328244028;0.0;0.7317562910195919
304966.0;0.0;0.3597298629969204;0.3837751114380049;0.0;0.7194597259938408
301439.0;0.0;0.3529316452493207;0.3909018901017188;0.0;0.7058632904986414
299239.0;0.0;0.3493791410539403;0.39534728648963213;0.0;0.6987582821078806
297525.0;0.0;0.3452055377544754;0.398810654402761;0.0;0.6904110755089508
293746.0;0.0;0.3384932452956567;0.4064466330163631;0.0;0.6769864905913134
291366.0;0.0;0.33456468838078046;0.41125574365419665;0.0;0.6691293767615609
289263.0;0.0;0.33081631779065757;0.4155051384740975;0.0;0.6616326355813151
286139.0;0.0;0.3266813394192968;0.42181760134493446;0.0;0.6533626788385936
284036.0;0.0;0.322805499997669;0.4260669961648353;0.0;0.645610999995338
280900.0;0.0;0.31844946230859783;0.43240370665233363;0.0;0.6368989246171957
278797.0;0.0;0.3144352735418072;0.43665310147223446;0.0;0.6288705470836145
274729.0;0.0;0.3098412791589828;0.4448730435204306;0.0;0.6196825583179656
272626.0;0.0;0.30567611514848564;0.44912243834033144;0.0;0.6113522302969713
268493.0;0.0;0.3008244873734624;0.45747372164544325;0.0;0.6016489747469248
266390.0;0.0;0.2964935567657747;0.4617231164653441;0.0;0.5929871135315494
262306.0;0.0;0.2913611536264405;0.4699753886690887;0.0;0.582722307252881
260203.0;0.0;0.286846939571196;0.47422478348898955;0.0;0.573693879142392
256012.0;0.0;0.2814062316082296;0.48269326360796455;0.0;0.5628124632164592
253909.0;0.0;0.27668773009566977;0.4869426584278654;0.0;0.5533754601913395
249503.0;0.0;0.2709055337931491;0.49584557501202275;0.0;0.5418110675862982
247400.0;0.0;0.2659571938038496;0.5000949698319236;0.0;0.5319143876076992
243841.0;0.0;0.26263811455645625;0.5072864088067344;0.0;0.5252762291129125
241738.0;0.0;0.25751042316113326;0.5115358036266352;0.0;0.5150208463222665
237083.0;0.0;0.25350241127200573;0.5209418582565155;0.0;0.5070048225440115
234980.0;0.0;0.24814394607788376;0.5251912530764163;0.0;0.4962878921557675
229946.0;0.0;0.24496304644856665;0.5353631282658509;0.0;0.4899260928971333
228222.0;0.0;0.24051260443373998;0.5388467025261975;0.0;0.48102520886747996
223188.0;0.0;0.23720798383987463;0.549018577715632;0.0;0.47441596767974925
221464.0;0.0;0.23333348205938853;0.5525021519759787;0.0;0.46666696411877706
216430.0;0.0;0.22990466889162753;0.5626740271654131;0.0;0.45980933778325506
214706.0;0.0;0.22981366049167767;0.5661576014257599;0.0;0.45962732098335535
209672.0;0.0;0.22603310471167892;0.5763294766151944;0.0;0.45206620942335785
202914.0;0.0;0.22236142963622232;0.5899849260649755;0.0;0.44472285927244465
196156.0;0.0;0.21929650190884492;0.6036403755147567;0.0;0.43859300381768984
189398.0;0.0;0.21715918645995447;0.6172958249645378;0.0;0.43431837291990893
182640.0;0.0;0.2159770240866941;0.630951274414319;0.0;0.4319540481733882
175882.0;0.0;0.21576571497260874;0.6446067238641002;0.0;0.4315314299452175
