417521.0;6452478.50659533;0.45290934510539044;0.1563425703281915;0.37708908626720994;0.9058186902107809
415195.0;6052530.910490798;0.46485768181582804;0.161042566691049;0.3537157618282876;0.9297153636316561
414809.0;6310800.976156937;0.4554499177799912;0.16182253169365562;0.36880931432484687;0.9108998355599824
413810.0;5836112.063107858;0.45770394311097007;0.16384114578071263;0.34106803501645566;0.9154078862219401
412613.0;6232881.986556937;0.4500158592447751;0.16625984554268186;0.36425565319120723;0.9000317184895502
410040.0;5618543.268506122;0.4634768103888967;0.17145893868181875;0.3283531041766601;0.9269536207777934
409736.0;5820885.626490797;0.46204156354333187;0.1720732116372395;0.34017818732999466;0.9240831270866637
407254.0;6969944.08488001;0.4397745365760327;0.17708842701669447;0.4073302752755348;0.8795490731520654
405903.0;6871249.503795333;0.4415118543870276;0.17981830452581765;0.4015624684765342;0.8830237087740552
405408.0;5424788.6653368445;0.4674576372301344;0.18081851871309815;0.31702989772281626;0.9349152744602688
404768.0;5257221.37237135;0.4689999935985005;0.1821117249350366;0.3072371030117543;0.937999987197001
404063.0;4305514.337947849;0.4710738611829123;0.18353627241389064;0.25161842320708533;0.9421477223658246
401978.0;6680492.291185578;0.4359037833164471;0.18774929580879945;0.39041443242676394;0.8718075666328942
401694.0;6000212.255774136;0.43948205790731376;0.18832315606978464;0.3506582090318436;0.8789641158146275
401202.0;4118684.117598771;0.4666306413358669;0.1893173083528998;0.24069988438413162;0.9332612826717338
400946.0;4044523.9665214666;0.4709709595808951;0.1898345908416752;0.2363658934101834;0.9419419191617902
399123.0;5461943.742279915;0.459473218920878;0.19351820793947794;0.3192012763644234;0.918946437841756
397305.0;6502214.011080011;0.434033944858298;0.19719172186367181;0.3799956772650717;0.868067889716596
396089.0;5207886.63260131;0.4415653679921687;0.19964881368535484;0.3043539330915291;0.8831307359843374
395850.0;4879704.7412013095;0.44229896695915494;0.20013174538385997;0.28517466586406337;0.8845979339183099
394036.0;4600555.086543649;0.4546233442326723;0.20379717676916673;0.2688608899872325;0.9092466884653446
393858.0;3202850.5682446705;0.4784884107811851;0.20415684974964335;0.18717768575211807;0.9569768215623702
393515.0;3116508.2171035036;0.4769097837110282;0.2048499274592135;0.18213175522097325;0.9538195674220564
392852.0;3788148.717809121;0.4757361909276897;0.20618960827975283;0.22138307584951267;0.9514723818553794
392367.0;1464707.6838302007;0.4894299731911154;0.20716961611981555;0.08559893404984434;0.9788599463822308
391994.0;2325137.264787268;0.4880857600399311;0.20792331287103905;0.13588327116909812;0.9761715200798622
389442.0;3903812.134052856;0.4600460258547565;0.21307997268101855;0.22814255779142273;0.920092051709513
387641.0;4466264.494943649;0.45883607879562;0.21671913581494218;0.26101281789695485;0.91767215759124
386648.0;1632969.7598921093;0.48544738405355287;0.21872562609366855;0.09543233255721703;0.9708947681071057
386176.0;1658797.890457767;0.4847800064063546;0.21967936568234814;0.09694175349446447;0.9695600128127092
385194.0;1423794.6984827614;0.4889302119171361;0.2216636289791349;0.08320793960556061;0.9778604238342722
383944.0;1829986.262833285;0.47973718480010785;0.22418942238135844;0.10694616758940062;0.9594743696002157
383258.0;3659778.4856606936;0.4757049794719111;0.2255755778004987;0.2138809952931371;0.9514099589438222
382038.0;4700602.939844679;0.4285658723715622;0.22804075216106884;0.2747077833237572;0.8571317447431244
381451.0;3534780.589595364;0.4661296048852589;0.229226864742753;0.20657599731996756;0.9322592097705178
379810.0;3639849.320861757;0.4445616284021403;0.23254272632119202;0.212716315622152;0.8891232568042806
377276.0;1151703.23161275;0.48450065116098706;0.2376630147061795;0.06730665105136502;0.9690013023219741
376955.0;4994837.635101309;0.420800657276073;0.2383116384518705;0.2919031435669606;0.841601314552146
376485.0;853183.6191692288;0.4797679447936132;0.23926133677110653;0.04986087610238868;0.9595358895872264
373770.0;903609.4084692287;0.4792385366516128;0.244747360040736;0.052807808012662195;0.9584770733032256
373393.0;1256552.994915472;0.4736100945423366;0.24550913933084662;0.07343417265391568;0.9472201890846732
371295.0;600094.9651781177;0.47679039619499225;0.24974843097713853;0.03507013031678764;0.9535807923899845
368296.0;2283789.631623788;0.4519526239321833;0.25580831450775315;0.13346687548595224;0.9039052478643665
367180.0;509832.08099460765;0.48231389857037216;0.25806334285725835;0.029795080041794538;0.9646277971407443
365046.0;393658.6113808908;0.48013454045025394;0.2623753773535343;0.02300579008750018;0.9602690809005079
362672.0;0.0;0.449606781677555;0.2671723641830372;0.0;0.89921356335511
361859.0;2613057.520015709;0.4461795714259613;0.26881514021184333;0.15270960942825537;0.8923591428519226
355148.0;0.0;0.44278688543122985;0.2823756198297009;0.0;0.8855737708624597
353441.0;2996107.5868059825;0.4116929253946366;0.2858248432997773;0.17509542590682187;0.8233858507892732
351916.0;2447746.676716217;0.4328839672369248;0.28890631125049;0.14304868381863878;0.8657679344738496
349171.0;2363488.3421162167;0.43608843224687527;0.2944529535617728;0.13812454523030646;0.8721768644937505
346861.0;2787649.5002452293;0.4082734968464858;0.2991206197690819;0.16291293365894258;0.8165469936929716
344211.0;2053892.1903146016;0.4292009411187981;0.3044753017817957;0.12003144660543147;0.8584018822375962
343730.0;2980840.424215225;0.40477751492801967;0.3054472270829713;0.1742031981550584;0.8095550298560393
339984.0;2162969.0856455197;0.42314011931110784;0.3130165247507547;0.12640600589317766;0.8462802386222157
337480.0;2844975.4409101275;0.4052175780278995;0.3180761940940888;0.1662631170904161;0.810435156055799
336692.0;0.0;0.4143584431758723;0.3196684542548505;0.0;0.8287168863517446
332213.0;2509553.2821101276;0.4050405645778234;0.3287188771736978;0.1466607216316195;0.8100811291556468
327874.0;0.0;0.40576254714919535;0.33748641123149603;0.0;0.8115250942983907
326190.0;0.0;0.39972096040061283;0.34088916010297154;0.0;0.7994419208012257
319854.0;0.0;0.38902927381348734;0.35369190170016207;0.0;0.7780585476269747
317755.0;0.0;0.38338040415958696;0.3579332139811758;0.0;0.7667608083191739
313219.0;0.0;0.3805954057089728;0.3670988130791644;0.0;0.7611908114179456
312689.0;0.0;0.37603653647701896;0.3681697494817072;0.0;0.7520730729540379
310929.0;0.0;0.37289302616710096;0.3717260665920379;0.0;0.7457860523342019
307575.0;0.0;0.36983753785118323;0.378503275448884;0.0;0.7396750757023665
305820.0;0.0;0.3651081809013187;0.3820494893856058;0.0;0.7302163618026374
303543.0;0.0;0.3618736460939102;0.3866504746470961;0.0;0.7237472921878204
301782.0;0.0;0.35513868386907343;0.3902088123921486;0.0;0.7102773677381469
298258.0;0.0;0.3481330629653076;0.3973295291516971;0.0;0.6962661259306152
296155.0;0.0;0.344597148255897;0.40157892397159795;0.0;0.689194296511794
292593.0;0.0;0.34084009445097174;0.4087764248505741;0.0;0.6816801889019435
289960.0;0.0;0.3371933020398759;0.41409675607301766;0.0;0.6743866040797518
287024.0;0.0;0.3294748048051709;0.42002933961616024;0.0;0.6589496096103418
283888.0;0.0;0.32531406058761486;0.4263660501036586;0.0;0.6506281211752297
281785.0;0.0;0.3214189894338027;0.4306154449235594;0.0;0.6428379788676054
278088.0;0.0;0.3170349595721542;0.43808573148997565;0.0;0.6340699191443084
275985.0;0.0;0.31299981188856957;0.4423351263098765;0.0;0.6259996237771391
272602.0;0.0;0.3102732198232167;0.4491709335736542;0.0;0.6205464396464334
269798.0;0.0;0.3041871026560858;0.45483679333352195;0.0;0.6083742053121716
264171.0;0.0;0.2964935567657747;0.4662069049129713;0.0;0.5929871135315494
263562.0;0.0;0.2949455887256504;0.46743747145853454;0.0;0.5898911774513008
260268.0;0.0;0.2913611536264402;0.47409344223207395;0.0;0.5827223072528804
259156.0;0.0;0.28977598684848044;0.47634038804269196;0.0;0.5795519736969609
257053.0;0.0;0.2852335935711782;0.4805897828625928;0.0;0.5704671871423564
253529.0;0.0;0.2814062316082301;0.4877104996221413;0.0;0.5628124632164602
251426.0;0.0;0.27668773009566977;0.49195989444204213;0.0;0.5533754601913395
246771.0;0.0;0.2731342666836069;0.5013659490719224;0.0;0.5462685333672138
244668.0;0.0;0.26823136854191343;0.5056153438918233;0.0;0.5364627370838269
243556.0;0.0;0.26647884727018073;0.5078622897024413;0.0;0.5329576945403615
238901.0;0.0;0.26402405178470545;0.5172683443323217;0.0;0.5280481035694109
236798.0;0.0;0.25892460490959784;0.5215177391522225;0.0;0.5178492098191957
232143.0;0.0;0.2570410985957393;0.5309237937821029;0.0;0.5140821971914786
230040.0;0.0;0.251763337420757;0.5351731886020037;0.0;0.503526674841514
225260.0;0.0;0.24845686889378402;0.5448318225721064;0.0;0.49691373778756803
224148.0;0.0;0.2451171334055533;0.5470787683827244;0.0;0.4902342668111066
218502.0;0.0;0.24394967332237352;0.5584872720218875;0.0;0.48789934664474705
217390.0;0.0;0.2381731107852901;0.5607342178325055;0.0;0.4763462215705802
210632.0;0.0;0.23342822365539156;0.5743896672822867;0.0;0.46685644731078313
203874.0;0.0;0.23104940759301884;0.5880451167320678;0.0;0.4620988151860377
