422431.0;4039558.591514849;0.4582350137563386;0.14642125384425755;0.23607571209112818;0.9164700275126773
419401.0;4185703.712832682;0.4552816998292689;0.15254377705124733;0.2446165743665813;0.9105633996585378
419021.0;3690053.114879845;0.45885429766146096;0.15331161824552328;0.21565027391338504;0.9177085953229219
415867.0;7101000.474894368;0.442569818297966;0.15968470015801364;0.4149893374962736;0.885139636595932
414938.0;7271623.224311202;0.4393594775084519;0.16156186981454615;0.42496069603830183;0.8787189550169038
414731.0;7265736.303632492;0.4419335442534681;0.16198014120195436;0.4246166586986357;0.8838670885069362
413346.0;6651188.582918845;0.44484668305362013;0.164778720291618;0.3887018953662765;0.8896933661072403
412018.0;6912059.908044132;0.4362793358060247;0.16746212320214027;0.403947467982173;0.8725586716120494
410977.0;6350284.642033784;0.43506287810313193;0.169565603947512;0.3711167779564981;0.8701257562062639
410541.0;6450824.403320641;0.4337709228771194;0.17044660068620754;0.3769924188716027;0.8675418457542388
407813.0;5982803.09188502;0.4277156247119762;0.17595889220722014;0.34964080065196096;0.8554312494239524
406969.0;5691461.091005088;0.4325459468248978;0.17766430791240145;0.3326144922666203;0.8650918936497956
406197.0;3875870.3058798457;0.4529045126401552;0.1792242379176147;0.22650961032114042;0.9058090252803104
404358.0;3302932.113641549;0.46357247469214374;0.1829401851709659;0.19302654808731903;0.9271449493842875
403040.0;5560663.173451633;0.4246479283754589;0.18560338173427038;0.3249705354265515;0.8492958567509178
402029.0;1810372.2485152239;0.4785961953826255;0.18764624343798875;0.10579990561740496;0.957192390765251
398651.0;4416909.602952675;0.4505550123315832;0.19447194752815755;0.2581284702614424;0.9011100246631664
396850.0;1630987.6888210804;0.4787286896166488;0.19811111066208117;0.09531649840630478;0.9574573792332975
396020.0;1416890.5144908107;0.48396152871634757;0.1997882374811576;0.08280445241373435;0.9679230574326951
395246.0;5090098.944653841;0.43769124672197635;0.2013522087558144;0.29747030665616186;0.8753824934439527
393154.0;4943293.330748273;0.44213846115217;0.20557937659377565;0.2888908445548991;0.88427692230434
391757.0;1302128.6554875998;0.4894503017123558;0.20840220330010062;0.0760976583491569;0.9789006034247116
391642.0;1131723.7034895453;0.48386404913699366;0.2086345762931052;0.06613902809898657;0.9677280982739873
391008.0;6247814.491969294;0.42397292980991436;0.20991565870671294;0.36512832325370653;0.8479458596198287
390588.0;1557516.2691250732;0.48244537216955286;0.21076432528986005;0.09102275756058117;0.9648907443391057
388059.0;4843456.322063258;0.4305895646520614;0.21587451050123865;0.28305627318171234;0.8611791293041228
387055.0;5453302.007328124;0.41472147842960644;0.21790322776190457;0.31869624501353966;0.8294429568592129
384904.0;4618991.548721072;0.43873177674199937;0.22224961304845078;0.2699383346729263;0.8774635534839987
384552.0;4363256.230714456;0.4472305916975833;0.2229608764705169;0.2549929152817886;0.8944611833951666
378702.0;2833385.591056528;0.4648137698003065;0.23478158959292292;0.1655857950525665;0.929627539600613
377679.0;2677835.6548860786;0.4652916303536259;0.23684869891330265;0.15649530629859654;0.9305832607072518
377416.0;934352.2495228833;0.48266530865883817;0.23738012584513046;0.05460444938548215;0.9653306173176763
376847.0;5358707.719586912;0.41438056407769497;0.2385298670018226;0.3131680633242909;0.8287611281553899
374959.0;5245280.052637833;0.4169297787609815;0.242344825356541;0.30653924073409866;0.833859557521963
374358.0;1149198.4203686449;0.47471730638543114;0.24355922682433007;0.06716026745902201;0.9494346127708623
371751.0;643689.2336149311;0.4803614865693667;0.2488270215440074;0.037617821538776616;0.9607229731387334
369840.0;1942596.3828956243;0.4679086656541451;0.2526884544973267;0.1135272119486099;0.9358173313082901
369198.0;4523908.284434556;0.43340567162256194;0.2539857019887087;0.26438157672131785;0.8668113432451239
367478.0;4775547.225784199;0.4199013780013448;0.25746119371016823;0.2790875998976514;0.8398027560026896
366898.0;805178.6787923725;0.4690389229263104;0.2586331618487999;0.04705542094519323;0.9380778458526208
365194.0;483606.32673647365;0.4740027348246296;0.26207632341471104;0.028262421591284437;0.9480054696492592
363959.0;2106855.313536234;0.461186532371714;0.26457180729610785;0.12312666276478622;0.922373064743428
363095.0;350017.231474598;0.4712592201955377;0.26631763569572475;0.02045534562565763;0.9425184403910754
362672.0;0.0;0.449606781677555;0.2671723641830372;0.0;0.89921356335511
362367.0;2773472.056293452;0.4054372324497164;0.26778865777317973;0.16208439011867107;0.8108744648994328
358692.0;2573826.478693452;0.4097581155561624;0.2752144903757168;0.15041690941997174;0.8195162311123247
358228.0;2475285.0840237727;0.4066143281286333;0.2761520648866222;0.1446580549832612;0.8132286562572666
355171.0;3185655.0264188373;0.4018936516453411;0.2823291452311;0.18617276165227872;0.8037873032906822
354757.0;2454303.846023773;0.41023081875838563;0.2831656880059164;0.14343189113659546;0.8204616375167713
352342.0;3538091.115169138;0.4000983482501707;0.28804552085901225;0.2067694676372112;0.8001966965003414
347287.0;2344361.654451623;0.42302467101860214;0.2982598293776041;0.1370067630993954;0.8460493420372043
345035.0;3480604.7001886037;0.3894571478536111;0.30281029877105;0.20340990593148373;0.7789142957072221
344228.0;2276062.6132861027;0.43070078938732775;0.30444095099152546;0.13301530105892403;0.8614015787746555
343378.0;3029203.8072941396;0.3935131108450283;0.30615849050503746;0.17702960105053148;0.7870262216900566
341746.0;2317437.998325803;0.4265403559471435;0.30945616637098045;0.1354333185885643;0.853080711894287
337720.0;2959801.9444941385;0.39759665341840644;0.3175912417608619;0.17297368904683483;0.7951933068368129
332851.0;0.0;0.44674596759109536;0.32742971222120293;0.0;0.8934919351821907
329351.0;0.0;0.403124560303974;0.33450193374742876;0.0;0.806249120607948
324190.0;0.0;0.39445534898210977;0.34493042954652914;0.0;0.7889106979642195
320467.0;0.0;0.38703192493239436;0.35245325261571164;0.0;0.7740638498647887
317255.0;0.0;0.3812604563748935;0.3589435313420652;0.0;0.762520912749787
313789.0;0.0;0.37526997745609786;0.3659470512877505;0.0;0.7505399549121957
312677.0;0.0;0.37414950755366216;0.36819399709836853;0.0;0.7482990151073243
310399.0;0.0;0.3690498232908406;0.3727970029945807;0.0;0.7380996465816811
307241.0;0.0;0.3630520906446003;0.3791781674459581;0.0;0.7261041812892006
304870.0;0.0;0.3618736460939102;0.3839690923712957;0.0;0.7237472921878204
300878.0;0.0;0.3558718749386855;0.39203546618063667;0.0;0.711743749877371
300560.0;0.0;0.35170621538157326;0.39267802802216234;0.0;0.7034124307631465
297758.0;0.0;0.3452055377544754;0.3983398465125865;0.0;0.6904110755089508
294696.0;0.0;0.3416146857196228;0.40452703003067325;0.0;0.6832293714392456
291172.0;0.0;0.3340386027428179;0.41164774679022176;0.0;0.6680772054856358
288372.0;0.0;0.33081631779065757;0.4173055240112024;0.0;0.6616326355813151
282980.0;0.0;0.3214189894338028;0.4282007864310337;0.0;0.6428379788676056
281285.0;0.0;0.3178848289674482;0.43162576228444877;0.0;0.6357696579348964
278497.0;0.0;0.31299981188856957;0.4372592918887681;0.0;0.6259996237771391
274991.0;0.0;0.3092548241012513;0.4443436372233246;0.0;0.6185096482025026
272326.0;0.0;0.30418710265608584;0.4497286287568651;0.0;0.6083742053121717
269314.0;0.0;0.30021412971164463;0.4558147805388629;0.0;0.6004282594232893
266526.0;0.0;0.29494558872565046;0.46144831014318216;0.0;0.5898911774513009
263127.0;0.0;0.29072443453128516;0.46831644756250834;0.0;0.5814488690625703
260864.0;0.0;0.28757896367638536;0.4728891439378938;0.0;0.5751579273527707
256891.0;0.0;0.2807402103278797;0.480917125687521;0.0;0.5614804206557594
254103.0;0.0;0.275001274907457;0.4865506552918403;0.0;0.550002549814914
250382.0;0.0;0.2702066436317589;0.4940694370915792;0.0;0.5404132872635178
248706.0;0.0;0.26595719380384986;0.49745602088528046;0.0;0.5319143876076997
244515.0;0.0;0.25979288865931066;0.5059245010042555;0.0;0.5195857773186213
242412.0;0.0;0.25458309761831094;0.5101738958241563;0.0;0.5091661952366219
238853.0;0.0;0.251071163592497;0.5173653347989671;0.0;0.502142327184994
236750.0;0.0;0.24565495294266665;0.5216147296188679;0.0;0.4913099058853333
234542.0;0.0;0.24305655964988424;0.5260762910845554;0.0;0.48611311929976847
230983.0;0.0;0.23933199204054853;0.5332677300593662;0.0;0.47866398408109706
228880.0;0.0;0.23359531505551143;0.5375171248792671;0.0;0.46719063011102285
224225.0;0.0;0.23067408424854136;0.5469231795091474;0.0;0.4613481684970827
222122.0;0.0;0.22469263043256554;0.5511725743290482;0.0;0.4493852608651311
217467.0;0.0;0.22221497634572307;0.5605786289589286;0.0;0.44442995269144614
215364.0;0.0;0.21595634126898822;0.5648280237788295;0.0;0.43191268253797643
209718.0;0.0;0.21576571497260877;0.5762365274179926;0.0;0.43153142994521754
208606.0;0.0;0.20765504763295858;0.5784834732286106;0.0;0.41531009526591717
201848.0;0.0;0.20349096905783653;0.5921389226783917;0.0;0.40698193811567307
195090.0;0.0;0.20049330331232812;0.6057943721281729;0.0;0.40098660662465624
