417100.0;4038619.9449297125;0.45229374228219293;0.15719325754606037;0.23602085667661493;0.9045874845643859
415953.0;3187497.666781312;0.46494488097810277;0.15951092557194066;0.18628044733769317;0.9298897619562055
415716.0;3936945.6463356204;0.4496919529640682;0.15998981600100223;0.23007891230368654;0.8993839059281364
415313.0;3130121.0374813117;0.4653045400647166;0.1608041317938791;0.1829273016133464;0.9306090801294332
415037.0;3771510.355222728;0.4578019543013175;0.16136182697709003;0.2204107138434599;0.915603908602635
414966.0;3871568.545563283;0.4504172790392625;0.16150529204233635;0.22625821128657486;0.900834558078525
413776.0;3990426.960909922;0.445636606011253;0.1639098473612531;0.2332044120670068;0.891273212022506
413678.0;2558228.6279596533;0.46682663773745453;0.16410786956398743;0.14950535593321024;0.9336532754749091
413555.0;3009621.773204226;0.4616754146658426;0.16435640763476622;0.1758852080340075;0.9233508293316852
413472.0;2950895.0601801686;0.46163464090020795;0.16452412031667388;0.17245316211071104;0.9232692818004159
412637.0;2498362.58842303;0.46920000304028114;0.16621135030935918;0.1460067266662972;0.9384000060805623
412636.0;3665314.3592555234;0.4519294240027183;0.16621337094408095;0.21420451710160673;0.9038588480054366
411973.0;3476673.211177466;0.4512634703225565;0.1675530517646203;0.20318014591021993;0.902526940645113
411727.0;3726501.232082935;0.45022244955165747;0.16805012790617788;0.21778033714385142;0.9004448991033149
411523.0;3255934.233877719;0.45260561504425617;0.16846233738942076;0.1902799465266127;0.9052112300885123
411000.0;2835629.190668269;0.45556426104507775;0.16951912934891109;0.16571691318440934;0.9111285220901555
410826.0;2758398.004711299;0.46216205853880904;0.16987071979050059;0.16120344796107244;0.9243241170776181
408942.0;3561565.2749201525;0.44946769318887164;0.17367759560633186;0.20814132024274143;0.8989353863777433
407768.0;2389946.3967558;0.4677767124505177;0.1760498207697002;0.13967077953984355;0.9355534249010354
407665.0;2688610.2296762;0.46270537226207514;0.1762579461460434;0.15712498287301235;0.9254107445241503
407247.0;2619458.2137682685;0.460642789647854;0.17710257145974695;0.1530836721633984;0.921285579295708
405800.0;4459559.472064888;0.4347502975323869;0.18002642990216086;0.2606209698732585;0.8695005950647738
405506.0;2318477.85065107;0.4677776886081988;0.18062049651036383;0.13549408856444053;0.9355553772163976
403911.0;3612066.4702314087;0.4438239620280782;0.18384340889160103;0.21109265895326304;0.8876479240561564
403819.0;1842186.7765469498;0.4773997895864741;0.18402930728600467;0.10765917741400893;0.9547995791729482
403819.0;1915881.1359402474;0.4753215930920111;0.18402930728600467;0.11196594707132146;0.9506431861840222
403643.0;1781437.5565086324;0.47843831310584356;0.18438493899703776;0.10410893422415875;0.9568766262116871
403149.0;2247545.493451217;0.47204931528549027;0.18538313254959649;0.1313487329873655;0.9440986305709805
400974.0;4829400.238712255;0.4319268867676211;0.18977801306946537;0.28223482207235834;0.8638537735352422
400046.0;4229180.64587971;0.4312309604011192;0.1916531620912761;0.24715740839487707;0.8624619208022384
397973.0;1481444.2387525942;0.47797310209425414;0.19584193786952359;0.08657703451100751;0.9559462041885083
397844.0;3421421.000505704;0.44546013353032193;0.19610259974863303;0.19995115326574048;0.8909202670606439
397261.0;4924084.556194879;0.4234451132640631;0.19728062979143007;0.28776826518679294;0.8468902265281262
393356.0;1166870.6094266854;0.48401842163670006;0.20517120837997632;0.06819304728423589;0.9680368432734001
391364.0;3084384.847174961;0.45380322703722914;0.2091963127457597;0.1802544344051354;0.9076064540744583
390652.0;1678642.0964087327;0.4776781732574362;0.21063500466766621;0.0981014680881821;0.9553563465148724
390614.0;4138999.2233300894;0.44111910168995655;0.2107117887870938;0.24188711881657715;0.8822382033799131
390294.0;1228076.7354795772;0.47586690442793406;0.21135839189806302;0.07176999250360384;0.9517338088558681
388762.0;997496.9410974996;0.48543221357511;0.21445400429182815;0.058294686249372285;0.97086442715022
387651.0;4534801.176012255;0.4310672443857999;0.2166989294677244;0.2650181678432633;0.8621344887715998
387332.0;5392452.408134637;0.41572048898822345;0.21734351194397183;0.31514013556875126;0.8314409779764469
386692.0;5328372.998734637;0.4159990991842941;0.21863671816591027;0.31139527289086866;0.8319981983685882
385783.0;2199521.2738956707;0.46922017349463846;0.22047347512800722;0.12854215113631606;0.9384403469892769
384605.0;1071294.3131974996;0.48430078932156084;0.22285378283026264;0.0626074760689224;0.9686015786431217
384052.0;1308555.1484515257;0.4743301821789099;0.22397119383140632;0.07647322881517123;0.9486603643578198
381134.0;5508664.1733420985;0.4078372862353413;0.22986740594955687;0.32193166355459246;0.8156745724706826
380410.0;5643775.926692862;0.39647511912650435;0.23133034548812473;0.3298277251320038;0.7929502382530087
380364.0;5445199.846385071;0.40219796163696864;0.23142329468532655;0.31822274688972835;0.8043959232739373
380070.0;5197497.174865896;0.41530788515648526;0.2320173612935295;0.3037467631303654;0.8306157703129705
379684.0;801982.5997099052;0.47706778979682823;0.23279732629613614;0.04686863899162091;0.9541355795936565
379526.0;4182320.932617354;0.41133249844404596;0.23311658658217718;0.24441888141818374;0.8226649968880919
378502.0;5591187.558736453;0.3975246394212312;0.23518571653727868;0.3267544100328994;0.7950492788424623
377674.0;3903055.4797675554;0.419177324403463;0.23685880208691154;0.2280983381829773;0.838354648806926
377303.0;632647.0047851094;0.4864984638685742;0.23760845756869148;0.03697250300334332;0.9729969277371484
376660.0;2892664.224934893;0.44126747194747434;0.23890772569479524;0.16905009576453522;0.8825349438949487
376127.0;3808334.481515835;0.4121042741790656;0.23998472400150336;0.22256275140891055;0.8242085483581312
375849.0;5986941.686145117;0.3921895685292555;0.24054646045415787;0.3498826641043344;0.784379137058511
373810.0;2103083.7345532696;0.47358923119264823;0.24466653465186483;0.12290624804027113;0.9471784623852965
372926.0;891826.8913099052;0.47562692720278765;0.2464527757459173;0.05211922631107333;0.9512538544055753
372475.0;4084450.308267555;0.4024399955341907;0.24736408200543955;0.23869922744789246;0.8048799910683814
369164.0;749966.3131762973;0.47864614506024167;0.2540544035692492;0.04382875688431554;0.9572922901204833
368111.0;535719.1983972301;0.47027596066867106;0.25618213193128225;0.03130794822686002;0.9405519213373421
367277.0;389040.83849723;0.47083831581065966;0.25786734128924577;0.022735922972792352;0.9416766316213193
365528.0;4699271.806017128;0.3982836439981297;0.2614014314176369;0.27462999057509213;0.7965672879962594
365243.0;2476451.8223067243;0.44766531686670946;0.26197731231334387;0.1447262402972582;0.8953306337334189
364727.0;4275039.445764515;0.39799332950536864;0.2630199598297817;0.24983744102546948;0.7959866590107373
363585.0;299921.29239723005;0.4665959425840206;0.2653275246820531;0.01752769048150277;0.9331918851680412
363325.0;5922422.814675108;0.39400735478108534;0.2658528897097156;0.34611211883793025;0.7880147095621707
362672.0;0.0;0.449606781677555;0.2671723641830372;0.0;0.89921356335511
354942.0;4631960.271081892;0.37234567849781947;0.28279187058238736;0.27069623935406484;0.7446913569956389
354526.0;3745618.123523666;0.4341603505356352;0.2836324546266473;0.21889754677396275;0.8683207010712704
353442.0;3145287.5270646047;0.40717120024280673;0.28582282266505554;0.18381364593715924;0.8143424004856135
352798.0;3097332.0062615816;0.4074672500649608;0.2871241114258811;0.18101107890766874;0.8149345001299216
352779.0;3981129.3154724413;0.394737552588453;0.2871625034855949;0.23266104867278972;0.789475105176906
349307.0;2414969.6207127194;0.44280737894515626;0.2941781472396109;0.14113316095618297;0.8856147578903125
347612.0;4344114.293978871;0.38929709377973576;0.297603123093026;0.2538742419804163;0.7785941875594715
347492.0;2039074.2272490216;0.4449189998482959;0.29784559925963944;0.11916547050848988;0.8898379996965918
345025.0;3538351.7884832127;0.3852308554493013;0.30283050511826776;0.20678470163786974;0.7704617108986026
343575.0;3474308.8681832124;0.3915588700958876;0.305760425464847;0.2030419714182919;0.7831177401917752
340855.0;3432553.740384232;0.3862125670264659;0.3112565519080854;0.20060176135442354;0.7724251340529318
337587.0;3873152.374740936;0.3675622161964502;0.3178599861788585;0.22635077179596577;0.7351244323929004
336303.0;3794326.5089409356;0.3691282458894139;0.3204544811616225;0.22174411193985602;0.7382564917788278
336076.0;2228652.2376307514;0.42868415831632334;0.3209131652434663;0.130244592839255;0.8573683166326467
336000.0;3040860.2996357703;0.41715342464446514;0.32106673348232145;0.17771081773985378;0.8343068492889303
333824.0;2704064.767359304;0.40971213307486165;0.32546363463691214;0.15802816100644543;0.8194242661497233
333788.0;2147286.3149556816;0.4333215063898071;0.3255363774868962;0.12548948960203085;0.8666430127796142
333783.0;3692073.321722641;0.3846631045200261;0.32554648066050507;0.21576833675569315;0.7693262090400522
332174.0;2297276.7045616154;0.4193637422082961;0.3287976819278472;0.1342550730762807;0.8387274844165922
330526.0;1925882.0242979522;0.4391195519545776;0.33212768794933867;0.11255040866213692;0.8782391039091552
326891.0;3351576.100662381;0.39424563778239907;0.3394726951630046;0.19586934974862333;0.7884912755647981
324248.0;1693915.936867631;0.43798304170567776;0.344813232732666;0.09899408610102012;0.8759660834113555
323413.0;2921333.1212420687;0.3981846488681411;0.3465004627253513;0.170725533799968;0.7963692977362822
318084.0;3607652.3776290165;0.3760159605472445;0.35726842515771057;0.21083469511123962;0.752031921094489
316551.0;1884173.0501960954;0.437899064568714;0.36036605818619744;0.11011289586497909;0.875798129137428
315853.0;2636414.613272295;0.4087225287916495;0.3617764612219991;0.15407462055459717;0.817445057583299
313079.0;2769425.036254247;0.39698706484065843;0.36738170194021347;0.16184787835235848;0.7939741296813169
312805.0;2579783.4331022482;0.4098222370868;0.36793535585398085;0.1507650395985771;0.8196444741736
309465.0;2433604.256656013;0.39186872327073;0.3746842758247221;0.1422221871084741;0.78373744654146
301962.0;0.0;0.37986552941426555;0.38984509814222845;0.0;0.7597310588285311
224315.0;0.0;0.2890317373469921;0.5467413223841873;0.0;0.5780634746939842
