417354.0;3410030.093460601;0.4454020965725891;0.15668001632672854;0.19928545763808325;0.8908041931451782
414827.0;3306067.7841476016;0.4447598996287364;0.1617861602686636;0.19320979970524443;0.8895197992574728
414804.0;3114754.3445287086;0.44768270823820494;0.1618326348672645;0.1820292572109477;0.8953654164764099
410641.0;3353047.2858476015;0.43778053385316207;0.17024453721402968;0.19595532723412099;0.8755610677063241
409519.0;3471730.6388476007;0.43444681424608467;0.17251168937186548;0.20289129720165414;0.8688936284921693
409306.0;2724568.9180652015;0.45324703913457925;0.17294208456760438;0.15922644341009373;0.9064940782691585
406562.0;2136868.41305666;0.47253518712235054;0.1784867062441654;0.1248806573364281;0.9450703742447011
406532.0;2969835.6419590046;0.44322582468850663;0.1785473252858188;0.1735600680336134;0.8864516493770133
406427.0;3612901.397547601;0.4315528439274464;0.17875949193160556;0.2111414529133577;0.8631056878548928
406264.0;2193313.1245695227;0.4654459103167209;0.1790888553912555;0.12817934088372637;0.9308918206334418
405405.0;3817283.5046476005;0.42731105995506846;0.1808245806172635;0.2230857409783128;0.8546221199101369
404075.0;3249981.3299654345;0.4364805055462078;0.1835120247972293;0.18993205306294206;0.8729610110924156
403588.0;2521986.2741590054;0.44585500476970974;0.18449607390673559;0.1473873177150449;0.8917100095394195
402637.0;2078875.9482741025;0.47100199828381856;0.18641769752714724;0.12149152159070102;0.9420039965676371
402437.0;2026678.4028468297;0.4769403105978175;0.186821824471503;0.11844104653829401;0.953880621195635
402241.0;3659880.8992476007;0.4234244029518485;0.18721786887697164;0.21388698044223425;0.846848805903697
402031.0;1967128.4486159654;0.47776036194346794;0.18764220216854519;0.11496088960244091;0.9555207238869359
401605.0;1627839.1122748812;0.4800066495009279;0.18850299256002295;0.0951324925469075;0.9600132990018558
401002.0;1522419.4672108397;0.4811748296926319;0.18972143529725558;0.08897166650290281;0.9623496593852638
399880.0;4482919.294017482;0.4196189781819939;0.1919885874550914;0.26198614046723484;0.8392379563639878
398192.0;1491495.0609680999;0.4864978453851418;0.195399418865454;0.08716441428478053;0.9729956907702836
397932.0;2393132.562425891;0.4557618194692238;0.19592478389311652;0.13985698214400605;0.9115236389384476
397888.0;1898170.067877841;0.47237353615503347;0.19601369182087477;0.11093089511947958;0.9447470723100669
397619.0;4773241.134717482;0.41503452024367954;0.19655724256103327;0.27895282970472346;0.8300690404873591
397619.0;5004647.894917483;0.4148606273719536;0.19655724256103327;0.29247646464138866;0.8297212547439072
396816.0;1569398.96891084;0.47952256143084604;0.19817981224262166;0.0917171940317794;0.9590451228616921
396400.0;1676042.7175864044;0.476669443213092;0.19902039628688165;0.09794955787507993;0.953338886426184
395694.0;4529898.7957174815;0.4104981529559819;0.20044696440045748;0.2647316679961114;0.8209963059119638
395165.0;1418679.6258708956;0.48337587103508745;0.20151588016827846;0.08290900981363222;0.9667517420701749
394950.0;4356273.699246745;0.415871278175639;0.2019503166334609;0.2545848493876829;0.831742556351278
393642.0;2356137.3954898706;0.4573711279711431;0.20459330684954757;0.13769494879791314;0.9147422559422862
390901.0;2825461.8509590053;0.43290469458585185;0.21013186662194328;0.1651227240155782;0.8658093891717037
390274.0;2317548.7576898704;0.4546887094710747;0.2113988045924986;0.13543979147295268;0.9093774189421494
389754.0;4119277.6918467437;0.4154618859719855;0.21244953464782357;0.24073457343742657;0.830923771943971
388536.0;2659136.166524718;0.44335381057518486;0.21491066773895015;0.15540249010825322;0.8867076211503697
388520.0;1365758.000496065;0.480117613480113;0.2149429978944986;0.07981621882859097;0.960235226960226
387608.0;1264032.9393067444;0.477890245496412;0.2167858167607609;0.07387130784048798;0.955780490992824
387555.0;4641917.773864578;0.4015493869693937;0.21689291040101516;0.27127816544990363;0.8030987739387874
387504.0;1738460.6765864044;0.4739755126809168;0.2169959627718259;0.10159732378424428;0.9479510253618336
386753.0;2616319.857959005;0.43691318894821574;0.21851345944788178;0.15290026361375553;0.8738263778964315
386645.0;2434499.828925891;0.44773741547233564;0.21873168799783388;0.1422745252183321;0.8954748309446713
386004.0;1056640.9078691064;0.48183424667678143;0.2200269148544941;0.06175111688534064;0.9636684933535629
385990.0;3429685.144213314;0.42371311592197525;0.220055203740599;0.20043411781902;0.8474262318439505
385584.0;1308691.72676862;0.47685601719476844;0.2208755814376412;0.07648121058415262;0.9537120343895369
385150.0;978923.2137147973;0.47964216591076136;0.2217525369068932;0.05720921965228708;0.9592843318215227
383664.0;1206592.4873319159;0.4780533907349793;0.2247552001034565;0.07051443225728009;0.9561067814699586
383149.0;4824785.286317482;0.39644780995638207;0.2257958269851726;0.28196511978974975;0.7928956199127641
381140.0;1136806.7075734136;0.4776959517330637;0.2298552821412262;0.06643608377511462;0.9553919034661273
380925.0;893432.7222047244;0.48452273364501575;0.23028971860640865;0.05221307262210065;0.9690454672900315
380869.0;2561876.868449217;0.44032801883230077;0.23040287415082825;0.14971856263684924;0.8806560376646015
380523.0;934719.1963147973;0.47885383465152315;0.2311020137645637;0.05462589411099811;0.9577076693030463
379455.0;4041482.6150201405;0.42128425267696973;0.2332600516474235;0.2361881538861416;0.8425685053539395
378685.0;4592100.405368295;0.3976016930919436;0.23481594038319317;0.2683667902400057;0.7952033861838872
378431.0;2768977.2273975806;0.4346934633668431;0.23532918160252497;0.16182170796954976;0.8693869267336862
378082.0;730622.9884291132;0.4842852098827123;0.2360343831204258;0.04269831427271599;0.9685704197654246
377742.0;2275214.1239240337;0.4607178036832206;0.23672139892583058;0.13296571451974795;0.9214356073664411
376067.0;645179.1756974993;0.4765206477061093;0.24010596208481008;0.037704895195501305;0.9530412954122186
375176.0;837666.1623989345;0.47591246211251637;0.24190634762191499;0.04895402091663018;0.9518249242250327
374206.0;3329257.0421622815;0.42552204572307945;0.24386636330204042;0.19456500237767987;0.8510440914461589
374057.0;785843.4494247471;0.4764808202847848;0.24416743787558548;0.04592545143540684;0.9529616405695696
372763.0;2876941.1325697303;0.4241996546325237;0.24678213920556724;0.1681312230356739;0.8483993092650474
372682.0;3950212.6795110004;0.4060233736648989;0.24694581061803134;0.23085425055742378;0.8120467473297978
372619.0;5069039.106435318;0.38640054406038765;0.2470731106055034;0.29623954933668517;0.7728010881207753
372558.0;516394.7660228203;0.47703834749067786;0.2471963693235319;0.03017860970380251;0.9540766949813557
369443.0;570582.5007372126;0.4719623017267651;0.25349064648187286;0.033345393343523926;0.9439246034535302
369116.0;4285780.905639515;0.4010229190735618;0.25415139403589454;0.25046518233220916;0.8020458381471236
368046.0;463110.63079723006;0.47279010797052545;0.25631347318819786;0.02706463329237881;0.9455802159410509
368035.0;3787947.5691293213;0.4005891709430147;0.25633570017013746;0.22137132052606726;0.8011783418860294
367593.0;361003.8832540531;0.4763618440142727;0.2572288207171637;0.021097416184500416;0.9527236880285453
367163.0;3450880.1835255953;0.39719784960080456;0.25809769364752855;0.20167277642121392;0.7943956992016091
366769.0;408022.6812096358;0.46902600662658384;0.2588938237279094;0.023845240224569738;0.9380520132531677
366367.0;4419989.136242638;0.3957756316964181;0.2597061188860645;0.25830844116615054;0.7915512633928362
365579.0;312305.1387972301;0.47083831581065966;0.2612983790468262;0.018251414445662632;0.9416766316213193
365395.0;2178589.73605778;0.4589205171388479;0.2616701758356335;0.12731889181520561;0.9178410342776958
364186.0;4158056.4261394213;0.3763827705584465;0.26411312321426406;0.24300084018532475;0.752765541116893
363443.0;2233774.7664307817;0.43930698882470515;0.2656144548125457;0.13054395837803306;0.8786139776494103
362672.0;0.0;0.449606781677555;0.2671723641830372;0.0;0.89921356335511
357629.0;3846581.1745426385;0.37682071094263625;0.27736242508496767;0.22479792515051666;0.7536414218852725
356930.0;2430625.5880731386;0.4310913885243486;0.2787748487554911;0.1420481108348281;0.8621827770486972
350553.0;2381391.0215966403;0.43219677925892785;0.29166043637627453;0.1391707951387885;0.8643935585178557
350145.0;3485769.8336564605;0.3931158927409574;0.29248485534276025;0.20371176132826674;0.7862317854819147
349332.0;2621893.512373138;0.41254225948735956;0.29412763137156644;0.15322599336985568;0.8250845189747191
349125.0;3598920.53319131;0.3720156386577977;0.29454590275897463;0.21032439767482403;0.7440312773155954
348603.0;2104322.7249275055;0.4441405494248173;0.2956006740837432;0.12297865583638186;0.8882810988496346
348391.0;2662010.7342731385;0.4081639267715812;0.2960290486447603;0.1555704826284231;0.8163278535431624
346713.0;3412385.7750759698;0.40349827150169637;0.2994196737079051;0.19942312595064995;0.8069965430033927
338229.0;3115046.393413964;0.39824236224452464;0.31656273868747653;0.1820463248303398;0.7964847244890493
338117.0;2535703.380696641;0.39408204829605453;0.3167890497763157;0.1481889586914883;0.7881640965921091
334441.0;2054688.4481957855;0.433500960084454;0.32421690301357464;0.12007798068633414;0.867001920168908
333885.0;2581192.3971103574;0.3796871168913198;0.32534037591888365;0.15084738081828952;0.7593742337826396
333744.0;2196544.47588959;0.41742211235093885;0.32562528541465446;0.12836818418098758;0.8348442247018777
333445.0;2479001.0504529374;0.4045962687170262;0.3262294551964663;0.1448752196563308;0.8091925374340524
328592.0;2337644.6232895893;0.38818552352381835;0.33603559550125883;0.13661421330000736;0.7763710470476367
325770.0;2996745.5800854643;0.3784425109437844;0.34173782668611863;0.17513271085129065;0.7568850218875688
325614.0;2009210.682882069;0.4225558625088238;0.34205304570271616;0.11742021608470157;0.8451117250176476
324154.0;2911893.993085464;0.37227745456885764;0.3450031723965132;0.17017390201877028;0.7445549091377153
321450.0;2155825.614760318;0.4073186812516937;0.3504669686842031;0.12598853454381573;0.8146373625033874
319897.0;2778039.705796868;0.3719663869742739;0.35360501440712555;0.16235132797454638;0.7439327739485478
319730.0;0.0;0.4388777341766365;0.35394246040566263;0.0;0.877755468353273
252464.0;0.0;0.30740809285252507;0.48986247560083573;0.0;0.6148161857050501
