409347.0;3431370.9015461546;0.44491931641481913;0.17285923854401145;0.20053263510840877;0.8898386328296383
406952.0;3279572.782226363;0.46424918869636994;0.17769865870267168;0.1916614061608234;0.9284983773927399
406420.0;3038449.968083838;0.46613687870011666;0.178773636374658;0.17756995563212416;0.9322737574002333
405581.0;3186751.141734026;0.45484093174667767;0.18046894890623041;0.18623681969171668;0.9096818634933553
405284.0;2942564.885830076;0.4681384848465358;0.18106907741859873;0.17196633866280459;0.9362769696930716
404594.0;3112818.6777340258;0.45089094610085284;0.1824633153766261;0.18191613497083817;0.9017818922017057
403760.0;5264248.870296202;0.43173388314854616;0.18414852473458962;0.3076477967891172;0.8634677662970923
403260.0;5458283.304380794;0.42702474724828227;0.18515884209547903;0.31898735683236973;0.8540494944965645
401306.0;6461214.242179964;0.4183425632333949;0.1891071623418348;0.3775996111060163;0.8366851264667898
400305.0;2062838.7222532819;0.47528760647635365;0.1911298176983354;0.12055429058709975;0.9505752129527073
400067.0;5361115.728446074;0.4269845861752481;0.19161072876211876;0.313308789691608;0.8539691723504962
399983.0;3792490.480946155;0.43735166330270603;0.1917804620787482;0.22163681268760663;0.8747033266054121
399816.0;5757243.540146074;0.42186717404845375;0.19211790807728524;0.3364588822345433;0.8437343480969075
399048.0;2455532.600516192;0.47321761562227305;0.19366975554361135;0.14350370073787033;0.9464352312445461
398777.0;1990460.029637566;0.4759394203917727;0.1942173475532134;0.1163244097690888;0.9518788407835455
398777.0;2377665.7952468134;0.47500815171037447;0.1942173475532134;0.13895308930699704;0.9500163034207489
398359.0;5159673.096253557;0.4270968261907578;0.19506197286691696;0.3015362873839918;0.8541936523815156
397667.0;5906682.799346075;0.4190930295353677;0.1964602520943879;0.3451922571146886;0.8381860590707354
396883.0;2668526.539564118;0.4591227892245425;0.19804442971626246;0.15595127259323416;0.918245578449085
396883.0;2730358.4493987197;0.45870676216460526;0.19804442971626246;0.15956478922220924;0.9174135243292105
396336.0;3863215.123999787;0.4338962979127482;0.19914971690907549;0.225770029249027;0.8677925958254964
396336.0;3917277.820299787;0.4334679073460993;0.19914971690907549;0.228929505522845;0.8669358146921986
395751.0;1744189.1710883246;0.4815728003845557;0.2003317882213161;0.10193210254487213;0.9631456007691114
395751.0;1854002.6016319157;0.48016410690040295;0.2003317882213161;0.10834970566299554;0.9603282138008059
395749.0;2514936.9671832053;0.45730216153994624;0.20033582949075965;0.14697534939564572;0.9146043230798925
395657.0;2324020.58335155;0.46771357649183704;0.2005217278851633;0.1358180112256801;0.9354271529836741
394580.0;4894011.63523064;0.4230592452176917;0.20269795148051906;0.28601077459210134;0.8461184904353835
393998.0;4307592.91961589;0.430857645373746;0.20387396088859433;0.25173989753065446;0.861715290747492
393886.0;6554192.529340945;0.4144793489376787;0.20410027197743355;0.3830333521579838;0.8289586978753574
393806.0;6083127.7515799645;0.4135754960112952;0.20426192275517585;0.35550387082193774;0.8271509920225903
393604.0;4970014.203318836;0.4226459526042795;0.20467009096897518;0.2904524381985814;0.845291905208559
393464.0;5630323.085395696;0.4155296940488988;0.2049529798300242;0.3290415280718724;0.8310593880977976
393338.0;3623482.641899787;0.4337330133567611;0.20520757980496834;0.21175983106994628;0.8674660267135222
393058.0;5550210.208946074;0.42218440953206415;0.2057733575270664;0.32435965406830203;0.8443688190641283
392653.0;4823229.540027668;0.428215805244606;0.20659171458938683;0.2818742004714925;0.856431610489212
392329.0;1611232.5448188738;0.478589902422584;0.20724640023924315;0.09416198867903411;0.957179804845168
392299.0;4541629.578435609;0.42739602144718336;0.2073070192808965;0.26541722628690717;0.8547920428943667
392053.0;5692336.099716085;0.4136545030982603;0.2078040954224541;0.33266562862220345;0.8273090061965206
391496.0;1544051.6112515;0.4820020743162397;0.2089295889624849;0.09023586992829281;0.9640041486324794
391422.0;4207421.3231690815;0.42930474643466265;0.20907911593189651;0.24588577252497723;0.8586094928693253
391389.0;2238637.405094494;0.4745023452448263;0.20914579687771523;0.1308281356858184;0.9490046904896526
391356.0;1470647.8473522773;0.48624159814520934;0.20921247782353392;0.08594608295278576;0.9724831962904187
390786.0;5036799.385846074;0.4186308308042844;0.21036423961494785;0.29435542887567445;0.8372616616085689
390744.0;2136225.52635266;0.4728036525045851;0.21044910627326255;0.12484308641549641;0.9456073050091702
390435.0;2809463.3785671405;0.4407653367264073;0.2110734824022922;0.16418775781154465;0.8815306734528146
390404.0;4698813.339904086;0.4159892078996224;0.21113612207866736;0.27460319737191063;0.8319784157992448
388663.0;1920442.6919546733;0.47398785413340183;0.21465404712928426;0.11223252881780513;0.9479757082668037
388150.0;5829663.889679964;0.41110962750612084;0.21569063274155678;0.3406911975231526;0.8222192550122417
384256.0;1311921.5046628914;0.4840912659078709;0.22355898434816346;0.07666996192888813;0.9681825318157418
384246.0;1225962.3337410975;0.48804593836557125;0.22357919069538124;0.0716464248204647;0.9760918767311425
383200.0;4429192.8926412305;0.4177676521199766;0.22569277461436185;0.2588463175941036;0.8355353042399531
382275.0;6163309.213218224;0.40517340412478225;0.22756186173200726;0.3601897530102838;0.8103468082495645
380332.0;1378891.7627346753;0.47540774134043795;0.23148795499642347;0.08058376859985268;0.9508154826808759
380239.0;6228353.947320606;0.40121177318230244;0.2316758740255489;0.36399103019766066;0.8024235463646049
379634.0;4593423.295918836;0.4136365608936462;0.23289835803222508;0.2684441012435876;0.8272731217872924
379629.0;5991709.5798182255;0.40817027942553474;0.23290846120583397;0.35016130442320936;0.8163405588510695
378517.0;1032408.2068317104;0.4694455751416157;0.23515540701645202;0.060334934393196274;0.9388911502832314
377738.0;5098798.226988235;0.4078131717865135;0.2367294814647177;0.2979787011317582;0.815626343573027
376836.0;966096.7444317103;0.4741161597472943;0.23855209398376218;0.056459628378631554;0.9482323194945886
375065.0;885485.7338797254;0.47185836387686064;0.24213063807603244;0.051748642936207546;0.9437167277537213
372721.0;665819.9288406763;0.4721026166377256;0.24686700586388197;0.03891116077773795;0.9442052332754513
370460.0;6282153.772098093;0.39710432733325396;0.25143566096982384;0.36713514400539243;0.7942086546665079
370432.0;562677.5947100862;0.46998053303201515;0.25149223874203364;0.03288342298783031;0.9399610660640303
370283.0;6503614.975579964;0.3915800005096813;0.2517933133155787;0.38007755098578855;0.7831600010193626
368478.0;798147.5994317103;0.46913736896687774;0.2554405589883894;0.046644517865256696;0.9382747379337555
367873.0;4037716.407371895;0.4100921586668472;0.2566630429950656;0.2359680530676239;0.8201843173336943
367805.0;6385773.29160999;0.3910873825407417;0.25680044615614656;0.37319076897062864;0.7821747650814834
366935.0;409020.5971273459;0.4717089585611509;0.2585583983640941;0.023903559396217685;0.9434179171223018
364308.0;502823.7375100864;0.47049331286418716;0.26386660577820703;0.029385505668455117;0.9409866257283743
363325.0;330177.77679723006;0.4670906895433306;0.2658528897097156;0.019295908700965585;0.9341813790866612
362672.0;0.0;0.449606781677555;0.2671723641830372;0.0;0.89921356335511
360914.0;3514309.1682851953;0.41163088596397834;0.2707246400239243;0.20537962765386916;0.8232617719279567
358894.0;3286217.88966011;0.4161412276214525;0.2748063221619175;0.19204975266794896;0.832282455242905
358121.0;5200377.09999905;0.3869719834350374;0.2763682728018525;0.303915068741282;0.7739439668700748
355124.0;2999850.642835447;0.4206366210374141;0.2824241150630236;0.17531417372234037;0.8412732420748282
350727.0;3379447.580374861;0.40766836344729834;0.291308845934685;0.19749818598681484;0.8153367268945967
349990.0;3963233.2248334712;0.37271313274553997;0.29279805372463596;0.2316151838225765;0.7454262654910799
349895.0;2856369.7666573836;0.43224369756310116;0.29299001402320496;0.1669290125103345;0.8644873951262023
347561.0;2617308.432486172;0.42656758313691706;0.2977061754638367;0.15295803686550297;0.8531351662738341
342904.0;3872703.477848366;0.3954259223151871;0.3071162713631606;0.22632453782728623;0.7908518446303742
340722.0;4124904.452863462;0.37251699041213454;0.31152529632608195;0.24106340679475885;0.7450339808242691
340695.0;3798960.4175239797;0.3763205021203654;0.31157985346357;0.222014922040446;0.7526410042407308
340302.0;2553947.6425050744;0.42856461093194503;0.31237396290922903;0.1492551710016773;0.8571292218638901
336256.0;3708471.4189302297;0.38972429417835025;0.3205494509935461;0.2167266574205679;0.7794485883567005
333398.0;3595331.040986082;0.36003703513192725;0.32632442502838993;0.21011462427775668;0.7200740702638545
330871.0;3458412.147097391;0.37399867111377316;0.33143056897032497;0.20211295165902113;0.7479973422275463
327540.0;2265065.109081972;0.4292172654401086;0.33816130322857013;0.1323725962738842;0.8584345308802172
327334.0;2914723.726628037;0.3747626671473253;0.3385775539812566;0.17033927438457636;0.7495253342946506
327334.0;3091684.5281427875;0.3734894546860948;0.3385775539812566;0.18068103482284872;0.7469789093721896
325481.0;2179541.1973359575;0.4249318074118761;0.34232179012071273;0.12737449613277751;0.8498636148237522
322394.0;2348962.018032644;0.4172206182798672;0.3485594895068439;0.1372756127976146;0.8344412365597343
320835.0;1963570.1408026395;0.42621788285887696;0.35170965903809703;0.11475293865140512;0.8524357657177539
315646.0;1899595.3173815468;0.4371972683029062;0.36219473260940727;0.11101418807930981;0.8743945366058123
311113.0;2480680.2832656093;0.4014750916525081;0.3713542698032306;0.14497335564644886;0.8029501833050162
304551.0;2071156.2887261151;0.40434969867622106;0.3846136748475431;0.12104037721846188;0.8086993973524421
302408.0;2748222.7398205698;0.3872137522087967;0.3889438950563151;0.1606087956369694;0.7744275044175934
298863.0;2679696.1173205697;0.3876779097398782;0.39610704514502093;0.15660403352314128;0.7753558194797564
297939.0;2861306.9537984547;0.38228164139993365;0.39797411162794455;0.16721754650325735;0.7645632827998673
297832.0;0.0;0.446541893416048;0.3981903195431749;0.0;0.893083786832096
235915.0;0.0;0.29104260751564043;0.5233019596115532;0.0;0.5820852150312809
