423317.0;5132499.178282994;0.4526646024280269;0.14463097148076154;0.2999482173288423;0.9053292048560538
422431.0;4039558.591514849;0.4582350137563386;0.14642125384425755;0.23607571209112818;0.9164700275126773
421507.0;3947766.73026694;0.4613988792210145;0.14828832032718117;0.23071130691730846;0.922797758442029
421504.0;4807638.400936013;0.4552733388504672;0.1482943822313465;0.2809630392195909;0.9105466777009344
421334.0;4373823.3907217365;0.45577779837595517;0.1486378901340489;0.2556104703356352;0.9115555967519103
421329.0;3722894.9483043477;0.45790262332403203;0.1486479933076578;0.2175695824309922;0.9158052466480641
420957.0;3283766.097352143;0.45852434645145174;0.14939966942415953;0.1919064675535261;0.9170486929029035
420740.0;6238186.114884696;0.449944342684909;0.14983814715878552;0.3645656315820712;0.899888685369818
420661.0;3635080.6995211532;0.45413007293390595;0.14999777730180605;0.21243763277768465;0.9082601458678119
420652.0;6312356.233784696;0.44939782489321556;0.15001596301430206;0.3689002050852209;0.8987956497864311
420494.0;4115886.2251490555;0.4499577219035741;0.1503352233003431;0.24053637284259627;0.8999154438071482
420425.0;3815648.302888671;0.45264337278906297;0.15047464709614583;0.22299017820557251;0.9052867455781259
420356.0;6881422.905901335;0.44895295859813983;0.1506140708919486;0.40215701193769565;0.8979059171962797
419772.0;3591911.121212814;0.4528623239749647;0.1517941215694674;0.20991476085766303;0.9057246479499294
419688.0;3719068.7968710596;0.4489860245818701;0.15196385488609682;0.217345978439685;0.8979720491637402
419455.0;8858749.19104487;0.4452479508439002;0.1524346627762713;0.5177138729725331;0.8904959016878004
419384.0;3205163.219164332;0.4624648447529724;0.15257812784151759;0.18731283930919831;0.9249296895059448
419337.0;6022856.680450524;0.4455326158280203;0.15267309767344117;0.3519815711168994;0.8910652316560406
418797.0;4393204.720195099;0.448441048144664;0.15376424042320175;0.25674313398019966;0.896882096289328
418771.0;3623792.763174423;0.4452260134964904;0.15381677692596799;0.21177795485725762;0.8904520269929808
418583.0;6198652.324941088;0.44506953527076937;0.1541966562536624;0.3622552386514668;0.8901390705415387
417767.0;3457568.0176156606;0.45651847463080175;0.1558454941866339;0.20206361991546992;0.9130369492616035
417354.0;3410030.093460601;0.4454020965725891;0.15668001632672854;0.19928545763808325;0.8908041931451782
417213.0;2977408.431501029;0.46012756361710205;0.15696492582249935;0.17400262918061718;0.9202551272342041
416636.0;3388057.024280723;0.4581549901214166;0.15813083205696574;0.19800133021773508;0.9163099802428332
416479.0;6593494.705901336;0.4397930470101658;0.158448071708285;0.3853302093784025;0.8795860940203316
416389.0;2970398.158022743;0.46395269173845965;0.1586299288332451;0.173592942016575;0.9279053834769193
416295.0;4248419.728249054;0.44341026066881345;0.15881986849709231;0.2482817589810681;0.8868205213376269
416232.0;4638724.089967376;0.4424736593028988;0.15894716848456436;0.2710915234732753;0.8849473186057976
416172.0;3883007.2802783046;0.444679269145164;0.1590684065678711;0.2269267020095322;0.889358538290328
416084.0;8377231.59622196;0.4353008036920811;0.15924622242338762;0.4895735188949859;0.8706016073841621
416032.0;3346494.916641762;0.4489148152671619;0.15935129542892013;0.19557240043875238;0.8978296305343239
415991.0;3609093.7685309015;0.4403747347665574;0.15943414145251306;0.21091893138999515;0.8807494695331148
415922.0;3502832.2314432086;0.4415541418075135;0.1595735652483158;0.204708904361654;0.883108283615027
415867.0;3271530.393062317;0.4577794676440734;0.15968470015801364;0.19119140115760241;0.9155589352881468
415729.0;3098267.3662396977;0.4593434466604414;0.1599635477496191;0.18106574224968813;0.9186868933208828
415415.0;3074057.2326453906;0.4576810572987819;0.16059802705225765;0.17965087862075035;0.9153621145975638
415204.0;5247531.617596289;0.43533470949371317;0.16102438097855298;0.30667082436850945;0.8706694189874263
415204.0;5313991.096837699;0.43514296964158977;0.16102438097855298;0.3105547806304826;0.8702859392831795
415204.0;5412014.190375519;0.4349962616390196;0.16102438097855298;0.3162833450476255;0.8699925232780392
415155.0;3308162.140329814;0.4550109188096934;0.16112339207992016;0.19333219590668257;0.9100218376193868
415052.0;3552560.700483773;0.44115366268574696;0.16133151745626337;0.20761508420135535;0.8823073253714939
414983.0;3247026.0475859456;0.4526018973870442;0.1614709412520661;0.1897593435016465;0.9052037947740884
414827.0;3306067.7841476016;0.4447598996287364;0.1617861602686636;0.19320979970524443;0.8895197992574728
414824.0;3159815.184448581;0.454935804380577;0.16179222217282893;0.18466265628921655;0.909871608761154
414804.0;3114754.3445287086;0.44768270823820494;0.1618326348672645;0.1820292572109477;0.8953654164764099
414781.0;2993959.362471151;0.4493681285252846;0.16187910946586542;0.17496988159843083;0.8987362570505693
414621.0;2847790.670262106;0.4620161556831381;0.16220241102135002;0.166427641817292;0.9240323113662762
413868.0;2754205.743963033;0.45716114037984273;0.16372394896684947;0.16095844818721164;0.9143222807596855
413736.0;3279991.836944689;0.442378733750685;0.16399067275012427;0.19168589612396977;0.88475746750137
413678.0;2558228.6279596533;0.46682663773745453;0.16410786956398743;0.14950535593321024;0.9336532754749091
413631.0;4053560.0765548926;0.4384887139898599;0.16420283939591104;0.23689397242236945;0.8769774279797198
413283.0;3775026.941956371;0.44001587825068117;0.16490602027909007;0.22061622657423666;0.8800317565013623
413118.0;6387695.029362424;0.4342482631378378;0.16523942500818356;0.3733030771840337;0.8684965262756756
413106.0;2765334.0686807814;0.4524865068986307;0.16526367262484493;0.1616087982496274;0.9049730137972614
413038.0;3059006.131161947;0.44878507016668234;0.1654010757859259;0.178771277689123;0.8975701403333647
412637.0;2498362.58842303;0.46920000304028114;0.16621135030935918;0.1460067266662972;0.9384000060805623
412509.0;5256033.057975322;0.4345466085648458;0.16646999155374687;0.3071676567688356;0.8690932171296916
412284.0;7316004.213872186;0.4314752053560177;0.1669246343661471;0.42755436400388747;0.8629504107120354
412258.0;2908843.628681411;0.4499938537928202;0.16697717086891334;0.16999563577197369;0.8999877075856404
412148.0;2550934.1218222855;0.46232099397673854;0.167199440688309;0.14907905793759524;0.9246419879534771
411683.0;6956012.361431729;0.43210889246885914;0.16813903583393616;0.4065160918792058;0.8642177849377183
411491.0;2549681.01229687;0.4615527305002602;0.16852699770051768;0.14900582500463022;0.9231054610005204
411471.0;2442520.812666846;0.4741821000222793;0.16856741039495327;0.14274327926791927;0.9483642000445586
411066.0;3043881.5211894317;0.447267508589902;0.16938576745727368;0.17788738085027972;0.894535017179804
411042.0;6322224.818567791;0.4342953271810452;0.16943426269059636;0.3694769347271413;0.8685906543620904
410846.0;2436326.450898422;0.45668214748933234;0.169830307096065;0.14238127477354148;0.9133642949786647
410711.0;6289785.441358602;0.4341065756014126;0.17010309278350516;0.36758114614010656;0.8682131512028252
410664.0;2707295.192144143;0.45623666906935195;0.17019806261542875;0.15821695015609155;0.9124733381387039
410641.0;3353047.2858476015;0.43778053385316207;0.17024453721402968;0.19595532723412099;0.8755610677063241
410541.0;6450824.403320641;0.4337709228771194;0.17044660068620754;0.3769924188716027;0.8675418457542388
410508.0;3955076.3049128987;0.4353176794733984;0.17051328163202625;0.2311384855311433;0.8706353589467968
410469.0;7038744.427801214;0.43091608792962327;0.17059208638617562;0.41135103387558425;0.8618321758592465
410276.0;2680924.2216583076;0.4551827298668651;0.17098206888747894;0.15667580512874757;0.9103654597337302
410071.0;6690354.749713119;0.4336806703625181;0.1713962990054436;0.390990804044383;0.8673613407250362
410039.0;2213110.380347643;0.4769366551677295;0.1714609593165405;0.12933631166392176;0.953873310335459
410039.0;2244639.3981830347;0.476766329761689;0.1714609593165405;0.13117889796843993;0.953532659523378
409744.0;6808851.009407716;0.432203007984653;0.17205704655946527;0.3979158400981482;0.864406015969306
409525.0;2333193.803282354;0.45975412914116154;0.17249956556353482;0.1363541030729136;0.9195082582823231
409519.0;3471730.6388476007;0.43444681424608467;0.17251168937186548;0.20289129720165414;0.8688936284921693
409487.0;2387507.042158138;0.45973165260628646;0.1725763496829624;0.13952822129724363;0.9194633052125729
409306.0;2724568.9180652015;0.45324703913457925;0.17294208456760438;0.15922644341009373;0.9064940782691585
409176.0;6663196.282995222;0.43190099565047246;0.17320476708143562;0.3894036369753874;0.8638019913009449
409172.0;7093177.195919047;0.424583628020159;0.17321284962032274;0.4145321375044562;0.849167256040318
408998.0;2953604.6447117236;0.44964869679578584;0.17356444006191224;0.17261151285207707;0.8992973935915717
408993.0;5051627.72130969;0.43095232991298205;0.17357454323552113;0.2952220111455919;0.8619046598259641
408720.0;6073505.977601166;0.42720443415345016;0.17412617651456674;0.3549415650421934;0.8544088683069003
408720.0;6504515.348434574;0.427039779028328;0.17412617651456674;0.3801301696464625;0.854079558056656
408682.0;5840058.902298575;0.43004598239213077;0.17420296063399435;0.3412986921170643;0.8600919647842615
408642.0;4629991.6998977065;0.4309944373064614;0.1742837860228655;0.2705811941496;0.8619888746129228
408492.0;3276594.2555910116;0.4380551025941199;0.17458688123113233;0.19148733818272795;0.8761102051882398
408418.0;7036021.832469026;0.42702938902460974;0.17473640820054395;0.41119192277044214;0.8540587780492195
408325.0;3209503.6721218703;0.4470278937001411;0.17492432722966939;0.18756649957913504;0.8940557874002822
408321.0;4623746.623849654;0.43390662788276424;0.1749324097685565;0.270216225863658;0.8678132557655285
408237.0;2199025.2415409354;0.4659681521140829;0.17510214308518593;0.1285131625256272;0.9319363042281658
408218.0;5602342.172886407;0.42997925309478197;0.17514053514489972;0.32740629647516656;0.8599585061895639
408203.0;2315540.2418184364;0.4629534930258351;0.1751708446657264;0.1353224118623212;0.9259069860516702
408134.0;2615730.459780391;0.45509797773767957;0.17531026846152914;0.15286581861399398;0.9101959554753591
408085.0;6847534.703272186;0.4239508426083354;0.1754092795628963;0.40017655259147666;0.8479016852166708
408085.0;7479192.324472185;0.42356523366728466;0.1754092795628963;0.43709123506094366;0.8471304673345693
407835.0;5085605.0962285325;0.4283811247464117;0.175914438243341;0.2972076818066888;0.8567622494928234
407813.0;5982803.09188502;0.4277156247119762;0.17595889220722014;0.34964080065196096;0.8554312494239524
407690.0;3255204.2176095243;0.4405953422737342;0.17620743027799893;0.19023728366965745;0.8811906845474684
407591.0;3230710.029789168;0.4464070675157818;0.17640747311545502;0.18880581963694587;0.8928141350315636
407585.0;4349452.791278391;0.4301951519510441;0.1764195969237857;0.2541862289272397;0.8603903039020881
407395.0;2149752.986411736;0.4633767607192771;0.17680351752092366;0.12563364426826248;0.9267535214385542
407107.0;6235728.252967792;0.42719603846616994;0.17738546032079597;0.36442199175383017;0.8543920769323399
406978.0;3094243.099656093;0.44209996677657176;0.17764612219990544;0.18083056021733326;0.8841999335531435
406948.0;2416640.9910109867;0.4541271443223983;0.1777067412415588;0.1412308374533528;0.9082542886447966
406901.0;5432767.7720135525;0.42809218852754993;0.17780171107348242;0.3174962044362556;0.8561843770550999
406858.0;3909876.3307404574;0.4311852263010082;0.17788859836651888;0.22849695531255124;0.8623704526020164
406847.0;2813758.4519748916;0.4444155521333613;0.17791082534845845;0.16443876605669014;0.8888311042667226
406794.0;2414691.7077372675;0.45366254707096915;0.17801791898871275;0.1411169194530353;0.9073250941419383
406594.0;2626289.1353509626;0.4496990669554992;0.17842204593306848;0.15348287782915124;0.8993981339109984
406562.0;2136868.41305666;0.47253518712235054;0.1784867062441654;0.1248806573364281;0.9450703742447011
406532.0;2969835.6419590046;0.44322582468850663;0.1785473252858188;0.1735600680336134;0.8864516493770133
406516.0;2117676.1376193897;0.468614028530459;0.17857965544136725;0.12375904219263004;0.937228057060918
406495.0;2276959.8030185653;0.46337183721494646;0.1786220887705246;0.13306773369486027;0.9267436744298929
406488.0;2075630.9297225564;0.47969979371488053;0.17863623321357705;0.12130187956721006;0.9593995874297611
406427.0;3612901.397547601;0.4315528439274464;0.17875949193160556;0.2111414529133577;0.8631056878548928
406358.0;6085271.39879837;0.42654092354927864;0.1788989157274083;0.35562914763921677;0.8530818470985573
406291.0;2964935.8723258628;0.44249907508554137;0.17903429825376746;0.1732737207560529;0.8849981501710827
406085.0;6812719.6441468205;0.4233768814158568;0.1794505490064539;0.39814192685494704;0.8467537628317136
406071.0;6912541.867673364;0.42320889013709;0.1794788378925588;0.40397563416916904;0.84641778027418
405718.0;2634665.7379733515;0.44945665426950804;0.18019212194934672;0.1539724145902069;0.8989133085390161
405517.0;5821175.015937847;0.4269824843631938;0.18059826952842428;0.3401950995292452;0.8539649687263876
405415.0;1620882.8802742776;0.4834493409980136;0.1808043742700457;0.0947259636191026;0.9668986819960272
405405.0;3817283.5046476005;0.42731105995506846;0.1808245806172635;0.2230857409783128;0.8546221199101369
405356.0;4959352.886434575;0.42262304886239555;0.18092359171863065;0.2898293805257535;0.8452460977247911
405331.0;2745794.586957378;0.4457203774429758;0.18097410758667512;0.16046689203456882;0.8914407548859516
405307.0;2258158.694264044;0.46270950083602214;0.18102260281999782;0.13196897871042967;0.9254190016720443
405113.0;2030171.3350879808;0.48049973397517387;0.1814146059560229;0.11864517687764542;0.9609994679503477
404854.0;6712447.193749225;0.41954103090676426;0.18193795034896362;0.3922819078468163;0.8390820618135285
404721.0;5740293.239855533;0.42025888674004463;0.1822066947669602;0.3354682902872812;0.8405177734800893
404653.0;4240863.170583207;0.4243779925774723;0.18234409792804115;0.24784014644061142;0.8487559851549445
404644.0;3356946.4703095243;0.4343188852226217;0.18236228364053716;0.19618319934627618;0.8686377704452434
404428.0;2112295.6586185037;0.4704772283572416;0.1827987407404414;0.12344460179456437;0.9409544567144832
404328.0;1892396.1377208538;0.47598185495051737;0.18300080421261927;0.11059346105521366;0.9519637099010347
404308.0;2737135.6067008357;0.4470336086066973;0.18304121690705485;0.15996085285139172;0.8940672172133945
404235.0;2309507.6563298423;0.46097533114882544;0.1831887232417447;0.13496986173024442;0.9219506622976509
404213.0;3041985.5744625223;0.43540639235788875;0.18323317720562382;0.17777657988935738;0.8708127847157775
404047.0;2266289.624287922;0.45749503882616455;0.1835686025694391;0.13244415812715657;0.9149900776523291
403819.0;1842186.7765469498;0.4773997895864741;0.18402930728600467;0.10765917741400893;0.9547995791729482
403819.0;1915881.1359402474;0.4753215930920111;0.18402930728600467;0.11196594707132146;0.9506431861840222
403787.0;2405604.5936691505;0.456327041151777;0.18409396759710162;0.14058585971571894;0.912654082303554
403643.0;1781437.5565086324;0.47843831310584356;0.18438493899703776;0.10410893422415875;0.9568766262116871
403608.0;2411113.714565064;0.45436130241593864;0.1844556612123;0.14090781807058245;0.9087226048318773
403588.0;2521986.2741590054;0.44585500476970974;0.18449607390673559;0.1473873177150449;0.8917100095394195
403582.0;1881367.302724146;0.46989370093304816;0.18450819771506627;0.10994892526834518;0.9397874018660963
403536.0;1984288.9196143344;0.46478602144954556;0.1846011469122681;0.11596376412919457;0.9295720428990911
403496.0;1714955.3443774185;0.48279473889246255;0.18468197230113922;0.10022364943011294;0.9655894777849251
402797.0;2263158.185171239;0.4604265856295466;0.1860943959716626;0.1322611537957195;0.9208531712590932
402650.0;1849833.3095812404;0.477207516870143;0.1863914292757641;0.10810604820204263;0.954415033740286
402514.0;4927848.088129155;0.4232166367940124;0.18666623559792603;0.28798820963399774;0.8464332735880248
402506.0;1529845.9671497103;0.48189326725408105;0.18668240067570024;0.08940567834397282;0.9637865345081621
402505.0;4382739.817541933;0.42376944132431843;0.18668442131042204;0.2561315549450546;0.8475388826486369
402434.0;1684393.4624714863;0.472886269436517;0.18682788637566833;0.09843758348495177;0.945772538873034
402375.0;1667841.8273356059;0.47561624464391045;0.18694710382425328;0.09747028991500996;0.9512324892878209
402241.0;3659880.8992476007;0.4234244029518485;0.18721786887697164;0.21388698044223425;0.846848805903697
402226.0;1412585.8484958205;0.48527070119165383;0.1872481783977983;0.08255288356851043;0.9705414023833077
402175.0;5640645.55654123;0.42157840344653885;0.18735123076860905;0.3296447832719185;0.8431568068930777
402133.0;2145963.681714334;0.45807988228147073;0.18743609742692374;0.12541219363584724;0.9161597645629415
402011.0;1986177.4950428384;0.46336760633606355;0.18768261486298077;0.11607413430430687;0.9267352126721271
401960.0;5975793.687370519;0.4185569042117481;0.18778566723379148;0.34923116427100304;0.8371138084234963
401715.0;2111818.9727892415;0.46129243958492916;0.1882807227406273;0.12341674381354059;0.9225848791698583
401605.0;1627839.1122748812;0.4800066495009279;0.18850299256002295;0.0951324925469075;0.9600132990018558
401306.0;6461214.242179964;0.4183425632333949;0.1891071623418348;0.3775996111060163;0.8366851264667898
401285.0;1402219.2377521666;0.4852529096064976;0.18914959567099218;0.08194704880764814;0.9705058192129952
401227.0;5571235.184956385;0.42067222700131146;0.18926679248485534;0.3255883740066039;0.8413444540026229
401130.0;5774045.788332671;0.4156448365230333;0.1894627940528679;0.33744082187362034;0.8312896730460666
401002.0;1522419.4672108397;0.4811748296926319;0.18972143529725558;0.08897166650290281;0.9623496593852638
400841.0;4947729.196529717;0.42311731730017904;0.19004675748746197;0.2891500808425704;0.8462346346003581
400840.0;2981502.4679681086;0.4347433672910521;0.19004877812218374;0.17424188863246;0.8694867345821042
400714.0;1813881.497145905;0.4716586690868056;0.19030337809712786;0.1060049895023455;0.9433173381736112
400677.0;2892157.301450275;0.4411102623032544;0.1903781415818337;0.16902047066567955;0.8822205246065088
400635.0;4796494.207849457;0.4197886737639396;0.1904630082401484;0.28031176179435047;0.8395773475278792
400517.0;4664562.831861115;0.4212528319084218;0.1907014431373183;0.2726015645468016;0.8425056638168436
400378.0;7144460.644344335;0.4151856089720683;0.19098231136364555;0.4175291918437395;0.8303712179441366
400231.0;2370061.8837447525;0.45301504786469066;0.19127934466774704;0.13850870936254034;0.9060300957293813
400187.0;1972829.950076454;0.46399838686874845;0.1913682525955053;0.11529409086361354;0.9279967737374969
400127.0;2804250.9566008355;0.4424716201593215;0.19148949067881202;0.16388313882916386;0.884943240318643
400095.0;3719863.3848286765;0.42184709119220304;0.19155415098990894;0.2173924149286389;0.8436941823844061
399880.0;4482919.294017482;0.4196189781819939;0.1919885874550914;0.26198614046723484;0.8392379563639878
399749.0;5296545.154628533;0.4165411314174251;0.1922532906036444;0.3095352228899956;0.8330822628348502
399629.0;1743939.0704547253;0.47235026433674554;0.19249576677025787;0.10191748642188894;0.9447005286734911
399452.0;1415661.2370672508;0.4814326133340274;0.19285341911601273;0.08273261225185775;0.9628652266680549
399439.0;1351785.8229985223;0.48197536325512413;0.19287968736739586;0.07899967125848652;0.9639507265102483
399413.0;1654263.4468530356;0.47779861753822234;0.1929322238701621;0.09667675622343277;0.9555972350764447
399377.0;5916486.007079864;0.4149363232079077;0.19300496672014614;0.3457651660585996;0.8298726464158154
399305.0;1700334.0472618684;0.472441382036789;0.1931504524201142;0.09936916668155227;0.944882764073578
399040.0;5584571.03997052;0.4145269614830729;0.1936859206213856;0.3263677342751785;0.8290539229661458
399040.0;5744386.927170519;0.41433044113372186;0.1936859206213856;0.3357075293343379;0.8286608822674437
398792.0;3544351.50796444;0.43098988047960896;0.19418703803238674;0.20713533104868034;0.8619797609592179
398771.0;4738178.953258993;0.41867817039620886;0.1942294713615441;0.2769037618999718;0.8373563407924177
398723.0;1559115.3020102133;0.48028831310604075;0.19432646182818947;0.09111620658934623;0.9605766262120815
398701.0;3552948.9596528644;0.42737974541769763;0.1943709157920686;0.20763777444281187;0.8547594908353953
398564.0;6792743.047937899;0.41421775465377275;0.1946477427489523;0.3969744752464757;0.8284355093075455
398551.0;1543116.7434192575;0.4761537227522934;0.19467401100033543;0.09018123534775441;0.9523074455045868
398341.0;4646578.459428533;0.4163577096547335;0.19509834429190898;0.27155054042316296;0.832715419309467
398325.0;3245814.541262468;0.4293598071467016;0.19513067444745744;0.18968854190005105;0.8587196142934032
398232.0;1486125.3284799817;0.4761247820200801;0.19531859347658287;0.08685060192331755;0.9522495640401601
398164.0;1841770.5304852803;0.4698072100170775;0.19545599663766383;0.10763485159147472;0.939614420034155
398125.0;1156508.2100434578;0.4851299289976785;0.1955348013918132;0.06758745863935112;0.970259857995357
398047.0;1217593.9454569428;0.482132781520135;0.19569241090011194;0.07115736811328224;0.96426556304027
398036.0;1771156.2540618682;0.4696075678910004;0.1957146378820515;0.10350808496269676;0.9392151357820008
397973.0;1481444.2387525942;0.47797310209425414;0.19584193786952359;0.08657703451100751;0.9559462041885083
397825.0;3538857.2485412452;0.4260005471476612;0.19614099180834685;0.20681424121265998;0.8520010942953224
397619.0;4773241.134717482;0.41503452024367954;0.19655724256103327;0.27895282970472346;0.8300690404873591
397619.0;5004647.894917483;0.4148606273719536;0.19655724256103327;0.29247646464138866;0.8297212547439072
397602.0;1430050.5604937912;0.48015801386918344;0.19659159335130352;0.08357353823361365;0.9603160277383669
396981.0;4565087.447649457;0.4156737723184483;0.19784640751352814;0.2667881268576853;0.8313475446368966
396850.0;2363486.875565063;0.45739981264901153;0.19811111066208117;0.13812445952363825;0.9147996252980231
396754.0;6505795.738949976;0.40757329105877094;0.19830509159537194;0.38020499690687487;0.8151465821175419
396604.0;1060987.3657648095;0.4833120225712683;0.19860818680363876;0.0620051280896731;0.9666240451425366
396405.0;1193883.423926685;0.48239013615215853;0.19901029311327273;0.06977170229670882;0.9647802723043171
396298.0;2379673.585952279;0.4473567427314947;0.19922650102850306;0.13907042653822782;0.8947134854629895
396282.0;1297909.404384056;0.4796447573243082;0.19925883118405152;0.0758510812328223;0.9592895146486164
396217.0;1660473.4952922163;0.47467083190673875;0.19939017244096716;0.0970396774620254;0.9493416638134775
396208.0;1445242.4059388335;0.47950333223570973;0.19940835815346317;0.08446136437851721;0.9590066644714195
396149.0;6703521.744558633;0.4065645928594308;0.19952757560204812;0.3917602959613425;0.8131291857188616
395952.0;1620315.5998588742;0.4755484532066258;0.19992564064223853;0.09469281120282054;0.9510969064132516
395933.0;1984170.3025720662;0.46289509023757486;0.19996403270195234;0.11595683203449035;0.9257901804751497
395851.0;4575650.121858994;0.41405626891182773;0.2001297247491382;0.26740541975717214;0.8281125378236555
395836.0;5812072.671019596;0.4101072951397059;0.20016003426996487;0.33966314968631217;0.8202145902794118
395694.0;4529898.7957174815;0.4104981529559819;0.20044696440045748;0.2647316679961114;0.8209963059119638
395638.0;3172490.7010044167;0.42780050513182755;0.20056011994487707;0.18540342573945484;0.8556010102636551
395233.0;4188483.0587432836;0.41179139019299255;0.2013784770071975;0.2447790020304283;0.8235827803859851
395206.0;1269221.131011217;0.48093925102916496;0.20143303414468552;0.07417451078292614;0.9618785020583299
395057.0;5615553.087909127;0.4061248893844641;0.20173410871823058;0.3281783551297718;0.8122497787689282
394581.0;1085103.1258219664;0.48230324813394676;0.2026959308457973;0.06341447643779971;0.9646064962678935
394126.0;1863595.2052105379;0.4679415391055308;0.20361531964420665;0.10891030669633317;0.9358830782110616
394088.0;1408382.3742778595;0.47925466101804354;0.20369210376363422;0.08230722846863237;0.9585093220360871
394062.0;2201012.1689978153;0.4573317969191292;0.2037446402664005;0.12862928048842678;0.9146635938382583
393908.0;2680317.2619142714;0.44235288965109404;0.2040558180135544;0.1566403338141131;0.8847057793021881
393356.0;4358151.622026582;0.4110718251980756;0.20517120837997632;0.25469459701170144;0.8221436503961512
393314.0;883744.2839974995;0.4838548137763889;0.20525607503829102;0.051646870920353874;0.9677096275527778
393297.0;4715338.755464084;0.40245504921435393;0.20529042582856127;0.27556895864447223;0.8049100984287079
393080.0;1414014.329431916;0.478443047566578;0.20572890356318727;0.0826363653763757;0.956886095133156
392422.0;4174238.2925525787;0.4188402096320975;0.20705848121011772;0.2439465241133841;0.837680419264195
392421.0;3870395.0915309144;0.4169192422762092;0.2070605018448395;0.22618963349768487;0.8338384845524184
391960.0;2248734.5603926983;0.45720456219119365;0.20799201445157953;0.13141822320976845;0.9144091243823873
391881.0;1062145.3711660292;0.48236045932606364;0.20815164459460006;0.062072803045613224;0.9647209186521273
391382.0;1224817.1480754248;0.48002268768063244;0.20915994132076768;0.07157949906227219;0.9600453753612649
391149.0;2040985.0486609123;0.4591528717959147;0.20963074921094213;0.11927714076039281;0.9183057435918294
390901.0;2825461.8509590053;0.43290469458585185;0.21013186662194328;0.1651227240155782;0.8658093891717037
390824.0;3372570.064481656;0.4270852416359071;0.21028745549552025;0.19709625730447888;0.8541704832718142
390696.0;978391.5018236184;0.48220674138908876;0.21054609673990793;0.05717814589497086;0.9644134827781775
390637.0;1662589.1177716376;0.47428770065977566;0.21066531418849288;0.09716331648644615;0.9485754013195513
390619.0;1595241.0034210244;0.4752579317238978;0.2107016856134849;0.09322742752899611;0.9505158634477956
390599.0;1158770.2866262551;0.4820173870547932;0.21074209830792048;0.06771965658325774;0.9640347741095864
390587.0;2182726.9675721945;0.4561354641364221;0.21076634592458182;0.127560675627403;0.9122709282728442
390435.0;2809463.3785671405;0.4407653367264073;0.2110734824022922;0.16418775781154465;0.8815306734528146
390434.0;1089213.8271748696;0.47967819173142073;0.211075503037014;0.06365470980169224;0.9593563834628415
390294.0;1228076.7354795772;0.47586690442793406;0.21135839189806302;0.07176999250360384;0.9517338088558681
390274.0;2317548.7576898704;0.4546887094710747;0.2113988045924986;0.13543979147295268;0.9093774189421494
390020.0;3483736.627853207;0.42706217469481883;0.2119120458118304;0.20359293881413384;0.8541243493896377
389754.0;4119277.6918467437;0.4154618859719855;0.21244953464782357;0.24073457343742657;0.830923771943971
389476.0;1963312.6088442225;0.45562681181957976;0.21301127110047807;0.11473788823461027;0.9112536236391595
389013.0;4007903.1319175037;0.40716343526010357;0.21394682497666168;0.23422573640771746;0.8143268705202071
388536.0;2659136.166524718;0.44335381057518486;0.21491066773895015;0.15540249010825322;0.8867076211503697
388486.0;2652160.0835743584;0.438717989904273;0.2150116994750391;0.1549948010717401;0.877435979808546
388429.0;3571218.706238667;0.4245675370745273;0.21512687565418048;0.20870547610804513;0.8491350741490546
388292.0;911846.6308530822;0.48305591289262695;0.21540370261106417;0.05328919925773681;0.9661118257852539
388213.0;1892954.276814334;0.4588301076866137;0.2155633327540847;0.11062607924379893;0.9176602153732274
387827.0;816712.1203974994;0.4798423829408278;0.21634329775669134;0.0477294464304309;0.9596847658816556
387555.0;4641917.773864578;0.4015493869693937;0.21689291040101516;0.27127816544990363;0.8030987739387874
387016.0;4336692.669475002;0.40697623072349126;0.21798203251605394;0.25344051506448445;0.8139524614469825
386938.0;1160625.6090228118;0.47839049908888664;0.21813964202435268;0.06782808341901295;0.9567809981777733
386753.0;2616319.857959005;0.43691318894821574;0.21851345944788178;0.15290026361375553;0.8738263778964315
386638.0;6400062.161055331;0.39939513203100374;0.21874583244088633;0.3740258243245407;0.7987902640620075
386591.0;3765020.5802429672;0.40734558634648754;0.21884080227280994;0.22003144511521905;0.8146911726929751
386437.0;6251765.845936951;0.399217442448626;0.21915198001996386;0.36535924420224736;0.798434884897252
386160.0;1008099.8647845687;0.47900858773400956;0.2197116958378966;0.05891433136726475;0.9580171754680191
386105.0;1122125.4879466628;0.4788843591598791;0.21982283074759443;0.06557809909702836;0.9577687183197582
386102.0;2495515.816769419;0.4401176361905248;0.21982889265175978;0.1458403585767988;0.8802352723810496
385990.0;3429685.144213314;0.42371311592197525;0.220055203740599;0.20043411781902;0.8474262318439505
385622.0;955938.6895177019;0.47930279719773994;0.22079879731821359;0.05586598182221757;0.9586055943954799
385278.0;1022702.7849541171;0.4787884249927593;0.22149389566250552;0.05976774014932261;0.9575768499855186
385008.0;1560341.0423097298;0.4757639663207798;0.22203946703738578;0.09118784003827181;0.9515279326415595
384880.0;3649199.0056886273;0.4164355325059503;0.22229810828177346;0.21326272024862963;0.8328710650119006
384816.0;3516218.3251058934;0.41797676870151296;0.22242742890396733;0.20549120062545242;0.8359535374030259
384684.0;1353019.369600303;0.47577112407677086;0.2226941526872421;0.07907176091526849;0.9515422481535417
384052.0;1308555.1484515257;0.4743301821789099;0.22397119383140632;0.07647322881517123;0.9486603643578198
383911.0;1142181.55793171;0.4775957015101278;0.22425610332717713;0.06675019522986202;0.9551914030202556
383612.0;1861337.731675087;0.4565849810159862;0.22486027310898898;0.10877837775896664;0.9131699620319724
383607.0;893355.0681630191;0.4787875610793177;0.2248703762825979;0.05220853444477829;0.9575751221586354
383195.0;763717.655169028;0.4824844317123325;0.22570287778797077;0.04463239861387519;0.964968863424665
383177.0;3958454.5056450777;0.4051652059050405;0.2257392492129628;0.2313359108501153;0.810330411810081
383149.0;4824785.286317482;0.39644780995638207;0.2257958269851726;0.28196511978974975;0.7928956199127641
383099.0;1187087.925097124;0.4755154428259425;0.22589685872126153;0.06937456677091824;0.951030885651885
383092.0;6168655.400855331;0.39471255257076915;0.22591100316431398;0.36050218938787554;0.7894251051415383
382891.0;6020359.085736952;0.39450065346333035;0.2263171507433915;0.35183560926558227;0.7890013069266607
382748.0;5040081.819232981;0.39419128085820276;0.22660610150860588;0.29454725745834026;0.7883825617164055
382505.0;4600117.444225111;0.4032003025575571;0.22709711574599814;0.26883531374674746;0.8064006051151142
382132.0;1750940.5793806731;0.4677036585110772;0.22785081249722164;0.10232666137701335;0.9354073170221544
382091.0;4548469.50007319;0.39697022374482943;0.22793365852081457;0.2658169579245745;0.7939404474896589
381771.0;1008578.3838073531;0.4775310896700819;0.22858026163178377;0.05894229648189145;0.9550621793401638
381742.0;3551101.4840299687;0.41160555902244716;0.22863886003871536;0.2075298061801006;0.8232111180448943
381705.0;996965.1355767581;0.4784131558083923;0.22871362352342117;0.05826360702025385;0.9568263116167846
381578.0;1004277.4952061961;0.4770489570144454;0.2289702441330871;0.05869094839121751;0.9540979140288908
381427.0;3468244.014158481;0.4165073680034313;0.22927535997607568;0.2026875354817456;0.8330147360068626
381423.0;1692033.2698438333;0.472135819788658;0.2292834425149628;0.09888406121879484;0.944271639577316
381338.0;5952709.293400555;0.39347092806169903;0.229455196466314;0.34788208995478975;0.7869418561233981
381280.0;782073.3049567264;0.48074656847367875;0.22957239328017717;0.045705120545332864;0.9614931369473575
381137.0;2988010.4101959313;0.41990674945660184;0.22986134404539155;0.17462221907225317;0.8398134989132037
380801.0;1168039.1720362657;0.4742163302219099;0.2305402773119092;0.06826133921364601;0.9484326604438198
380769.0;777651.247563019;0.48234717343572403;0.23060493762300613;0.045446691233199575;0.9646943468714481
380664.0;4508473.013745076;0.3950053459848983;0.2308171042687929;0.2634795245696317;0.7900106919697966
380330.0;856751.9679262552;0.47636855829672664;0.23149199626586703;0.05006941385588827;0.9527371165934533
380174.0;2433548.315403442;0.44548227187133127;0.23180721528246453;0.14221891784755442;0.8909645437426625
380068.0;700274.2207513412;0.4794721822956584;0.23202140256297307;0.040924702929222276;0.9589443645913168
379684.0;801982.5997099052;0.47706778979682823;0.23279732629613614;0.04686863899162091;0.9541355795936565
379567.0;4418239.128788274;0.4011295327006418;0.23303374055858425;0.2582061690375022;0.8022590654012836
379325.0;5061298.49225156;0.3920665938697028;0.23352273416125474;0.2957871803552594;0.7841331877394055
379202.0;4632516.423232982;0.38943828144999715;0.23377127223203353;0.2707287414238146;0.7788765628999943
379191.0;1589326.8432201718;0.47361536038473884;0.2337934992139731;0.09288179828530349;0.9472307207694777
378926.0;732250.772406196;0.4779882288341807;0.23432896741524448;0.04279344354310893;0.9559764576683614
378647.0;4115207.495945078;0.40096104514048125;0.23489272450262078;0.24049670725129066;0.8019220902809625
378606.0;632377.0107376244;0.47896747663418443;0.2349755705262137;0.0369567242900071;0.9579349532683689
378517.0;1032408.2068317104;0.4694455751416157;0.23515540701645202;0.060334934393196274;0.9388911502832314
378431.0;2768977.2273975806;0.4346934633668431;0.23532918160252497;0.16182170796954976;0.8693869267336862
378381.0;4569036.692832981;0.3902956788875562;0.23543021333861391;0.26701892456684134;0.7805913577751123
378221.0;978165.2815543932;0.47493465984976346;0.23575351489409854;0.05716492536358435;0.9498693196995269
378090.0;3744397.5234259916;0.4081059638445242;0.23601821804265155;0.21882621372340563;0.8162119276890484
378069.0;1661626.870747852;0.4666731681895799;0.2360606513718089;0.09710708183946641;0.9333463363791598
377908.0;3544567.483646281;0.4060989640209738;0.2363859735620153;0.20714795287646917;0.8121979280419476
377908.0;4034889.901345078;0.4006128383633772;0.2363859735620153;0.23580286932096098;0.8012256767267544
377688.0;4740681.145852344;0.38842172753007853;0.23683051320080664;0.27704999245583134;0.7768434550601571
377369.0;2487825.7225841577;0.44268557025704486;0.23747509567705408;0.14539094203295988;0.8853711405140897
377331.0;769631.0374714164;0.47779659121845464;0.23755187979648168;0.044977982396428993;0.9555931824369093
377234.0;673776.5004240678;0.4758563921934472;0.2377478813644942;0.039376150518522675;0.9517127843868944
376836.0;966096.7444317103;0.4741161597472943;0.23855209398376218;0.056459628378631554;0.9482323194945886
376771.0;4646530.083869983;0.388620060114093;0.2386834352406778;0.2715477133087212;0.777240120228186
376678.0;756424.5916562536;0.47426052753404674;0.23887135426980324;0.04420618492663705;0.9485210550680935
376671.0;3288820.305487246;0.4169340046010754;0.2388854987128557;0.19220184036655016;0.8338680092021508
376067.0;645179.1756974993;0.4765206477061093;0.24010596208481008;0.037704895195501305;0.9530412954122186
375774.0;982600.9776595263;0.4736573877860518;0.24069800805829128;0.0574241517352079;0.9473147755721036
375508.0;817499.9698599416;0.47367680484220065;0.24123549689428445;0.04777548911520773;0.9473536096844013
375311.0;1026063.6769095433;0.4727137949347334;0.24163356193447486;0.05996415392663609;0.9454275898694668
375209.0;883273.9200585013;0.4733793930474862;0.2418396666760963;0.05161938239671314;0.9467587860949724
375089.0;873540.8708543931;0.4730547676951603;0.24208214284270976;0.05105057358515035;0.9461095353903206
375065.0;885485.7338797254;0.47185836387686064;0.24213063807603244;0.051748642936207546;0.9437167277537213
374610.0;635327.303074598;0.4781953416517854;0.2430500268744418;0.03712914222839052;0.9563906833035708
374588.0;5103849.601428347;0.38449372881920263;0.24309448083832094;0.29827390834090556;0.7689874576384053
374420.0;4902313.88703298;0.3836126137313623;0.24343394747157976;0.28649596621930395;0.7672252274627246
374238.0;1809740.3658185694;0.4654728390999689;0.2438017029909435;0.10576297778130819;0.9309456781999378
374171.0;1019594.3260690876;0.4714888103048224;0.2439370855173027;0.059586078804855225;0.9429776206096449
374101.0;709570.6836374818;0.475165058692463;0.24407852994782722;0.04146799721399495;0.950330117384926
374046.0;774383.204461683;0.47419498309068986;0.24418966485752505;0.045255703632744185;0.9483899661813797
373900.0;728810.1009386303;0.4734020078824996;0.24448467752690475;0.04259236737392467;0.9468040157649992
373682.0;594153.2506372061;0.4807239516297722;0.24492517589625254;0.034722890770804996;0.9614479032595444
373603.0;759820.0372311675;0.46686470878646275;0.24508480603927305;0.04440461805090172;0.9337294175729255
373566.0;652649.6761562536;0.47086076810568755;0.24515956952397888;0.038141478469520894;0.9417215362113751
373493.0;2116460.577772067;0.4533503516945317;0.24530707585866873;0.12368800369917957;0.9067007033890634
373416.0;2250442.0150837437;0.4513431067943222;0.2454626647322457;0.13151800851376147;0.9026862135886444
373327.0;614730.8382317104;0.474224715293739;0.24564250122248402;0.03592546489726876;0.948449430587478
373265.0;526064.9229885213;0.4721310818815549;0.2457677805752343;0.030743743032108747;0.9442621637631098
372763.0;2876941.1325697303;0.4241996546325237;0.24678213920556724;0.1681312230356739;0.8483993092650474
372716.0;2820797.8732178085;0.43339973429096285;0.24687710903749086;0.16485015664429586;0.8667994685819257
372682.0;3950212.6795110004;0.4060233736648989;0.24694581061803134;0.23085425055742378;0.8120467473297978
372558.0;516394.7660228203;0.47703834749067786;0.2471963693235319;0.03017860970380251;0.9540766949813557
372353.0;450942.3979567261;0.47112619185827576;0.24761059944149658;0.02635350999322761;0.9422523837165515
371892.0;4888425.166202674;0.38612931413762963;0.2485421120482366;0.28568429593757155;0.7722586282752593
371851.0;1842586.122946082;0.46351544137794815;0.24862495807182952;0.10768251560391517;0.9270308827558963
371546.0;450044.3522672375;0.4779316443585364;0.24924125166197206;0.0263010273343347;0.9558632887170728
371428.0;598868.3484999998;0.4693333984889363;0.24947968655914196;0.034998445651448766;0.9386667969778726
371316.0;395416.9513376246;0.4724262386682681;0.24970599764798118;0.02310854917564811;0.9448524773365362
370969.0;3212992.8691406827;0.41609003104917114;0.2504071578964384;0.1877704116284794;0.8321800620983423
370432.0;562677.5947100862;0.46998053303201515;0.25149223874203364;0.03288342298783031;0.9399610660640303
370137.0;4670364.2291876925;0.3830691010773332;0.2520883259849584;0.272940603819031;0.7661382021546664
370067.0;532451.8770137168;0.4693677689595879;0.2522297704154829;0.031117002804292398;0.9387355379191759
370013.0;4279938.851269984;0.38915984885652044;0.25233888469045895;0.25012376702305655;0.7783196977130409
369984.0;528582.480213;0.4703720824018505;0.2523974830973906;0.030890871511875664;0.940744164803701
369606.0;3340434.567774278;0.4141042476288157;0.25316128302222296;0.19521822778795406;0.8282084952576314
369570.0;4014157.3697276902;0.3973516566272303;0.253234025872207;0.23459124011590193;0.7947033132544606
369420.0;2713707.6070406563;0.4301010890056482;0.25353712108047377;0.15859169788622668;0.8602021780112964
369083.0;686392.0186616831;0.4692051272987445;0.2542180749817133;0.04011341360899979;0.938410254597489
368869.0;2221061.8394286223;0.44670449438371873;0.25465049081217395;0.1298010026251195;0.8934089887674375
368672.0;1811654.6127353718;0.46136815237971834;0.25504855585236436;0.10587484822303209;0.9227363047594367
368623.0;2584499.916672282;0.41688344031020197;0.25514756695373153;0.15104067546129255;0.8337668806204039
368603.0;2335238.27834294;0.44330594143686575;0.2551879796481671;0.13647358417334723;0.8866118828737315
368410.0;3238172.318525557;0.41407105690732354;0.2555779621494704;0.18924192300996615;0.8281421138146471
368260.0;386383.4549756061;0.4744418719903239;0.2558810573577372;0.02258062290894767;0.9488837439806478
368233.0;432573.26764775586;0.4704902968489056;0.2559356144952252;0.0252800002470653;0.9409805936978112
368179.0;379936.23635910574;0.4719623017267651;0.2560447287702013;0.0222038412157462;0.9439246034535302
368142.0;453773.8391100863;0.4691501893074644;0.2561194922549071;0.02651898215346009;0.9383003786149288
368035.0;3787947.5691293213;0.4005891709430147;0.25633570017013746;0.22137132052606726;0.8011783418860294
368004.0;4126363.5457153684;0.38908071938417155;0.2563983398465126;0.24114867759259911;0.7781614387683431
367986.0;454750.6231591057;0.46902600662658384;0.2564347112715046;0.02657606635825808;0.9380520132531677
367846.0;4725425.747493465;0.3778827516352493;0.2567176001325536;0.27615845221715996;0.7557655032704986
367795.0;545133.1742618755;0.4690260066265838;0.25682065250336433;0.03185811008378247;0.9380520132531676
367744.0;3438497.934343924;0.4029171178366677;0.2569237048741751;0.2009491458000384;0.8058342356733355
367593.0;361003.8832540531;0.4763618440142727;0.2572288207171637;0.021097416184500416;0.9527236880285453
367536.0;375915.29027560604;0.47342642725796547;0.25734399689630505;0.021968853236629834;0.9468528545159309
367491.0;459836.65435053007;0.46742628174032685;0.2574349254587851;0.026873298941480227;0.9348525634806537
367431.0;482006.89359999995;0.46538687128085043;0.2575561635420918;0.028168949171444232;0.9307737425617009
367277.0;389040.83849723;0.47083831581065966;0.25786734128924577;0.022735922972792352;0.9416766316213193
367163.0;3450880.1835255953;0.39719784960080456;0.25809769364752855;0.20167277642121392;0.7943956992016091
367148.0;3612960.5392985065;0.3929484049129564;0.25812800316835527;0.2111449092144963;0.7858968098259128
366924.0;3198585.479008879;0.41227903463910176;0.2585806253460337;0.1869284298109896;0.8245580692782035
366919.0;4389467.270209773;0.3774102226683259;0.2585907285196426;0.2565247137873241;0.7548204453366518
366769.0;408022.6812096358;0.46902600662658384;0.2588938237279094;0.023845240224569738;0.9380520132531677
366641.0;2102716.040229641;0.44997353331763507;0.2591524649722971;0.12288475962827858;0.8999470666352701
366530.0;336242.0502144896;0.47196708879283095;0.25937675542641453;0.01965031070624953;0.9439341775856619
366255.0;484509.6944137168;0.46533238545196176;0.25993242997490373;0.028315215272290386;0.9306647709039235
366254.0;751217.2998585011;0.4633280279519114;0.2599344506096255;0.043901865756269545;0.9266560559038228
365712.0;2466482.8521275483;0.4305962782713265;0.2610296346288296;0.14414364403567467;0.861192556542653
365699.0;376927.2599;0.47063029324043726;0.26105590288021274;0.022027993720492405;0.9412605864808745
365599.0;325242.28375261405;0.4726525731787846;0.2612579663523906;0.01900747371267851;0.9453051463575692
365579.0;312305.1387972301;0.47083831581065966;0.2612983790468262;0.018251414445662632;0.9416766316213193
365566.0;544844.2428002569;0.4653196051212678;0.2613246472982093;0.0318412246496436;0.9306392102425356
365323.0;418349.67031094694;0.46838579544197984;0.26181566153560154;0.02444875945832223;0.9367715908839597
365322.0;2030439.3578374982;0.4519645959975992;0.26181768217032336;0.11866084038642132;0.9039291919951984
365171.0;614876.1484208861;0.4651732535403684;0.26212279801331195;0.03593395696530209;0.9303465070807369
364872.0;3421926.679205739;0.41112326747763667;0.2627269677951238;0.19998070561818085;0.8222465349552733
364707.0;347849.54264776025;0.4638177074261245;0.2630603725242173;0.020328663793523143;0.927635414852249
364529.0;330813.9551972301;0.46566642608341674;0.26342004550469394;0.01933308758212168;0.9313328521668335
364434.0;4120166.473470282;0.3849112392578019;0.26361200580326294;0.24078651469534296;0.7698224785156038
364387.0;3326213.239097963;0.40084485972189515;0.2637069756351865;0.19438711958192503;0.8016897194437903
364319.0;4317957.666681393;0.38377514584720696;0.2638443787962675;0.2523456233763627;0.7675502916944139
364186.0;4158056.4261394213;0.3763827705584465;0.26411312321426406;0.24300084018532475;0.752765541116893
364041.0;312375.1411;0.4700143876761635;0.264406115248922;0.018255505447959057;0.940028775352327
363860.0;308405.76159723004;0.4634048323536924;0.26477185013356397;0.01802353106970776;0.9268096647073848
363609.0;275906.85529723007;0.4674916742952893;0.26527902944873044;0.016124263545015602;0.9349833485905786
363585.0;299921.29239723005;0.4665959425840206;0.2653275246820531;0.01752769048150277;0.9331918851680412
363443.0;2233774.7664307817;0.43930698882470515;0.2656144548125457;0.13054395837803306;0.8786139776494103
363411.0;280463.446152614;0.4665959425840206;0.2656791151236426;0.016390555122801406;0.9331918851680412
363375.0;246583.80345910572;0.4679816610552647;0.26575185797362666;0.014410596027502425;0.9359633221105293
363340.0;3145001.4681159426;0.41241360569226937;0.26582258018888894;0.1837969283754565;0.8248272113845387
363236.0;1766965.5633053915;0.4625392191364689;0.26603272619995394;0.103263176940675;0.9250784382729378
362923.0;458292.75940000004;0.46224402940121767;0.2666651848678707;0.026783072226956056;0.9244880588024353
362923.0;604557.6010592082;0.4613972897694421;0.2666651848678707;0.03533093107498057;0.9227945795388842
362789.0;220753.61136187564;0.4667418342830264;0.26693594992058906;0.012901054612355505;0.9334836685660528
362702.0;3395776.0147883724;0.39552442314802544;0.2671117451413838;0.19845243549060962;0.7910488462960509
362672.0;0.0;0.449606781677555;0.2671723641830372;0.0;0.89921356335511
362367.0;2773472.056293452;0.4054372324497164;0.26778865777317973;0.16208439011867107;0.8108744648994328
362051.0;3567251.047061295;0.39437342854956386;0.2684271783452618;0.20847360226727438;0.7887468570991277
361764.0;2502039.353369504;0.42332366723548764;0.2690071005104123;0.14622160036679352;0.8466473344709753
361408.0;2357641.573049794;0.4355643467860376;0.26972644647136557;0.13778285438970633;0.8711286935720752
361185.0;4797874.417755007;0.37459709181450024;0.27017704801432224;0.28039242259649166;0.7491941836290005
361066.0;3895302.1084466306;0.3837256345025214;0.2704175035462139;0.22764522366211382;0.7674512690050428
360902.0;3106729.1745806118;0.39886073242899284;0.27074888764058563;0.18156025851536525;0.7977214648579857
360570.0;2663072.0474029435;0.3993621110842876;0.2714197383682162;0.15563250679447846;0.7987242221685752
360003.0;4921660.216827873;0.3731182679949691;0.2725654382554648;0.2876265844487988;0.7462365359899382
359302.0;2474237.3984660525;0.40000421812897563;0.27398190319543175;0.14459682722570225;0.8000084362579513
359281.0;2226996.2206351026;0.4273387104488957;0.27402433652458913;0.13014781360394348;0.8546774208977914
358745.0;5275827.856702468;0.37014765274588246;0.27510739673546253;0.30832448395659506;0.7402953054917649
358616.0;4089931.5931599336;0.3806671822202089;0.27536805861457203;0.23901955903977992;0.7613343644404178
357839.0;3646092.929003169;0.388111203067833;0.2769380917933941;0.2130811981222098;0.776222406135666
357815.0;3164034.3622789527;0.3919769465885938;0.27698658702671686;0.18490922912339608;0.7839538931771876
357777.0;2988527.40080906;0.38965264007513983;0.27706337114614443;0.17465243250383827;0.7793052801502797
357629.0;3846581.1745426385;0.37682071094263625;0.27736242508496767;0.22479792515051666;0.7536414218852725
357412.0;4381346.181917521;0.37477007641931126;0.2778009028195937;0.25605010953091467;0.7495401528386225
357299.0;4052931.581076801;0.3767547690204667;0.2780292345431547;0.2368572425386024;0.7535095380409333
357129.0;2296512.012618831;0.426977580677408;0.2783727424458571;0.13421038373935604;0.853955161354816
356479.0;2021494.0661115642;0.447092984557048;0.2796861550150133;0.11813806888398574;0.894185969114096
356452.0;3733427.4470764194;0.3821952477767252;0.27974071215250135;0.2181851118487208;0.7643904955534504
355807.0;2004361.5415806512;0.4335069184979997;0.2810440215480487;0.11713682757582655;0.8670138369959994
355637.0;3485783.959570325;0.38785763065070605;0.2813875294507511;0.20371258686033886;0.7757152613014121
355228.0;2878448.524389892;0.39513548804779985;0.2822139690519586;0.16821931647194502;0.7902709760955997
355148.0;0.0;0.44278688543122985;0.2823756198297009;0.0;0.8855737708624597
355034.0;2988773.9258789527;0.38119938761651095;0.28260597218798367;0.17466683966741936;0.7623987752330219
354942.0;4631960.271081892;0.37234567849781947;0.28279187058238736;0.27069623935406484;0.7446913569956389
354899.0;3727115.780700996;0.3752117106150611;0.2828787578754238;0.21781625195962562;0.7504234212301222
354867.0;3686779.442461293;0.3738400913931981;0.28294341818652075;0.21545895733018555;0.7476801827863963
354757.0;2454303.846023773;0.41023081875838563;0.2831656880059164;0.14343189113659546;0.8204616375167713
354222.0;2421328.9379574433;0.4202897153545045;0.2842467275820681;0.1415048056081791;0.840579430709009
354203.0;2229191.0722268266;0.4158974506926617;0.2842851196417819;0.1302760828543361;0.8317949013853234
354071.0;4356670.139066884;0.36998109479052943;0.2845518434250567;0.2546080177143009;0.7399621895810589
353579.0;2116943.557726826;0.42349619277072786;0.28554599570817185;0.12371622951498652;0.8469923855414557
353127.0;4488338.793013303;0.3650452241249667;0.28645932260241586;0.2623028612315537;0.7300904482499334
352282.0;5239764.744821358;0.35473269004701957;0.28816675894231897;0.30621692080961205;0.7094653800940391
352282.0;5847534.490133431;0.35443822392895685;0.28816675894231897;0.34173557270226496;0.7088764478579137
351992.0;5155523.845532418;0.3567542134533324;0.28875274301163484;0.30129380115772564;0.7135084269066648
351872.0;2969086.940151898;0.38186332704921244;0.2889952191782483;0.17351631317568714;0.7637266540984249
351834.0;2429394.514889124;0.4000595268167878;0.28907200329767585;0.14197616572697325;0.8001190536335756
350562.0;2543341.9818660524;0.3947825983534701;0.2916422506637785;0.1486353659336649;0.7895651967069403
349990.0;3963233.2248334712;0.37271313274553997;0.29279805372463596;0.2316151838225765;0.7454262654910799
349846.0;2888881.182796729;0.39412594796289435;0.29308902512457213;0.16882901112214044;0.7882518959257887
349153.0;4450308.967066882;0.3634029906341428;0.29448932498676483;0.26008036141192964;0.7268059812682856
349125.0;3598920.53319131;0.3720156386577977;0.29454590275897463;0.21032439767482403;0.7440312773155954
348848.0;2176576.027485749;0.4195725537571863;0.29510561857690737;0.12720120873812765;0.8391451075143725
348108.0;3428658.7854636307;0.3790926387615258;0.2966008882710237;0.200374136420755;0.7581852775230516
348047.0;4110965.6194619155;0.3713082564093171;0.2967241469890522;0.24024880788588263;0.7426165128186342
348031.0;2292953.8416319243;0.412032606240979;0.2967564771446007;0.13400244078458853;0.824065212481958
347912.0;5083334.47123976;0.3628961378600498;0.29699693267649235;0.297074984285667;0.7257922757200996
347463.0;2412738.2570674997;0.4106041474079091;0.297904197666571;0.1410027579060611;0.8212082948158183
346843.0;2900504.4709027484;0.3819769779498619;0.2991569911940739;0.16950828732381074;0.7639539558997238
346720.0;4978754.557165502;0.3601140483837076;0.2994055292648527;0.29096323293308884;0.7202280967674152
346592.0;4328537.123456505;0.36871862780961784;0.2996641705092404;0.2529638970652177;0.7374372556192357
346361.0;3817660.104200717;0.35819468892843687;0.30013093712997124;0.22310774982053183;0.7163893778568737
346064.0;1959947.9490115638;0.42875272844907203;0.3007310656423396;0.11454125425890614;0.8575054568981441
345884.0;0.0;0.43152260309745893;0.30109477989225975;0.0;0.8630452061949179
345567.0;2425499.0358621427;0.39576203518798553;0.30173532109906365;0.14174851016402082;0.7915240703759711
345457.0;4874752.339109286;0.3551392174291151;0.3019575909184593;0.2848852426946874;0.7102784348582302
345181.0;2101947.5096557722;0.4257562422875634;0.3025152861016703;0.12283984595803972;0.8515124845751268
345165.0;5360908.517439946;0.34972670554821866;0.3025476162572187;0.3132966800799471;0.6994534110964373
345128.0;2894375.4973797486;0.3833997954206134;0.3026223797419245;0.1691501041817543;0.7667995908412268
344917.0;3487986.4544612933;0.3706450850823621;0.3030487336682199;0.20384130279253368;0.7412901701647242
344722.0;3605216.4491176847;0.36027929593218844;0.3034427574389667;0.2106923370924393;0.7205585918643769
344020.0;3437724.151967503;0.3756364966911934;0.30486124301365547;0.2009039252093776;0.7512729933823868
343007.0;2995255.6394789526;0.37617896355273567;0.30690814598681737;0.17504563728082811;0.7523579271054713
342854.0;2416042.5205937913;0.4070023010027355;0.30721730309924955;0.14119586226319175;0.814004602005471
342795.0;4873018.155353429;0.3569482810656966;0.3073365205478345;0.28478389531828824;0.7138965621313932
342789.0;5130143.035878956;0.35024951140543653;0.30734864435616516;0.29981052208734;0.7004990228108731
342675.0;2323979.6772891236;0.4102810820388346;0.30757899671444794;0.13581562063581804;0.8205621640776692
342564.0;2767173.331230365;0.3879889891986047;0.30780328716856536;0.16171628653238868;0.7759779783972094
342106.0;3602106.8987164926;0.3700547009929164;0.3087287378711401;0.21051061195871143;0.7401094019858327
341846.0;4192008.0306320516;0.35247410872187074;0.30925410289880256;0.24498500479778265;0.7049482174437415
341549.0;2626418.939920581;0.391839501340786;0.30985423141117086;0.15349046373377698;0.783679002681572
341417.0;5418082.587235275;0.3438227378365689;0.31012095519444566;0.3166379880308781;0.6876454756731378
341143.0;0.0;0.4304484729990639;0.3106746091082131;0.0;0.8608969459981278
340776.0;2777521.277115239;0.3855566728986912;0.3114161820511059;0.16232103050084684;0.7711133457973824
340708.0;2322938.2468928765;0.4037848131872077;0.31155358521218685;0.13575475843594703;0.8075696263744154
340050.0;2107842.2273359746;0.41348418094894573;0.3128831628591173;0.1231843389620162;0.8269683618978915
339709.0;0.0;0.42598891648618287;0.3135721992992439;0.0;0.8519778329723657
339222.0;0.0;0.42236182743762724;0.3145562484087502;0.0;0.8447236548752545
339211.0;2361144.5198127204;0.38652026855473726;0.3145784753906897;0.13798756998739867;0.7730405371094745
338846.0;3194957.9301675027;0.3752292933752345;0.315316007064139;0.18671643234728846;0.750458586750469
338650.0;2932203.612326913;0.3691661691425459;0.3157120514696076;0.17136081581544002;0.7383323382850918
338413.0;0.0;0.41696979406098583;0.3161909418986692;0.0;0.8339395881219717
337889.0;2198172.0912718903;0.40765534847945223;0.3172497544928813;0.12846330359853833;0.8153106969589045
337682.0;4831652.4805809595;0.34485719321970715;0.31766802588028953;0.282366445266059;0.6897143864394143
337134.0;4731506.666280958;0.3516565972127731;0.3187753337078243;0.27651382699398364;0.7033131944255462
337069.0;4169616.289930132;0.3553845732426819;0.3189066749647399;0.24367640980864966;0.7107691464853638
336692.0;0.0;0.4143584431758723;0.3196684542548505;0.0;0.8287168863517446
336504.0;2194445.6317314105;0.4111916678262;0.320048333582545;0.12824552569789208;0.8223833356524
335730.0;2265862.324532992;0.4065811052944943;0.32161230485720177;0.1324191863160945;0.8131622105889886
335720.0;3520482.698802895;0.3635319313471433;0.32163251120441955;0.20574041474980176;0.7270638626942866
335362.0;3688641.908253231;0.3579140981838376;0.3223558984348163;0.2155678016328776;0.7158281963676753
335053.0;0.0;0.4143584431758722;0.322980274563846;0.0;0.8287168863517445
335039.0;4377281.025229102;0.34515644112783683;0.3230085634499509;0.255812537841276;0.6903128822556737
334879.0;3284509.668641354;0.36445273468736783;0.3233318650054355;0.19194992257902316;0.7289054693747357
334600.0;2186211.4156718897;0.40393962564665176;0.3238956220928118;0.1277643101453199;0.8078792512933035
334512.0;0.0;0.4106188428943767;0.3240734379483283;0.0;0.8212376857887534
334107.0;3490079.703853231;0.3580781843116083;0.32489179501064874;0.20396363431207742;0.7161563686232166
333885.0;2581192.3971103574;0.3796871168913198;0.32534037591888365;0.15084738081828952;0.7593742337826396
333386.0;0.0;0.4096568067405858;0.32634867264505124;0.0;0.8193136134811716
332453.0;2118189.2905390123;0.4059340432197733;0.32823392484047087;0.12378903134569394;0.8118680864395466
332250.0;4035454.792053179;0.34971233344808056;0.328644113688992;0.23583588208043643;0.6994246668961611
332187.0;3353751.9971133024;0.3602574272050056;0.32877141367646406;0.1959965112422496;0.7205148544100112
331788.0;4224222.872811129;0.34056421272078585;0.32957764693045377;0.24686767134043505;0.6811284254415717
331523.0;4179357.5548434607;0.34969084740776;0.3301131151317252;0.24424569875420743;0.69938169481552
331477.0;3440990.1100377245;0.3571151683587478;0.330206064328927;0.20109479095859756;0.7142303367174956
330692.0;3389808.7527768016;0.3600655193190045;0.33179226258552336;0.19810370292572618;0.720131038638009
330242.0;0.0;0.4047797856774047;0.3327015482103238;0.0;0.8095595713548094
330195.0;0.0;0.4035091230506929;0.3327965180422474;0.0;0.8070182461013858
329633.0;4017611.687694931;0.3556730447835057;0.33393211475588713;0.23479311379972928;0.7113460895670114
329498.0;2694769.3724430865;0.3777708005848117;0.33420490044332724;0.15748492913486825;0.7555416011696234
329351.0;0.0;0.403124560303974;0.33450193374742876;0.0;0.806249120607948
329302.0;0.0;0.4025138161797197;0.3346009448487959;0.0;0.8050276323594394
328922.0;4065546.0927476636;0.3463133480510815;0.33536878604307185;0.23759444680434472;0.692626696102163
328592.0;2337644.6232895893;0.38818552352381835;0.33603559550125883;0.13661421330000736;0.7763710470476367
328209.0;3854628.5042370665;0.35690645348541994;0.33680949859970016;0.22526821888311277;0.7138129069708399
328020.0;0.0;0.399772200032363;0.33719139856211633;0.0;0.799544400064726
327841.0;3098233.977963879;0.36175858253561166;0.3375530921773147;0.18106379100654835;0.7235171650712233
327534.0;0.0;0.3983498794129215;0.33817342703690084;0.0;0.796699758825843
327334.0;2914723.726628037;0.3747626671473253;0.3385775539812566;0.17033927438457636;0.7495253342946506
327033.0;3614365.5710356995;0.3501211912211281;0.339185765032512;0.2112270206284922;0.7002423824422562
326789.0;3861253.5176698845;0.3454302095312639;0.339678799904626;0.22565539107738444;0.6908604190625278
325966.0;2732776.2469481593;0.3757970215604388;0.34134178228065;0.15970608765005606;0.7515940431208776
325728.0;3147797.0058090473;0.3578291835333184;0.3418226933444333;0.18396030230273747;0.7156583670666368
325431.0;0.0;0.39550050928709085;0.3424228218568017;0.0;0.7910010185741817
324831.0;3317020.5877322303;0.35718809589510847;0.34363520268986897;0.19384989214283568;0.7143761917902169
324750.0;0.0;0.39445534898210977;0.343798874102333;0.0;0.7889106979642195
324154.0;2911893.993085464;0.37227745456885764;0.3450031723965132;0.17017390201877028;0.7445549091377153
323826.0;3678048.836398652;0.349693363802592;0.3456659405852566;0.21494873226560682;0.699386727605184
323400.0;3499675.5172820697;0.3512184686181874;0.3465267309767344;0.20452442293216702;0.7024369372363748
323123.0;2814332.31814446;0.3717015845814251;0.34708644679466716;0.16447230335081692;0.7434031691628502
322999.0;0.0;0.39143475637729835;0.3473370055001677;0.0;0.7828695127545967
322550.0;3482077.918916343;0.35529177541977125;0.3482442704902464;0.20349600225917347;0.7105835508395425
322342.0;0.0;0.3899967897367141;0.3486645625123764;0.0;0.7799935794734282
322214.0;0.0;0.3899770857393627;0.34892320375676406;0.0;0.7799541714787254
321284.0;3454965.3403141005;0.35493565843385566;0.3508023940480184;0.2019115169360504;0.7098713168677113
321126.0;0.0;0.38902927381348734;0.3511216543340594;0.0;0.7780585476269747
321030.0;0.0;0.38744708236579284;0.35131563526735016;0.0;0.7748941647315857
320750.0;2659925.649552117;0.37719992812627845;0.35188141298944825;0.1554486282601465;0.7543998562525569
320467.0;0.0;0.38703192493239436;0.35245325261571164;0.0;0.7740638498647887
320239.0;0.0;0.3870319249323943;0.3529139573322772;0.0;0.7740638498647886
319897.0;2778039.705796868;0.3719663869742739;0.35360501440712555;0.16235132797454638;0.7439327739485478
319705.0;0.0;0.38638154281666537;0.35399297627370707;0.0;0.7727630856333307
319536.0;3248751.6302250596;0.35429921219908833;0.35433446354168774;0.18986018822046222;0.7085984243981767
319447.0;3690647.1864832356;0.3476244105715374;0.354514300031926;0.21568499203261174;0.6952488211430748
319302.0;3571696.7627141005;0.3473558253371866;0.35480729206658396;0.20873341419095717;0.6947116506743732
319101.0;3214965.400363878;0.3553204394722488;0.3552134396456615;0.18788568826145507;0.7106408789444976
319056.0;0.0;0.38445655651745747;0.35530436820814154;0.0;0.7689131130349149
318970.0;3031132.5686090477;0.3684164376073294;0.3554781427942145;0.1771423197277224;0.7368328752146588
318907.0;0.0;0.3844565565174574;0.3556054427816866;0.0;0.7689131130349148
318390.0;0.0;0.38445655651745736;0.3566501109328462;0.0;0.7689131130349147
318272.0;4144921.496511129;0.34223290484078484;0.3568885458300161;0.24223322219068066;0.6844658096815697
318063.0;0.0;0.3842798871885607;0.3573108584868679;0.0;0.7685597743771214
317944.0;0.0;0.38338040415958696;0.35755131401875956;0.0;0.7667608083191739
317935.0;3331858.7069244827;0.34551033403189163;0.35756949973125557;0.1947170461833197;0.6910206680637833
317564.0;0.0;0.3816868386466718;0.35831915521303553;0.0;0.7633736772933436
317416.0;0.0;0.3816868386466717;0.35861820915185877;0.0;0.7633736772933434
317255.0;0.0;0.3812604563748935;0.3589435313420652;0.0;0.762520912749787
316373.0;0.0;0.3805954057089729;0.36072573116667406;0.0;0.7611908114179458
316233.0;0.0;0.37838837887880705;0.3610086200277231;0.0;0.7567767577576141
315224.0;0.0;0.3783677202139899;0.36304744046199794;0.0;0.7567354404279798
315215.0;2841978.83174719;0.3713509702792672;0.36306562617449395;0.1660879923519149;0.7427019405585344
314758.0;3015939.973653822;0.3597962232284291;0.36398905624234684;0.17625444978071864;0.7195924464568582
314596.0;0.0;0.3775175339102506;0.36431639906727503;0.0;0.7550350678205012
314557.0;0.0;0.37570818418661994;0.3643952038214244;0.0;0.7514163683732399
314130.0;0.0;0.37526997745609786;0.36525801484762394;0.0;0.7505399549121957
313823.0;2958504.1266538226;0.3658368474757773;0.36587834970721;0.17289784331669472;0.7316736949515547
313311.0;0.0;0.3745894082466306;0.3669129146847608;0.0;0.7491788164932612
313068.0;0.0;0.37401824247934945;0.367403928922153;0.0;0.7480364849586989
312898.0;2859903.1326998435;0.3702380696415428;0.36774743682485544;0.16713550584015138;0.7404761392830856
312496.0;0.0;0.37256115964729675;0.3685597319830105;0.0;0.7451223192945935
312482.0;0.0;0.3722515190874489;0.3685880208691154;0.0;0.7445030381748978
312276.0;0.0;0.37223034186992604;0.3690042716218018;0.0;0.7444606837398521
312218.0;2477158.429581135;0.3707209134592273;0.369121468435665;0.1447675351099701;0.7414418269184546
311639.0;0.0;0.37111429653415595;0.37029141593957493;0.0;0.7422285930683119
310706.0;0.0;0.36904982329084063;0.37217666813499456;0.0;0.7380996465816813
310584.0;4143275.674884948;0.3419205433680669;0.3724231855710516;0.2421370387826242;0.6838410867361338
310432.0;2864400.0118670743;0.3574583654743577;0.37273032204876194;0.16739830780911447;0.7149167309487154
310399.0;0.0;0.3690498232908406;0.3727970029945807;0.0;0.7380996465816811
309536.0;0.0;0.36790030599173773;0.37454081075947576;0.0;0.7358006119834755
309276.0;0.0;0.3677637777013753;0.37506617578713825;0.0;0.7355275554027506
309200.0;0.0;0.36738253249129266;0.37521974402599345;0.0;0.7347650649825853
308978.0;0.0;0.36587814550979597;0.37566832493422836;0.0;0.7317562910195919
308923.0;2858974.6230686754;0.35803921832285096;0.3757794598439262;0.16708124283903492;0.7160784366457019
308691.0;3257696.702081376;0.3513013492491759;0.3762482470993789;0.19038294687350463;0.7026026984983518
308008.0;0.0;0.3641093385555072;0.3776283406143538;0.0;0.7282186771110144
307241.0;0.0;0.3630520906446003;0.3791781674459581;0.0;0.7261041812892006
306974.0;0.0;0.36258817392255366;0.3797176769166731;0.0;0.7251763478451073
306573.0;0.0;0.3618736460939103;0.38052795144010637;0.0;0.7237472921878206
306508.0;0.0;0.3608012122941097;0.380659292697022;0.0;0.7216024245882194
305895.0;0.0;0.3592556707511412;0.3818979417814724;0.0;0.7185113415022824
304941.0;0.0;0.3592556707511411;0.38382562730604936;0.0;0.7185113415022822
304780.0;0.0;0.35805641274261835;0.3841509494962558;0.0;0.7161128254852367
304539.0;0.0;0.3574352919553849;0.3846379224642045;0.0;0.7148705839107699
304216.0;0.0;0.3563498344454583;0.38529058747933903;0.0;0.7126996688909166
303104.0;0.0;0.35587187493868533;0.38753753328995705;0.0;0.7117437498773707
302792.0;0.0;0.3551386838690735;0.388167971323152;0.0;0.710277367738147
302680.0;0.0;0.35465868741695994;0.38839428241199125;0.0;0.7093173748339199
302113.0;0.0;0.3529316452493207;0.38953998229923986;0.0;0.7058632904986414
302037.0;0.0;0.35237005020065076;0.389693550538095;0.0;0.7047401004013015
301053.0;0.0;0.3509848622497249;0.39168185510432535;0.0;0.7019697244994498
300692.0;0.0;0.3493791410539403;0.39241130423888754;0.0;0.6987582821078806
299937.0;0.0;0.34888622011000975;0.39393688345383054;0.0;0.6977724402200195
299490.0;0.0;0.3488862201100095;0.39484010717446566;0.0;0.697772440220019
299153.0;0.0;0.34763796229074545;0.3955210610757051;0.0;0.6952759245814909
298513.0;0.0;0.3452055377544754;0.3968142672976435;0.0;0.6904110755089508
297738.0;0.0;0.34520553775447527;0.39838025920702214;0.0;0.6904110755089505
297418.0;0.0;0.34393567879147;0.39902686231799134;0.0;0.68787135758294
297215.0;0.0;0.3437774264508245;0.3994370511665124;0.0;0.687554852901649
296532.0;0.0;0.34327151072905815;0.4008171446814873;0.0;0.6865430214581163
296410.0;0.0;0.3416146857196228;0.40106366211754435;0.0;0.6832293714392456
295315.0;0.0;0.34032883627073646;0.40327625713789217;0.0;0.6806576725414729
295112.0;0.0;0.34016812781400213;0.40368644598641323;0.0;0.6803362556280043
294751.0;0.0;0.3384932452956567;0.4044158951209754;0.0;0.6769864905913134
294030.0;0.0;0.33774438562424186;0.4058727727553779;0.0;0.6754887712484837
293882.0;0.0;0.3377443856242418;0.4061718266942012;0.0;0.6754887712484836
293749.0;0.0;0.3362702188006488;0.4064405711121978;0.0;0.6725404376012976
292572.0;0.0;0.3340386027428179;0.4088188581797314;0.0;0.6680772054856358
291646.0;0.0;0.3325445597123583;0.4106899659320986;0.0;0.6650891194247166
290896.0;0.0;0.33081631779065757;0.4122054419734327;0.0;0.6616326355813151
290192.0;0.0;0.32996647170800164;0.413627968817565;0.0;0.6599329434160033
289784.0;0.0;0.32947480480517083;0.41445238778405075;0.0;0.6589496096103417
289266.0;0.0;0.3284426843053631;0.4154990765699321;0.0;0.6568853686107262
288839.0;0.0;0.32790159354104287;0.4163618875961317;0.0;0.6558031870820857
288516.0;0.0;0.3266813394192968;0.41701455261126624;0.0;0.6533626788385936
288089.0;0.0;0.32613674808555815;0.4178773636374658;0.0;0.6522734961711163
286413.0;0.0;0.322805499997669;0.4212639474311671;0.0;0.645610999995338
285620.0;0.0;0.3228054999976689;0.42286631076553766;0.0;0.6456109999953378
285544.0;0.0;0.32184883188936814;0.42301987900439286;0.0;0.6436976637787363
284191.0;0.0;0.3197105113858701;0.4257537977829596;0.0;0.6394210227717402
283868.0;0.0;0.3184494623085978;0.42640646279809413;0.0;0.6368989246171955
283441.0;0.0;0.3178848289674482;0.4272692738242937;0.0;0.6357696579348964
282862.0;0.0;0.3178848289674481;0.4284392213282036;0.0;0.6357696579348961
282515.0;0.0;0.31628393784867787;0.42914038157666085;0.0;0.6325678756973557
281765.0;0.0;0.31443527354180734;0.43065585761799496;0.0;0.6288705470836147
281186.0;0.0;0.3144352735418072;0.4318258051219049;0.0;0.6288705470836145
280653.0;0.0;0.31299981188856957;0.432902803428613;0.0;0.6259996237771391
278964.0;0.0;0.31114685092551647;0.4363156554736974;0.0;0.6222937018510329
278641.0;0.0;0.3098412791589829;0.43696832048883194;0.0;0.6196825583179658
278202.0;0.0;0.3092548241012513;0.43785537913169287;0.0;0.6185096482025026
277623.0;0.0;0.3092548241012512;0.4390253266356028;0.0;0.6185096482025024
276538.0;0.0;0.3056761151484856;0.44121771530873277;0.0;0.6113522302969712
275414.0;0.0;0.30418710265608584;0.44348890873601216;0.0;0.6083742053121717
273164.0;0.0;0.3021789375477851;0.44803533686001445;0.0;0.6043578750955702
272975.0;0.0;0.30021412971164463;0.4484172368224307;0.0;0.6004282594232893
271299.0;0.0;0.2964935567657747;0.45180382061613195;0.0;0.5929871135315494
270187.0;0.0;0.29494558872565046;0.45405076642674996;0.0;0.5898911774513009
267212.0;0.0;0.2949455887256504;0.46006215472404194;0.0;0.5898911774513008
267179.0;0.0;0.29362919396129505;0.4601288356698606;0.0;0.5872583879225901
266993.0;0.0;0.29276962523551314;0.4605046737281115;0.0;0.5855392504710263
266658.0;0.0;0.29136115362644044;0.46118158635990736;0.0;0.5827223072528809
265499.0;0.0;0.286846939571196;0.463523502002449;0.0;0.573693879142392
263056.0;0.0;0.2852335935711782;0.4684599126277546;0.0;0.5704671871423564
260928.0;0.0;0.2837545831097899;0.47275982331569993;0.0;0.5675091662195798
260806.0;0.0;0.28287487044622533;0.47300634075175696;0.0;0.5657497408924507
260617.0;0.0;0.28074021032787994;0.4733882407141731;0.0;0.5614804206557599
259837.0;0.0;0.2791929967218454;0.47496433579716063;0.0;0.5583859934436908
259205.0;0.0;0.27668773009566977;0.4762413769413248;0.0;0.5533754601913395
257829.0;0.0;0.275001274907457;0.47902177031849247;0.0;0.550002549814914
255241.0;0.0;0.27500127490745696;0.484251172978456;0.0;0.5500025498149139
255219.0;0.0;0.2728495956506264;0.48429562694233513;0.0;0.5456991913012528
254570.0;0.0;0.2724417862696283;0.48560701887676955;0.0;0.5448835725392566
254381.0;0.0;0.2702066436317589;0.48598891883918577;0.0;0.5404132872635178
253543.0;0.0;0.26866163826340966;0.4876822107360364;0.0;0.5373232765268193
252894.0;0.0;0.26823136854191365;0.4889936026704709;0.0;0.5364627370838273
251699.0;0.0;0.2659571938038498;0.4914082611629965;0.0;0.5319143876076996
251593.0;0.0;0.2641881814281583;0.49162244844350506;0.0;0.5283763628563166
249617.0;0.0;0.2641695842550908;0.49561522265374;0.0;0.5283391685101816
248885.0;0.0;0.2597928886593107;0.49709432727008207;0.0;0.5195857773186214
248087.0;0.0;0.2590567322748634;0.49870679377806154;0.0;0.5181134645497268
246782.0;0.0;0.25458309761831094;0.5013437220899829;0.0;0.5091661952366219
245299.0;0.0;0.2527197754792839;0.5043403233823809;0.0;0.5054395509585679
242999.0;0.0;0.2527197754792834;0.5089877832424722;0.0;0.5054395509585669
242878.0;0.0;0.252605893295012;0.5092322800438074;0.0;0.505211786590024
242796.0;0.0;0.2503059190513526;0.5093979720909932;0.0;0.5006118381027052
241578.0;0.0;0.24720709236895183;0.5118591051821199;0.0;0.49441418473790366
240043.0;0.0;0.24247489345547077;0.5149607794800503;0.0;0.48494978691094154
238790.0;0.0;0.24050232917099432;0.5174926347864391;0.0;0.48100465834198863
236260.0;0.0;0.24050232917099412;0.5226048406325395;0.0;0.48100465834198824
235214.0;0.0;0.238740182759421;0.5247184245515201;0.0;0.477480365518842
234444.0;0.0;0.2380038551255345;0.5262743132872898;0.0;0.476007710251069
234135.0;0.0;0.23598348192978572;0.5268986894163195;0.0;0.47196696385957143
233285.0;0.0;0.2322109777418952;0.5286162289298314;0.0;0.4644219554837904
232032.0;0.0;0.23013592140650713;0.5311480842362203;0.0;0.46027184281301425
229726.0;0.0;0.22826629097563497;0.5358076679046422;0.0;0.45653258195126994
227623.0;0.0;0.22219590646002438;0.540057062724543;0.0;0.44439181292004876
225274.0;0.0;0.22103837513824792;0.5448035336860014;0.0;0.44207675027649584
222968.0;0.0;0.2196320936574299;0.5494631173544233;0.0;0.4392641873148598
220865.0;0.0;0.21327254490749634;0.5537125121743242;0.0;0.4265450898149927
219595.0;0.0;0.2132725449074961;0.5562787182709833;0.0;0.4265450898149922
218516.0;0.0;0.21205113604128528;0.5584589831357826;0.0;0.42410227208257056
216132.0;0.0;0.21179305235512294;0.5632761763125033;0.0;0.4235861047102459
215831.0;0.0;0.20947823300740695;0.5638843873637587;0.0;0.4189564660148139
214561.0;0.0;0.20947823300740684;0.5664505934604178;0.0;0.4189564660148137
214107.0;0.0;0.20477840458682384;0.5673679616241054;0.0;0.4095568091736477
211758.0;0.0;0.20349096905783653;0.5721144325855638;0.0;0.40698193811567307
209073.0;0.0;0.20079958889410837;0.5775398368135398;0.0;0.40159917778821674
207803.0;0.0;0.20079958889410834;0.580106042910199;0.0;0.4015991777882167
207349.0;0.0;0.20049330331232815;0.5810234110738866;0.0;0.4009866066246563
207271.0;0.0;0.1962716062443172;0.5811810205821852;0.0;0.3925432124886344
205866.0;0.0;0.1949217388196134;0.5840200123662845;0.0;0.3898434776392268
200513.0;0.0;0.19022480649455664;0.5948364700319665;0.0;0.3804496129891133
188799.0;0.0;0.18809768906368576;0.6185061851628834;0.0;0.3761953781273715
182041.0;0.0;0.18550969794274155;0.6321616346126645;0.0;0.3710193958854831
175283.0;0.0;0.18403195805461933;0.6458170840624456;0.0;0.36806391610923866
