419176.0;7195477.570195744;0.45776656340028915;0.15299841986364757;0.4205106703459624;0.9155331268005783
418775.0;6992589.790173958;0.44969035000239926;0.15380869438708086;0.40865371220111973;0.8993807000047985
417134.0;5268377.158011406;0.4511476701633513;0.15712455596551989;0.30788905791703625;0.9022953403267026
417010.0;5092393.003541587;0.4581022938826377;0.15737511467102047;0.29760437367691045;0.9162045877652754
416540.0;4976660.414541065;0.45663893852481097;0.1583248129902565;0.2908408492121737;0.9132778770496219
416531.0;6315063.576133051;0.4478792609105661;0.1583429987027525;0.36905842479123163;0.8957585218211322
416220.0;6498756.113433488;0.4471643324427645;0.15897141610122573;0.37979359438132404;0.894328664885529
416220.0;6579399.310607395;0.4437426828477522;0.15897141610122573;0.3845064608410716;0.8874853656955044
416162.0;6441179.366945123;0.4455350637426269;0.15908861291508888;0.37642875361488926;0.8910701274852538
413968.0;4060638.494336261;0.4544067105483958;0.1635218854946716;0.23730764200540883;0.9088134210967916
412649.0;3780325.805730754;0.4672492695557018;0.16618710269269782;0.22092589729950823;0.9344985391114036
410445.0;2621446.2584984372;0.47366458974787573;0.17064058161949833;0.15319985542072992;0.9473291794957515
410445.0;2680509.475576315;0.4690408794494662;0.17064058161949833;0.1566515669664768;0.9380817588989324
409769.0;3985901.6925687594;0.4536492427965118;0.1720065306914208;0.2329399510072545;0.9072984855930236
408869.0;3048828.2462797365;0.4503144142587794;0.17382510194102171;0.17817647225018313;0.9006288285175588
408142.0;7281082.276812501;0.43218826165194807;0.1752941033837549;0.425513492217479;0.8643765233038961
406354.0;2291571.5717421556;0.4772442049616251;0.17890699826629541;0.1339216595949767;0.9544884099232502
405880.0;2191389.3087157025;0.4729574799518436;0.17986477912441856;0.12806691122406583;0.9459149599036872
405422.0;5808353.540779444;0.4354891518500485;0.18079022982699325;0.3394458001170677;0.870978303700097
405222.0;6800800.021728441;0.4306158988189912;0.181194356771349;0.3974453325893788;0.8612317976379824
404897.0;3332415.221439507;0.4478318419202631;0.18185106305592713;0.19474956942996832;0.8956636838405262
404769.0;4851204.002317694;0.43783193307094737;0.1821097043003148;0.2835090551111445;0.8756638661418947
404524.0;4693297.1044052;0.4277606966277518;0.18260475980715063;0.2742808232327665;0.8555213932555036
404009.0;6197197.552824768;0.42453792246186095;0.1836453866888667;0.36217022036159424;0.8490758449237219
403706.0;4491093.763584728;0.43015344159245855;0.18425763900956568;0.2624638643769978;0.8603068831849171
403698.0;6928664.279097196;0.4242125569399553;0.18427380408733993;0.4049178434901335;0.8484251138799106
401965.0;3171052.859007266;0.44869154129638944;0.1877755640601826;0.18531939686212529;0.8973830825927789
401397.0;2069594.4819102606;0.47539228475538853;0.18892328458215293;0.12094910371719961;0.9507845695107771
400689.0;3707864.8619021093;0.4346823069922271;0.19035389396517233;0.21669120964104116;0.8693646139844542
400200.0;2909155.896683162;0.45659207880444297;0.19134198434412217;0.17001388501609443;0.9131841576088859
399432.0;1997354.1916955595;0.47565972086527153;0.1928938318104483;0.11672731126939903;0.9513194417305431
398754.0;1718194.525407753;0.48514315192689556;0.19426382215181434;0.10041295030321687;0.9702863038537911
397395.0;6696752.995188795;0.42296580923299676;0.19700986473871174;0.3913647236998565;0.8459316184659935
396530.0;3259193.8596319524;0.4424694295567429;0.1987577137730504;0.19047044220916018;0.8849388591134858
396405.0;1193883.423926685;0.48239013615215853;0.19901029311327273;0.06977170229670882;0.9647802723043171
396314.0;5653658.257512966;0.4242794487092716;0.1991941708729546;0.33040525810562543;0.8485588974185432
396163.0;3515662.421576154;0.4359690195261558;0.19949928671594322;0.20545871308537492;0.8719380390523116
396163.0;3603766.904850724;0.43230291711429686;0.19949928671594322;0.21060762432314092;0.8646058342285937
394644.0;1804371.6983667363;0.47655435858171363;0.20256863085832522;0.10544922766159605;0.9531087171634273
394229.0;4426734.928038353;0.42665850233930536;0.2034071942678634;0.2587026717647949;0.8533170046786107
393706.0;2426223.2001085943;0.4683973940520427;0.20446398622735373;0.14179083102316395;0.9367947881040855
393666.0;2844478.0810408792;0.46825871880098596;0.2045448116162249;0.1662340508984948;0.9365174376019719
392907.0;2978948.3517799005;0.45354444114344195;0.206078473370055;0.1740926236114844;0.9070888822868839
392905.0;2745669.4416635428;0.46515005495847395;0.20608251463949856;0.16045957842252737;0.9303001099169479
392731.0;6261811.205285123;0.41608035891616535;0.20643410508108806;0.3659463047207684;0.8321607178323307
392627.0;1897697.8971389583;0.47072257210422913;0.20664425109215306;0.11090330100470565;0.9414451442084583
392422.0;4174238.2925525787;0.4188402096320975;0.20705848121011772;0.2439465241133841;0.837680419264195
392422.0;4239232.726100046;0.41682291766193913;0.20705848121011772;0.2477448616876694;0.8336458353238783
392021.0;1599563.113129628;0.4764060677810622;0.207868755733551;0.09348001580171922;0.9528121355621244
391829.0;4122307.7630436257;0.4304746536158473;0.20825671760013256;0.24091165372956375;0.8609493072316946
391663.0;2371096.3406773396;0.46914625283622574;0.20859214296394785;0.1385691640264487;0.9382925056724515
389939.0;4770290.608608434;0.4143014577472565;0.2120757172242945;0.27878039810447386;0.828602915494513
388582.0;1283698.2454622579;0.48082631471222276;0.21481771854174833;0.0750205673570858;0.9616526294244455
388417.0;2142214.1925425637;0.46621149001453666;0.21515112327084185;0.12519306986126874;0.9324229800290733
386102.0;2495515.816769419;0.4401176361905248;0.21982889265175978;0.1458403585767988;0.8802352723810496
384005.0;1440184.983912818;0.47962635933876413;0.22406616366332993;0.08416580374259901;0.9592527186775283
383446.0;6066204.303028442;0.4022892039392342;0.22519569847280427;0.35451484811628114;0.8045784078784683
383295.0;1526883.6167475628;0.4794702428888231;0.22550081431579289;0.08923255572059527;0.9589404857776462
383201.0;5965924.870236842;0.4022993555209817;0.22569075397964009;0.3486544210502898;0.8045987110419635
382254.0;1371037.186612818;0.47659203883736667;0.2276042950611646;0.08012473957251381;0.9531840776747333
381346.0;5455422.671579252;0.4080141582689083;0.22943903138853977;0.31882017868397655;0.8160283165378166
381136.0;3853170.1148905815;0.42325490202704574;0.2298633646801133;0.22518298919880994;0.8465098040540915
376520.0;5325308.013024771;0.4027874739995663;0.23919061455584428;0.3112161521608152;0.8055749479991327
376520.0;5387376.109261695;0.40220736609393914;0.23919061455584428;0.31484347175163657;0.8044147321878783
374389.0;768669.7140591923;0.47508855526161686;0.2434965871479549;0.04492180172620246;0.9501771105232337
372670.0;1950095.2923034478;0.46943986389876385;0.24697005823469267;0.11396545546909687;0.9388797277975277
372324.0;1087800.2140851738;0.46867649625403096;0.24766919784842814;0.06357209688515421;0.9373529925080619
371667.0;864494.9724874082;0.47473451255590476;0.24899675486063683;0.050521922533281555;0.9494690251118095
371522.0;4563173.318397553;0.40654746073870307;0.24928974689529476;0.26667626329241195;0.8130949214774061
370178.0;4314034.668701065;0.4066550333537495;0.25200547996136546;0.2521163595791539;0.813310066707499
370039.0;919194.9363663656;0.47081245037615754;0.25228634818769274;0.053718641340927645;0.9416249007523151
367383.0;1002657.3313488736;0.4696120293782532;0.25765315400873723;0.058596264447995317;0.9392240587565064
366955.0;674238.6888386302;0.47780427373278156;0.25851798566965856;0.0394031612566061;0.9556085474655631
365766.0;4947855.981255403;0.4052244885713258;0.26092052035385355;0.2891574902645952;0.8104489771426516
365566.0;544844.2428002569;0.4653196051212678;0.2613246472982093;0.0318412246496436;0.9306392102425356
362873.0;414779.317600257;0.4643720791583128;0.26676621660395966;0.024240104591831846;0.9287441583166256
362856.0;4624476.013227659;0.3990029488321651;0.26680056739422986;0.27025885208454414;0.7980058976643302
362672.0;0.0;0.449606781677555;0.2671723641830372;0.0;0.89921356335511
359453.0;4725422.615875929;0.39895560599003826;0.27367678735244316;0.2761582692024015;0.7979112119800765
358931.0;5132565.935964652;0.39743786651693175;0.27473155867721166;0.299952118712342;0.7948757330338635
358686.0;5034719.9405730525;0.39786240300295517;0.2752266141840475;0.29423390408219474;0.7957248060059103
354231.0;3421710.465790099;0.4312607061630621;0.2842285418695721;0.19996806989699883;0.8625214123261242
341044.0;3019172.56790281;0.40899952454117794;0.31087465194566916;0.1764433657159484;0.8179990490823559
340336.0;3515434.803278798;0.39676588374404836;0.3123052613286886;0.20544541085187193;0.7935317674880967
338596.0;4164244.801494294;0.3794423789914826;0.3158211657445837;0.24336249482790312;0.7588847579829652
337498.0;3970379.442451882;0.3852790489022249;0.3180398226690968;0.23203281569368445;0.7705580978044498
337321.0;3129036.399118605;0.4048875084053909;0.31839747501485166;0.1828639142981147;0.8097750168107818
336998.0;3648377.239956252;0.37999166265561907;0.3190501400299862;0.21321469546422617;0.7599833253112381
335966.0;3775976.975313018;0.3799870543450251;0.32113543506286196;0.2206717474426929;0.7599741086900502
331273.0;2919917.772354437;0.39876240377778294;0.3306182738121699;0.17064281944171933;0.7975248075555659
323856.0;3363552.1763581485;0.37936318759335946;0.3456053215436033;0.19656924319833696;0.7587263751867189
323611.0;2753879.39730588;0.4050052806517413;0.34610037705043906;0.16093937617284904;0.8100105613034826
318924.0;2846698.6283283886;0.402615100618673;0.35557109199141634;0.16636382183020795;0.805230201237346
318665.0;2467019.317454319;0.42547317441124116;0.35609443638435706;0.1441749955883655;0.8509463488224823
317070.0;2669757.04543175;0.4184323806187471;0.35931734876559424;0.15602318454657077;0.8368647612374942
316253.0;2578197.6717280676;0.3947904589738124;0.36096820733328755;0.15067236616975183;0.7895809179476247
313488.0;2286831.167645329;0.42951173479942517;0.3665552623390059;0.13364462579353398;0.8590234695988503
309626.0;2390378.183186146;0.41389646200925284;0.37435895363451566;0.1396960135565575;0.8277929240185057
280057.0;0.0;0.34681056487191203;0.43410710172279315;0.0;0.6936211297438241
194959.0;0.0;0.27879854239628105;0.606059075276726;0.0;0.5575970847925621
