416107.0;3829954.2227537963;0.4457490272357896;0.1591997478247867;0.22382623000251195;0.8914980544715791
411314.0;3504782.3205654775;0.45411769049073614;0.16888465004627254;0.2048228694565403;0.9082353809814723
410504.0;3723147.386146574;0.44213327700339533;0.17052136417091338;0.21758433514270864;0.8842665540067907
409444.0;3366740.9318654765;0.4541146044372722;0.1726632369759989;0.19675559715509308;0.9082292088745444
408850.0;2842800.638807966;0.47358603683137446;0.1738634940007355;0.16613601955159008;0.9471720736627489
408138.0;2655020.347990648;0.47126864862727963;0.17530218592264202;0.15516195769134275;0.9425372972545593
407391.0;3218833.1654654765;0.4524012500143285;0.17681160005981078;0.18811172419579678;0.904802500028657
406274.0;3438614.679965477;0.4513078307739452;0.17906864904403771;0.20095596852710554;0.9026156615478904
404678.0;4424643.091783205;0.43543799851827797;0.18229358205999668;0.2585804228303323;0.8708759970365559
404653.0;4240863.170583207;0.4243779925774723;0.18234409792804115;0.24784014644061142;0.8487559851549445
404388.0;2603831.304656415;0.4597694051975953;0.18287956612931253;0.15217042047691137;0.9195388103951906
404249.0;2522962.522244373;0.4595800084710785;0.1831604343556398;0.14744437059760857;0.919160016942157
403111.0;2910690.657328368;0.45340153269728994;0.18545991666902406;0.17010357791297867;0.9068030653945799
402072.0;3123981.5493094656;0.44173120628327855;0.18755935614495226;0.18256850398503915;0.8834624125665571
401655.0;3976959.7012595176;0.43563432617721576;0.188401960823934;0.23241737238436336;0.8712686523544315
401444.0;1823864.2461812817;0.4856193023464116;0.18882831475022935;0.10658839101361554;0.9712386046928232
401103.0;3652082.8430540725;0.43846409638852374;0.18951735119035593;0.21343125449418618;0.8769281927770475
401067.0;2112297.3130136207;0.4829059350295772;0.18959009404033994;0.12344469847901551;0.9658118700591544
399454.0;4057801.902891974;0.4231321531730065;0.19284937784656916;0.23714186885719202;0.846264306346013
398571.0;2968982.293565477;0.44742721544714487;0.19463359830589985;0.17351019752793811;0.8948544308942897
397219.0;2455147.420831024;0.4654073142623573;0.1973654964497448;0.1434811904644335;0.9308146285247146
395233.0;4188483.0587432836;0.41179139019299255;0.2013784770071975;0.2447790020304283;0.8235827803859851
394669.0;1707198.5565438583;0.4800618301036181;0.20251811499028075;0.09977033524494579;0.9601236602072362
394480.0;1645176.6338649604;0.4815532810422441;0.20290001495269694;0.09614571408152531;0.9631065620844882
392694.0;1292208.7770091358;0.4823358325861339;0.2065088685657939;0.07551793105405591;0.9646716651722678
391973.0;1040806.1403135494;0.48491075074872536;0.2079657462001964;0.060825717750314416;0.9698215014974507
388429.0;3571218.706238667;0.4245675370745273;0.21512687565418048;0.20870547610804513;0.8491350741490546
388045.0;5053916.734855016;0.4078800966946593;0.21590279938734355;0.29535578331164836;0.8157601933893186
387891.0;947514.2334135491;0.4833121317972183;0.2162139771344975;0.05537364845739255;0.9666242635944367
387722.0;1590113.978120042;0.48086145350204706;0.2165554644024781;0.09292779921035232;0.9617229070040941
387184.0;1221708.4335321544;0.4827898421657947;0.2176425658827951;0.07139782277688989;0.9655796843315894
387122.0;1928703.8344764193;0.47372138163936733;0.21776784523554538;0.11271531797887932;0.9474427632787347
386938.0;1160625.6090228118;0.47839049908888664;0.21813964202435268;0.06782808341901295;0.9567809981777733
385501.0;4658879.67667319;0.40181332886723103;0.22104329411954884;0.27226943545954635;0.8036266577344621
384781.0;2718183.741347005;0.44796842683585564;0.22249815111922958;0.15885328750545055;0.8959368536717113
384753.0;825197.5423630191;0.4823542977771129;0.22255472889143937;0.0482253426991746;0.9647085955542258
383409.0;2015934.36981331;0.47004439044557145;0.2252704619575101;0.11781315485368112;0.9400887808911429
382505.0;4600117.444225111;0.4032003025575571;0.22709711574599814;0.26883531374674746;0.8064006051151142
382091.0;4548469.50007319;0.39697022374482943;0.22793365852081457;0.2658169579245745;0.7939404474896589
381114.0;5500560.3444181355;0.3968750230701675;0.22990781864399246;0.3214580679523631;0.793750046140335
380769.0;777651.247563019;0.48234717343572403;0.23060493762300613;0.045446691233199575;0.9646943468714481
380717.0;4344331.810888967;0.4073866123853969;0.23071001062853863;0.2538869538790754;0.8147732247707938
379585.0;3032756.890971906;0.4353774730665643;0.23299736913359223;0.17723724669803118;0.8707549461331286
379380.0;2318774.3108301912;0.46375816985062374;0.2334115992515569;0.13551141398411382;0.9275163397012475
377688.0;4740681.145852344;0.38842172753007853;0.23683051320080664;0.27704999245583134;0.7768434550601571
376671.0;3288820.305487246;0.4169340046010754;0.2388854987128557;0.19220184036655016;0.8338680092021508
375357.0;874233.4562850051;0.4789807977963375;0.24154061273727304;0.05109104894774543;0.957961595592675
373627.0;2566434.744612605;0.44184963148181516;0.24503631080595037;0.14998492932927823;0.8836992629636303
370835.0;1368000.1093756375;0.47788034926297795;0.2506779229491568;0.07994724984060371;0.9557606985259559
368467.0;497289.3036972301;0.47547035693931644;0.255462785970329;0.029062068002236912;0.9509407138786329
368179.0;379936.23635910574;0.4719623017267651;0.2560447287702013;0.0222038412157462;0.9439246034535302
367852.0;657612.2968153281;0.47053217838417116;0.25670547632422297;0.038431498821841076;0.9410643567683423
367841.0;4027976.636705088;0.4041122982527896;0.2567277033061625;0.2353988514472784;0.8082245965055792
367384.0;4795806.740752345;0.38806589467901664;0.25765113337401546;0.2802715855521168;0.7761317893580333
365396.0;442860.0367374817;0.47050662862242604;0.2616681552009117;0.025881168984430578;0.9410132572448521
365307.0;2174282.577414685;0.4651865011423433;0.26184799169115003;0.12706717729721495;0.9303730022846866
364659.0;2066945.5756261654;0.4651308107374829;0.2631573629908627;0.12079429907131727;0.9302616214749658
363609.0;275906.85529723007;0.4674916742952893;0.26527902944873044;0.016124263545015602;0.9349833485905786
362672.0;0.0;0.449606781677555;0.2671723641830372;0.0;0.89921356335511
362365.0;5228201.017702469;0.38116398668487106;0.26779269904262326;0.3055411254096509;0.7623279733697421
360922.0;3168795.3676807475;0.4176677840277176;0.2707084749461501;0.18518746688503154;0.8353355680554352
358745.0;5275827.856702468;0.37014765274588246;0.27510739673546253;0.30832448395659506;0.7402953054917649
358692.0;3745745.425619832;0.408688581302645;0.2752144903757168;0.21890498643161893;0.81737716260529
357336.0;2830473.1462847535;0.43265660501180164;0.2779544710584489;0.1654155889625083;0.8653132100236033
347426.0;2778013.7494091974;0.4060639133949064;0.29797896115127687;0.1623498110581398;0.8121278267898128
346720.0;4978754.557165502;0.3601140483837076;0.2994055292648527;0.29096323293308884;0.7202280967674152
344433.0;4241779.617747663;0.3661417596298488;0.3040267208735608;0.2478937044995036;0.7322835192596976
342795.0;4873018.155353429;0.3569482810656966;0.3073365205478345;0.28478389531828824;0.7138965621313932
342789.0;5130143.035878956;0.35024951140543653;0.30734864435616516;0.29981052208734;0.7004990228108731
342463.0;3922383.0783889685;0.37440538232633935;0.30800737127546507;0.22922786174457283;0.7488107646526787
341933.0;2248651.0119035686;0.4387019466422969;0.3090783076780078;0.13141334055523615;0.8774038932845938
341218.0;4128329.430347663;0.3689377323679332;0.31052306150407966;0.24126356579237243;0.7378754647358664
338681.0;2486003.1382562025;0.41819075052161886;0.31564941179323247;0.14528442844160563;0.8363815010432377
336847.0;3509524.2777956487;0.37349546234633113;0.3193552558729748;0.20509999402459825;0.7469909246926623
336010.0;2409333.422191873;0.43418675978342897;0.3210465271351037;0.14080377606197927;0.8683735195668579
334153.0;4419426.249347663;0.34819130334254467;0.3247988458134469;0.2582755455114527;0.6963826066850893
334060.0;3657345.9950479595;0.3723674702416277;0.32498676484257233;0.2137388381884568;0.7447349404832554
333694.0;3426832.0093374844;0.3690158121092073;0.3257263171507434;0.20026737785665918;0.7380316242184146
332809.0;3586599.5071074693;0.3600256355181102;0.3275145788795176;0.20960434499071498;0.7200512710362204
332062.0;4686097.001566884;0.34580683000104284;0.3290239930166864;0.27386004225727695;0.6916136600020857
331523.0;4179357.5548434607;0.34969084740776;0.3301131151317252;0.24424569875420743;0.69938169481552
329606.0;2704619.7009513257;0.4102466233617812;0.33398667189337516;0.15806059186242435;0.8204932467235624
329022.0;4479879.0211534295;0.3458998263717965;0.33516672257089397;0.2618084639797988;0.691799652743593
329022.0;4561521.83835343;0.34588503662839964;0.33516672257089397;0.2665797492009368;0.6917700732567993
328922.0;4065546.0927476636;0.3463133480510815;0.33536878604307185;0.23759444680434472;0.692626696102163
326789.0;3861253.5176698845;0.3454302095312639;0.339678799904626;0.22565539107738444;0.6908604190625278
326767.0;2315499.5036011036;0.4229722699771139;0.33972325386850516;0.13532003108148877;0.8459445399542278
323915.0;3805022.3826564294;0.3532278714240514;0.34548610409501834;0.22236918914733256;0.7064557428481028
323194.0;2108966.484460587;0.44139200214426366;0.34694298172942084;0.1232500416360222;0.8827840042885273
317935.0;3331858.7069244827;0.34551033403189163;0.35756949973125557;0.1947170461833197;0.6910206680637833
311307.0;2869160.5450549815;0.38042130068466845;0.3709622666672055;0.1676765179741135;0.7608426013693369
311177.0;3030681.3473754046;0.3705791318359569;0.37122494918103677;0.1771159499223019;0.7411582636719138
308940.0;3196174.8611875554;0.3653547053539877;0.37574510905365593;0.18678755097339977;0.7307094107079753
306555.0;3086394.2400722886;0.36137749890678006;0.3805643228650984;0.18037186527000856;0.7227549978135601
304954.0;3269846.833309255;0.3555777505984214;0.3837993590546663;0.19109301229690193;0.7111555011968428
301502.0;2973141.4176269686;0.37473777041606876;0.3907745901142467;0.17375326076176628;0.7494755408321375
299055.0;0.0;0.44710740946863287;0.3957190832784394;0.0;0.8942148189372657
298778.0;2510538.6073899507;0.3812824042107077;0.39627879909637215;0.14671830499420874;0.7625648084214154
298150.0;2753940.722004558;0.3749211194636366;0.39754775770164924;0.16094296004756733;0.7498422389272732
227530.0;0.0;0.29995801389612603;0.5402449817536684;0.0;0.5999160277922521
