420923.0;5997494.995786791;0.45379506822988896;0.1494683710047;0.3504994097294157;0.9075901364597779
420117.0;5983851.970333747;0.4549994085258161;0.15109700259045372;0.34970209812322434;0.9099988170516322
416390.0;5734522.457049064;0.45332921763018896;0.15862790819852332;0.33513104015722445;0.9066584352603779
416280.0;5700028.288886791;0.4476363578175759;0.15885017801791898;0.3331151675990185;0.8952727156351518
415202.0;5471134.017097439;0.44928552417740025;0.16102842224799654;0.31973836491573626;0.8985710483548005
412938.0;5347368.856735167;0.4540849168309987;0.16560313925810374;0.31250540920964287;0.9081698336619974
410803.0;7032644.617273749;0.44416344524502277;0.1699171943891015;0.4109945550472001;0.8883268904900455
410325.0;7167922.2846737495;0.4406722163687035;0.17088305778611176;0.41890031280215967;0.881344432737407
408891.0;7048987.988473749;0.4401122899666404;0.17378064797714257;0.4119496774712476;0.8802245799332808
407460.0;6814662.969743302;0.43331698488952636;0.17667217626400805;0.3982554966828431;0.8666339697790527
405658.0;6288800.875179538;0.43778591414477935;0.18031336003265347;0.3675236071401001;0.8755718282895587
404575.0;5222808.342497438;0.44621384732669894;0.1825017074363399;0.30522597225361603;0.8924276946533979
402501.0;4875446.796796068;0.4423243917595308;0.18669250384930913;0.28492582747374434;0.8846487835190616
401588.0;4450333.895881142;0.4650916269710735;0.1885373433502932;0.2600818182759519;0.930183253942147
400026.0;6118657.438326887;0.43330825615910007;0.1916935747857117;0.35758026008802557;0.8666165123182001
399969.0;6733835.655796344;0.4308967985411038;0.1918087509648531;0.3935318702607578;0.8617935970822076
399312.0;4367985.023201534;0.4699448528945486;0.19313630797706174;0.25526927048952414;0.9398897057890973
398077.0;1335986.6034755777;0.48630172368790164;0.19563179185845858;0.0780763495848765;0.9726034473758033
397392.0;4708167.231310995;0.4513187361520548;0.19701592664287707;0.2751498478349953;0.9026374723041096
397137.0;6549876.160391582;0.4266329683037149;0.19753118849693066;0.3827810993807845;0.8532659366074298
396922.0;2089683.5488824863;0.46744409505458434;0.1979656249621131;0.12212312822588636;0.9348881901091687
394870.0;6404951.581043301;0.42637427358811375;0.2021119674112032;0.37431156675882477;0.8527485471762275
394126.0;1863595.2052105379;0.4679415391055308;0.20361531964420665;0.10891030669633317;0.9358830782110616
393310.0;4110404.1002410613;0.46602527686657913;0.20526415757717814;0.24021599215938358;0.9320505537331583
390645.0;1838144.4610014968;0.4707586465406215;0.21064914911071866;0.10742294058286249;0.941517293081243
389326.0;922862.0076511643;0.4844617658309093;0.2133143663087449;0.0539329485344577;0.9689235316618185
388784.0;1183482.2526449682;0.4819446069357181;0.214409550327949;0.0691638477845671;0.9638892138714362
388685.0;3955381.3837090684;0.42935310980329244;0.21460959316540512;0.2311563146311348;0.8587062196065849
387648.0;2794017.917421308;0.46007654073888493;0.21670499137188973;0.16328511011973065;0.9201530814777699
387069.0;1665281.89970973;0.47556109281566;0.21787493887579967;0.09732068526799485;0.95112218563132
385008.0;1560341.0423097298;0.4757639663207798;0.22203946703738578;0.09118784003827181;0.9515279326415595
384223.0;3870139.4561090674;0.4282484141162617;0.22362566529398215;0.22617469391632194;0.8564968282325234
383559.0;1089708.8459449683;0.48188599129081533;0.22496736674924328;0.06368363917751439;0.9637719825816307
379651.0;3540604.377999354;0.4553012271571247;0.23286400724195483;0.2069163451484229;0.9106024543142494
379635.0;4216870.516258129;0.42519162637275176;0.23289633739750332;0.24643799251056406;0.8503832527455035
379591.0;3626708.541233154;0.43715283296935403;0.23298524532526158;0.2119483557478303;0.8743056659387081
378791.0;1764775.196048465;0.4731996270733011;0.2346017531026846;0.10313516975914626;0.9463992541466022
377701.0;850419.668069036;0.48944135357463786;0.2368042449494235;0.04969934812615542;0.9788827071492757
376985.0;3801449.9308940414;0.4159154224903433;0.23825101941021715;0.22216041161023026;0.8318308449806866
375319.0;3380930.501584197;0.4320263778011144;0.24161739685670064;0.1975848493369156;0.8640527556022288
373705.0;710258.969769036;0.4879473442983471;0.24487870129765163;0.041508221321393826;0.9758946885966941
373628.0;3496447.450812009;0.41752670264392944;0.24503429017122857;0.20433577160471808;0.8350534052878589
370637.0;546408.5439128563;0.4793854312487636;0.251078008624069;0.031932643920020695;0.9587708624975272
369916.0;3313484.7118850523;0.44226376089635233;0.25253488625847154;0.193643252137603;0.8845275217927047
368309.0;508253.7476128562;0.47606703232670966;0.2557820462563701;0.029702840712032906;0.9521340646534193
365697.0;415777.73360522144;0.4725843352004613;0.2610599441496563;0.024298452989062736;0.9451686704009226
363763.0;3103566.4374565;0.4211584829606095;0.2649678517015765;0.18137542509809534;0.842316965921219
362826.0;317093.3905898642;0.46729142309010224;0.26686118643588325;0.018531244512737813;0.9345828461802045
362672.0;0.0;0.449606781677555;0.2671723641830372;0.0;0.89921356335511
360736.0;2730708.0878842445;0.4460732359781918;0.27108431300440095;0.15958522243355516;0.8921464719563836
357698.0;3214053.9380868296;0.4085118260396591;0.27722300128916494;0.1878324215242055;0.8170236520793182
357247.0;2966484.15087772;0.3996927680656029;0.2781343075486872;0.17336420365247948;0.7993855361312058
354938.0;2515719.596582553;0.41766443920137136;0.2827999531212744;0.14702108701488523;0.8353288784027427
352677.0;2661003.556447168;0.40555608647544455;0.2873686082272163;0.15551162218189615;0.8111121729508891
351834.0;2429394.514889124;0.4000595268167878;0.28907200329767585;0.14197616572697325;0.8001190536335756
349862.0;3151942.1349984887;0.3942872952918489;0.29305669496902365;0.1842025476627039;0.7885745905836978
347463.0;2412738.2570674997;0.4106041474079091;0.297904197666571;0.1410027579060611;0.8212082948158183
342675.0;2323979.6772891236;0.4102810820388346;0.30757899671444794;0.13581562063581804;0.8205621640776692
339727.0;2817583.4400777197;0.390672782086416;0.3135358278742519;0.16466230206183982;0.781345564172832
338873.0;2763140.83087772;0.3988933262581312;0.31526144992665095;0.16148062331060545;0.7977866525162624
333719.0;0.0;0.4254015234401118;0.3256758012826989;0.0;0.8508030468802236
332067.0;2369895.0653891237;0.4046923839557375;0.3290138898430775;0.1384989603364518;0.809384767911475
328709.0;0.0;0.41280375375341327;0.33579918123881075;0.0;0.8256075075068265
325066.0;0.0;0.39550050928709085;0.34316035353025093;0.0;0.7910010185741817
320764.0;0.0;0.38744708236579284;0.35185312410334335;0.0;0.7748941647315857
318390.0;0.0;0.38445655651745736;0.3566501109328462;0.0;0.7689131130349147
317416.0;0.0;0.3816868386466717;0.35861820915185877;0.0;0.7633736772933434
315313.0;0.0;0.3786201697087782;0.3628676039717596;0.0;0.7572403394175564
312487.0;0.0;0.3741495075536622;0.3685779176955065;0.0;0.7482990151073244
310560.0;0.0;0.36950051723903626;0.37247168080437426;0.0;0.7390010344780725
307345.0;0.0;0.3651081809013185;0.3789680214348931;0.0;0.730216361802637
304933.0;0.0;0.35972986299692056;0.3838417923838236;0.0;0.7194597259938411
301970.0;0.0;0.35465868741695983;0.3898289330644542;0.0;0.7093173748339197
296741.0;0.0;0.3462294692108881;0.4003948320246356;0.0;0.6924589384217762
295389.0;0.0;0.3416146857196228;0.4031267301684805;0.0;0.6832293714392456
292601.0;0.0;0.3371933020398758;0.40876025977279984;0.0;0.6743866040797516
290906.0;0.0;0.3340386027428179;0.4121852356262149;0.0;0.6680772054856358
289230.0;0.0;0.33081631779065757;0.41557181941991617;0.0;0.6616326355813151
285679.0;0.0;0.3261367480855579;0.4227470933169527;0.0;0.6522734961711159
282891.0;0.0;0.3214189894338028;0.42838062292127205;0.0;0.6428379788676056
279879.0;0.0;0.3178848289674479;0.4344667747032698;0.0;0.6357696579348958
277091.0;0.0;0.31299981188856973;0.4401003043075891;0.0;0.6259996237771395
273708.0;0.0;0.309254824101251;0.4469361115713668;0.0;0.618509648202502
270533.0;0.0;0.30418710265608584;0.4533516268130145;0.0;0.6083742053121717
267521.0;0.0;0.30021412971164463;0.4594377785950123;0.0;0.6004282594232893
264733.0;0.0;0.29494558872565046;0.46507130819933157;0.0;0.5898911774513009
261227.0;0.0;0.2907244345312852;0.47215565353388805;0.0;0.5814488690625704
258497.0;0.0;0.2852335935711783;0.4776719863243442;0.0;0.5704671871423566
254991.0;0.0;0.28074021032787994;0.4847563316589007;0.0;0.5614804206557599
252203.0;0.0;0.275001274907457;0.49038986126322;0.0;0.550002549814914
247797.0;0.0;0.2691723222423955;0.4992927778473774;0.0;0.538344644484791
245694.0;0.0;0.26418818142815825;0.5035421726672783;0.0;0.5283763628563165
242734.0;0.0;0.26238053012846624;0.5095232514437436;0.0;0.5247610602569325
238955.0;0.0;0.2527197754792838;0.5171592300573457;0.0;0.5054395509585676
234300.0;0.0;0.2485536974370722;0.526565284687226;0.0;0.4971073948741444
232197.0;0.0;0.24305655964988424;0.5308146795071268;0.0;0.48611311929976847
227542.0;0.0;0.24027124239304126;0.5402207341370071;0.0;0.4805424847860825
225439.0;0.0;0.23455723571297168;0.5444701289569079;0.0;0.46911447142594337
220784.0;0.0;0.23223901268933717;0.5538761835867883;0.0;0.46447802537867433
218681.0;0.0;0.22628121113845762;0.5581255784066891;0.0;0.45256242227691523
