417790.0;4311342.907627256;0.4496915962445444;0.155799019588033;0.2519590504579015;0.8993831924890888
416032.0;4123700.2643200476;0.4476899386162543;0.15935129542892013;0.2409930328513098;0.8953798772325086
415422.0;3691793.4473563703;0.446482238909607;0.1605838826092052;0.21575198062696854;0.892964477819214
414824.0;3159815.184448581;0.454935804380577;0.16179222217282893;0.18466265628921655;0.909871608761154
414618.0;3471524.974045962;0.4494802302090906;0.16220847292551535;0.20287927795167943;0.8989604604181812
414618.0;3565357.265108235;0.44777478586160413;0.16220847292551535;0.20836292781783008;0.8955495717232083
413736.0;3279991.836944689;0.442378733750685;0.16399067275012427;0.19168589612396977;0.88475746750137
413283.0;3775026.941956371;0.44001587825068117;0.16490602027909007;0.22061622657423666;0.8800317565013623
407850.0;2517097.640615171;0.4585927748888492;0.17588412872251433;0.14710162124131695;0.9171855497776984
406978.0;3094243.099656093;0.44209996677657176;0.17764612219990544;0.18083056021733326;0.8841999335531435
405331.0;2745794.586957378;0.4457203774429758;0.18097410758667512;0.16046689203456882;0.8914407548859516
404811.0;5527911.309405452;0.43136699001117196;0.18202483764200011;0.3230564848064528;0.8627339800223439
404213.0;3041985.5744625223;0.43540639235788875;0.18323317720562382;0.17777657988935738;0.8708127847157775
403942.0;2321487.1247042725;0.46798931549412603;0.18378076921522588;0.13566995345138125;0.9359786309882521
403942.0;2556992.999020268;0.45599345418542364;0.18378076921522588;0.14943314458260415;0.9119869083708473
403086.0;5815691.213579862;0.4232319784294375;0.18551043253706853;0.33987462081423225;0.846463956858875
400840.0;2981502.4679681086;0.4347433672910521;0.19004877812218374;0.17424188863246;0.8694867345821042
400677.0;2892157.301450275;0.4411102623032544;0.1903781415818337;0.16902047066567955;0.8822205246065088
399461.0;1611540.8451984664;0.4839404543101276;0.19283523340351671;0.09418000605147753;0.9678809086202552
399439.0;1351785.8229985223;0.48197536325512413;0.19287968736739586;0.07899967125848652;0.9639507265102483
399377.0;5916486.007079864;0.4149363232079077;0.19300496672014614;0.3457651660585996;0.8298726464158154
398994.0;5701350.65916101;0.4161076039938661;0.1937788698185874;0.3331924481971487;0.8322152079877322
398412.0;5456467.25042907;0.4235576678679159;0.1949548792266627;0.31888122488252013;0.8471153357358318
396298.0;2379673.585952279;0.4473567427314947;0.19922650102850306;0.13907042653822782;0.8947134854629895
395057.0;5615553.087909127;0.4061248893844641;0.20173410871823058;0.3281783551297718;0.8122497787689282
394062.0;2201012.1689978153;0.4573317969191292;0.2037446402664005;0.12862928048842678;0.9146635938382583
393820.0;5310614.242913271;0.4147303418195827;0.20423363386907095;0.3103574340202585;0.8294606836391654
393799.0;1877325.4011855836;0.4741258474116824;0.2042760671982283;0.10971271263216195;0.9482516948233648
392681.0;1304308.9480985224;0.48147806501247586;0.206535136817177;0.07622507675862662;0.9629561300249517
392236.0;5167229.249518056;0.4195510611069018;0.20743431926836858;0.3019778762908425;0.8391021222138036
391881.0;1062145.3711660292;0.48236045932606364;0.20815164459460006;0.062072803045613224;0.9647209186521273
391260.0;5232830.3479499575;0.4080139328641805;0.2094064587568247;0.30581166794788184;0.816027865728361
391083.0;1497652.9048409977;0.47988615647610944;0.20976411110257953;0.08752428463801513;0.9597723129522189
391076.0;5026220.362186878;0.4079926252547277;0.20977825554563198;0.2937371804985326;0.8159852505094554
390824.0;3372570.064481656;0.4270852416359071;0.21028745549552025;0.19709625730447888;0.8541704832718142
390233.0;2007558.1474916071;0.47323193898191773;0.21148165061609153;0.11732364031776543;0.9464638779638355
390194.0;4740059.612851985;0.4154459453286002;0.2115604553702409;0.2770136694659987;0.8308918906572004
389818.0;2137083.5683413805;0.46327529039287246;0.21232021402562973;0.12489323121941553;0.9265505807857449
388840.0;4945249.255932719;0.41165118865277517;0.2142963947835294;0.28900515071490507;0.8233023773055503
388486.0;2652160.0835743584;0.438717989904273;0.2150116994750391;0.1549948010717401;0.877435979808546
388451.0;5381172.523353981;0.40646570334480486;0.21508242169030137;0.3144809281896349;0.8129314066896097
387304.0;2080033.1781212266;0.4560785826713414;0.21740008971618166;0.1215591512225095;0.9121571653426828
387041.0;1791967.8506052466;0.4747864196568933;0.21793151664800947;0.10472433479852075;0.9495728393137866
386859.0;1140588.6026279049;0.4809316767450784;0.21829927216737322;0.06665710138082984;0.9618633534901568
385710.0;4532416.3084709905;0.4165078462698051;0.22062098146269707;0.26487879387695185;0.8330156925396102
383521.0;1686942.1511347964;0.4757371836669703;0.22504415086867086;0.09858653131612158;0.9514743673339406
382316.0;4474349.513551985;0.41549240115378727;0.22747901570841433;0.2614853142061413;0.8309848023075745
382316.0;4783845.027751667;0.40702683981265636;0.22747901570841433;0.2795725314721992;0.8140536796253127
381705.0;996965.1355767581;0.4784131558083923;0.22871362352342117;0.05826360702025385;0.9568263116167846
380174.0;2433548.315403442;0.44548227187133127;0.23180721528246453;0.14221891784755442;0.8909645437426625
379497.0;1224575.1490564675;0.47810912851623705;0.23317518498910877;0.07156535640548643;0.9562182570324741
379056.0;3956356.13001779;0.42232779932882547;0.23406628490141324;0.2312132797484184;0.8446555986576509
378649.0;946059.3277242145;0.4829575690872701;0.23488868323317721;0.0552886223613838;0.9659151381745402
377720.0;3643196.4737471114;0.4113340378788586;0.23676585288970972;0.21291192647491888;0.8226680757577172
376143.0;834564.8770449404;0.47587378683898873;0.2399523938459549;0.048772778800256426;0.9517475736779775
374430.0;5345723.563075344;0.4064824182263744;0.24341374112436198;0.31240925665645114;0.8129648364527488
373488.0;714203.1123830647;0.4734741081491557;0.24531717903227762;0.041738720831452074;0.9469482162983114
373416.0;2250442.0150837437;0.4513431067943222;0.2454626647322457;0.13151800851376147;0.9026862135886444
371275.0;4676578.226917198;0.3952957578900603;0.2497888436715741;0.2733037558579709;0.7905915157801205
370969.0;3212992.8691406827;0.41609003104917114;0.2504071578964384;0.1877704116284794;0.8321800620983423
370918.0;4602929.506548835;0.4096096282120431;0.2505102102672491;0.2689996533894283;0.8192192564240862
369527.0;636769.8682449402;0.47086256474230814;0.25332091316524347;0.037213447132530726;0.9417251294846163
369373.0;538211.3863719619;0.47222160075784514;0.2536320909123974;0.031453594103128674;0.9444432015156903
368142.0;453773.8391100863;0.4691501893074644;0.2561194922549071;0.02651898215346009;0.9383003786149288
366538.0;4374333.126904647;0.4005918776157903;0.25936059034864034;0.2556402598113002;0.8011837552315806
365621.0;3052529.914254989;0.4261986918754077;0.2612135123885115;0.17839280130777327;0.8523973837508154
363291.0;342392.0063317104;0.4650091715206483;0.2659215912902561;0.020009720091411495;0.9300183430412966
362672.0;0.0;0.449606781677555;0.2671723641830372;0.0;0.89921356335511
358484.0;3016682.6121406835;0.42202156633463705;0.27563478239784683;0.1762978502923439;0.8440431326692741
357056.0;3444084.0404923125;0.4119977539666774;0.27852024878054693;0.20127560324753463;0.8239955079333549
355332.0;2821943.0324893543;0.4259990360033862;0.2820038230408936;0.16491708085999007;0.8519980720067724
355033.0;2733326.8819317725;0.43201030398452195;0.2826079928227055;0.15973826729120094;0.8640206079690439
354346.0;2869631.355089355;0.42156900143770665;0.28399616887656753;0.1677040325679995;0.8431380028754133
351220.0;3706329.0981923123;0.4075187856817831;0.29031267301684804;0.21660145812409184;0.8150375713635662
346849.0;4039006.305224869;0.3924672406088383;0.2991448673857432;0.23604343594604166;0.7849344812176766
345933.0;4274699.545186682;0.38137550433053163;0.30099576879089257;0.24981757690686984;0.7627510086610633
345443.0;3801273.8058132567;0.39776217485130766;0.3019858798045642;0.22215011869011994;0.7955243497026153
344422.0;2660815.8280852684;0.43219897880311153;0.30404894785550035;0.1555006511548121;0.8643979576062231
343572.0;3310619.5604605195;0.40313684892799134;0.30576648736901235;0.19347580991651075;0.8062736978559827
342385.0;2517752.318019629;0.431032017617728;0.3081649807837638;0.14713988122219013;0.862064035235456
339093.0;3886304.158388306;0.3941994534856235;0.31481691028785963;0.22711937475578992;0.788398906971247
336476.0;2285584.0703845914;0.4397717600126897;0.3201049113547548;0.1335717442231332;0.8795435200253794
336476.0;2329788.0877845916;0.437173484993221;0.3201049113547548;0.13615506976442218;0.874346969986442
335627.0;2476592.719019629;0.4313775360142097;0.32182043023354495;0.1447344744374685;0.8627550720284194
335611.0;2597201.160817987;0.39007419791094944;0.32185276038909344;0.1517829484567725;0.7801483958218989
331069.0;2698206.849330852;0.386373247118329;0.33103048329541274;0.15768581860971845;0.772746494236658
327529.0;2208881.4046700816;0.42216850479196244;0.33818353021050973;0.1290891662340737;0.8443370095839249
327393.0;0.0;0.4111552335868075;0.33845833653267166;0.0;0.822310467173615
324399.0;3249472.050411858;0.38293837333749714;0.34450811688967736;0.1899022902731371;0.7658767466749943
321628.0;3009296.1647837567;0.3795439699514843;0.35010729570372645;0.17586617916291086;0.7590879399029686
321394.0;3094206.764271712;0.3736642970604026;0.35058012422862267;0.18082843674231797;0.7473285941208052
321111.0;2423039.992530852;0.3974348051730611;0.3511519638548861;0.14160480129278008;0.7948696103461222
320999.0;3606281.1203573323;0.36689513115602423;0.3513782749437253;0.2107545575096826;0.7337902623120485
318300.0;2141394.271539588;0.40387726385481476;0.3568319680578063;0.12514515288463607;0.8077545277096295
316460.0;3181437.085119657;0.37155665293331397;0.3605499359458793;0.1859262610821783;0.7431133058666279
315442.0;3468309.706973574;0.3608548847083864;0.36260694209265015;0.20269137463341305;0.7217097694167728
313996.0;3379861.226973574;0.3670450953299537;0.36552877990034227;0.19752235989421907;0.7340901906599074
307539.0;2051731.4137763327;0.40510467531735633;0.37857601829886806;0.11990516873412811;0.8102093506347127
285910.0;0.0;0.3610989645168935;0.42228032669622184;0.0;0.722197929033787
212691.0;0.0;0.30518249328605257;0.5702291803901441;0.0;0.6103649865721051
