418321.0;3668557.244316583;0.461056327988383;0.15472606255076846;0.21439403444184965;0.922112655976766
417733.0;6151978.53535575;0.4543726865267404;0.15591419576717438;0.35952757723432704;0.9087453730534808
417205.0;3397570.0524971765;0.4629642520969252;0.1569810909002736;0.1985572807899237;0.9259285041938504
416854.0;5632329.179115821;0.4510295056604696;0.15769033368761795;0.3291587661296382;0.9020590113209392
416808.0;4000370.5671916106;0.45787366836194787;0.15778328288481977;0.23378552603788327;0.9157473367238957
416509.0;5769248.420727899;0.44785854012395643;0.15838745266663165;0.3371604590696649;0.8957170802479129
415873.0;6370864.027675541;0.4478495537340796;0.15967257634968296;0.37231945716258286;0.8956991074681592
415614.0;3278059.593511485;0.4631057465815899;0.16019592074262368;0.19157297394841694;0.9262114931631799
414994.0;5691730.938955749;0.44424160247405003;0.16144871427012653;0.33263026244191685;0.8884832049481001
414721.0;3591165.35709114;0.46020316282031204;0.16200034754917214;0.20987117768091545;0.9204063256406241
414520.0;5397246.356608282;0.4513462120652782;0.16240649512824967;0.31542029855537584;0.9026924241305564
414314.0;5959548.41859603;0.44124814462847;0.16282274588093612;0.34828177504760993;0.88249628925694
413944.0;5308692.9851591755;0.4502573035706133;0.1635703807279943;0.3102451538584206;0.9005146071412266
413922.0;3099479.962310396;0.4676432770913653;0.1636148346918734;0.1811366075371654;0.9352865541827305
413868.0;2754205.743963033;0.45716114037984273;0.16372394896684947;0.16095844818721164;0.9143222807596855
413192.0;4877374.149284829;0.4469814130113948;0.16508989803877194;0.2850384638177723;0.8939628260227896
411522.0;5220054.99745575;0.43939399896776693;0.16846435802414253;0.3050650641057024;0.8787879979355339
410529.0;3489551.516958973;0.4570554745805592;0.1704708483028689;0.20393276655899145;0.9141109491611183
410179.0;4687443.5037632845;0.4529075915367418;0.17117807045549147;0.2739387331482855;0.9058151830734836
409624.0;5140788.130978966;0.44186933893539865;0.1722995227260787;0.30043263174340273;0.8837386778707973
409525.0;2333193.803282354;0.45975412914116154;0.17249956556353482;0.1363541030729136;0.9195082582823231
408155.0;4458480.488286459;0.4489370235549478;0.1752678351323718;0.2605579130174024;0.8978740471098956
407649.0;2547955.3227048535;0.45848144983798333;0.17629027630159186;0.14890497403538341;0.9169628996759667
407395.0;2149752.986411736;0.4633767607192771;0.17680351752092366;0.12563364426826248;0.9267535214385542
407083.0;4371401.56505698;0.4477192432629826;0.17743395555411867;0.2554689365008323;0.8954384865259652
406948.0;2416640.9910109867;0.4541271443223983;0.1777067412415588;0.1412308374533528;0.9082542886447966
404585.0;4233648.823738309;0.4491651546057255;0.18248150108912212;0.24741853303159705;0.898330309211451
404047.0;2266289.624287922;0.45749503882616455;0.1835686025694391;0.13244415812715657;0.9149900776523291
403582.0;1881367.302724146;0.46989370093304816;0.18450819771506627;0.10994892526834518;0.9397874018660963
402011.0;1986177.4950428384;0.46336760633606355;0.18768261486298077;0.11607413430430687;0.9267352126721271
400688.0;1734976.7773976938;0.4854244792426279;0.19035591459989412;0.10139372134521638;0.9708489584852558
399245.0;1628021.111736443;0.4823967625589018;0.19327169050342094;0.09514312877151349;0.9647935251178036
397612.0;4296822.06807295;0.43707852716115636;0.19657138700408572;0.2511104385464059;0.8741570543223127
396829.0;3932041.6543355384;0.45090428424956935;0.19815354399123852;0.22979231826691718;0.9018085684991387
395898.0;3783275.618686459;0.4519238432917804;0.2000347549172146;0.22109828722238653;0.9038476865835608
395377.0;1487490.7765951124;0.4829793416372811;0.20108750560726135;0.08693040003214558;0.9659586832745622
394581.0;1085103.1258219664;0.48230324813394676;0.2026959308457973;0.06341447643779971;0.9646064962678935
394085.0;3847315.36097448;0.44970196150106695;0.20369816566779958;0.2248408317158698;0.8994039230021339
393698.0;4184378.9224336133;0.4476241107598875;0.20448015130512798;0.24453915233401355;0.895248221519775
393511.0;1790212.0500709664;0.48152580865749134;0.2048580099981006;0.10462172411667772;0.9630516173149827
393237.0;4090875.8803744805;0.4467942195172747;0.205411663911868;0.2390747440981328;0.8935884390345494
387769.0;901345.2752822407;0.4801370324377651;0.2164604945705545;0.05267548987881706;0.9602740648755302
385278.0;1022702.7849541171;0.4787884249927593;0.22149389566250552;0.05976774014932261;0.9575768499855186
384684.0;1353019.369600303;0.47577112407677086;0.2226941526872421;0.07907176091526849;0.9515422481535417
379964.0;2076254.3793247605;0.4613282113518774;0.23223154857403808;0.1213383145651087;0.9226564227037548
379113.0;1220046.8939059991;0.47664794663171434;0.23395110872227184;0.0713007207937088;0.9532958932634287
378996.0;3172420.058063332;0.4428164159082833;0.23418752298471995;0.18539929729763552;0.8856328318165666
378664.0;5021965.577706362;0.4323969900449206;0.23485837371235052;0.2934885267772716;0.8647939800898412
378052.0;1426017.9064771929;0.4743774978669359;0.23609500216207915;0.08333786603156035;0.9487549957338718
373061.0;661827.0707532687;0.47631857919942183;0.24617999005847715;0.03867781428828646;0.9526371583988437
371791.0;734440.4405532687;0.47613259047146783;0.24874619615513624;0.04292140986798147;0.9522651809429357
370520.0;5740259.890969154;0.42304384200866185;0.2513144228865171;0.33546634134609843;0.8460876840173237
370240.0;2847544.6582445884;0.4539104388611047;0.25188020060861516;0.16641326463698808;0.9078208777222094
369221.0;566663.4297532687;0.47259252922310785;0.25393922739010777;0.033116359043782954;0.9451850584462157
368624.0;5366612.71041611;0.42047418859959274;0.2551455463190097;0.31363003863589967;0.8409483771991855
367986.0;454750.6231591057;0.46902600662658384;0.2564347112715046;0.02657606635825808;0.9380520132531677
367837.0;5549050.968194567;0.41141661680213426;0.25673578584504964;0.3242919069172959;0.8228332336042685
367448.0;3040708.6363722603;0.4494582064550504;0.2575218127518216;0.1777019543920102;0.8989164129101008
366324.0;5255063.652146975;0.42442793198453477;0.259793006179101;0.3071110037543916;0.8488558639690695
365989.0;5447120.002532253;0.4147182711562953;0.26046991881089687;0.3183349626725924;0.8294365423125906
364984.0;5194300.587669154;0.4284179805848062;0.2625006567062846;0.3035599514821033;0.8568359611696124
363327.0;2478765.913937906;0.45304428928894114;0.26584884844027207;0.14486147805091348;0.9060885785778823
363129.0;341681.49735910574;0.4699720431079974;0.26624893411518424;0.019968197259682526;0.9399440862159948
362887.0;2914358.6423659944;0.4451558586603168;0.2667379277178547;0.17031793850710794;0.8903117173206336
362672.0;0.0;0.449606781677555;0.2671723641830372;0.0;0.89921356335511
361192.0;4566453.940147831;0.4182240630873855;0.2701629035712698;0.26686798600128053;0.836448126174771
359471.0;4487828.919409462;0.418076843756129;0.27364041592745114;0.2622730637248767;0.836153687512258
358381.0;4625942.157352609;0.40690441182023535;0.27584290777419;0.2703445349656027;0.8138088236404707
353236.0;2783739.9326868397;0.4254517596195113;0.28623907341774196;0.16268445474858492;0.8509035192390226
353069.0;3725361.04034873;0.4249850969952713;0.28657651941627904;0.21771370323584516;0.8499701939905426
351878.0;3296238.8979324736;0.4125241383378589;0.2889830953699176;0.19263539008604172;0.8250482766757178
350637.0;2669498.1630193805;0.42076211332969643;0.2914907030596451;0.15600805520794048;0.8415242266593929
350111.0;3393096.1694743773;0.4028628404161274;0.29255355692330076;0.19829582273788848;0.8057256808322548
349591.0;2529409.1530593894;0.4232118848649674;0.29360428697862573;0.14782111793912267;0.8464237697299348
349334.0;4835277.725494566;0.3785409463896062;0.29412359010212286;0.2825783080859923;0.7570818927792125
348379.0;4759757.833430131;0.3782037481644025;0.29605329626142163;0.27816485253329765;0.756407496328805
343713.0;2237063.2566791796;0.4312303819534187;0.30548157787324154;0.130736140929544;0.8624607639068373
342700.0;3472888.7589508006;0.38822148451857263;0.3075284808464035;0.20295897886088896;0.7764429690371453
341560.0;2398495.563702597;0.42943463292328776;0.3098320044292313;0.1401704011269621;0.8588692658465755
340610.0;4318086.982215513;0.3612266279398037;0.3117516074149212;0.25235318070128077;0.7224532558796074
339130.0;2142760.3025140017;0.4227384900226168;0.3147421468031538;0.12522498505632448;0.8454769800452336
338076.0;4245673.359247611;0.35614747723794715;0.31687189579990865;0.24812125851969527;0.7122949544758943
337921.0;3239776.4408546872;0.3796482845339647;0.31718509418178437;0.1893356694707617;0.7592965690679294
337069.0;4169616.289930132;0.3553845732426819;0.3189066749647399;0.24367640980864966;0.7107691464853638
336926.0;3960070.132747193;0.3673993365966205;0.3191956257299543;0.23143032966097418;0.734798673193241
332250.0;4035454.792053179;0.34971233344808056;0.328644113688992;0.23583588208043643;0.6994246668961611
328209.0;3854628.5042370665;0.35690645348541994;0.33680949859970016;0.22526821888311277;0.7138129069708399
327033.0;3614365.5710356995;0.3501211912211281;0.339185765032512;0.2112270206284922;0.7002423824422562
324879.0;3555460.617085791;0.3647131802128459;0.34353821222322356;0.20778455813305283;0.7294263604256918
321778.0;2997716.269764446;0.4103119659675057;0.3498042004954596;0.17518943889520774;0.8206239319350114
313436.0;2591955.713314932;0.40247188389890115;0.3666603353445384;0.15147639943007404;0.8049437677978023
312907.0;3111623.1981609967;0.36530573991910337;0.36772925111235943;0.18184626998804373;0.7306114798382067
311522.0;2726094.895679007;0.38707548004960485;0.37052783020202307;0.1593156230181259;0.7741509600992097
306404.0;2892484.7059822376;0.38391483204036597;0.380869438708087;0.16903960450326944;0.7678296640807319
305796.0;2436932.9004422347;0.39260168898912584;0.3820979846189285;0.1424167162715813;0.7852033779782517
303693.0;2813306.5154979625;0.36975397710393854;0.38634737943882935;0.16441235445176006;0.7395079542078771
303305.0;2181123.2112730993;0.412794562015286;0.3871313857108795;0.12746695055775684;0.825589124030572
302603.0;2344369.5676422347;0.39742667786815317;0.3885498712855682;0.13700722555391023;0.7948533557363063
293678.0;0.0;0.37187195388622774;0.40658403617744404;0.0;0.7437439077724555
211290.0;0.0;0.28799066868270334;0.5730600896353563;0.0;0.5759813373654067
