939955.0;6892976.549400003;0.14848434329422155;0.006560187367490979;0.14373547099458953;0.2969686865884431
939944.0;1.0917309073300004E7;0.1484800385497225;0.00657181328356032;0.22765267666272168;0.296960077099445
939875.0;9207388.5018;0.1484835328216542;0.006644739484358915;0.19199663794759153;0.2969670656433084
939704.0;1.0677915123199997E7;0.14848144388139298;0.006825469634164128;0.22266072551878882;0.29696288776278595
939702.0;7251954.692399998;0.14848148119329;0.006827583437085827;0.15122104592598237;0.29696296238658
939526.0;1.0416109417699996E7;0.14847727874099173;0.0070135980941952855;0.21720143429395664;0.29695455748198346
939436.0;6820425.990700003;0.14981186801591176;0.007108719225671713;0.14222261386372162;0.2996237360318235
939314.0;8949980.9829;0.14848022194378027;0.007237661203895316;0.18662905970305785;0.29696044388756054
939195.0;6957496.585100003;0.1484799265852168;0.007363432477736371;0.1450808720203241;0.2969598531704336
939044.0;6676579.014100003;0.15119976938253524;0.0075230245983246;0.13922305151434028;0.3023995387650705
938925.0;1.0496825191399999E7;0.14847674626098734;0.007648795872165655;0.2188845561885861;0.29695349252197467
938817.0;7803130.094700002;0.14847716470411687;0.007762941229937368;0.16271440521459324;0.29695432940823374
938734.0;6583276.461000004;0.15631531038216215;0.007850664051187851;0.1372774643911702;0.3126306207643243
938459.0;7392289.4838;0.1484760435415197;0.00814131195292138;0.1541473705978054;0.2969520870830394
937090.0;6490950.498200005;0.16540831027146638;0.009588210052823934;0.1353522415715391;0.33081662054293276
937072.0;6382060.803900005;0.16540831027146638;0.00960723427911922;0.13308162431577175;0.33081662054293276
936577.0;6280202.961400005;0.1665839814507152;0.010130400502239574;0.13095763842066457;0.3331679629014304
936531.0;6745300.870400002;0.14988338142743554;0.010179017969438637;0.14065607080754572;0.2997667628548711
935225.0;6191536.573800004;0.18745119914094593;0.011559331277307692;0.12910872672167084;0.37490239828189187
931156.0;5959966.180800001;0.22282984728720118;0.015859863321503083;0.12427991593612496;0.44565969457440235
930914.0;6068975.647000001;0.2206239752381228;0.01611563347502859;0.1265530307298333;0.4412479504762456
929086.0;5888707.431900001;0.23721176291959076;0.018047649345460926;0.12279399620867162;0.4744235258391815
926646.0;5817822.168000002;0.2511707992455306;0.02062648890993297;0.12131586455970657;0.5023415984910612
925347.0;5668996.797800004;0.25476479880541353;0.02199940390757608;0.11821249049070542;0.5095295976108271
922303.0;5734298.317500002;0.25438805427630135;0.025216611954401044;0.11957418737498668;0.5087761085526027
921947.0;5597140.2476;0.2556177275348042;0.025592868874463357;0.11671410513961311;0.5112354550696084
918935.0;5456883.758600001;0.27557388153013607;0.028776256074541148;0.1137894132649226;0.5511477630602721
918848.0;5531907.340700002;0.2710435015596397;0.028868206501635026;0.11535383900053367;0.5420870031192794
918482.0;5376029.520700001;0.2785625291370789;0.029255032436305832;0.11210340405204103;0.5571250582741578
902825.0;5264440.5487;0.32537336484711793;0.045802938608821744;0.10977650023432554;0.6507467296942359
901902.0;5122864.4551;0.3501090772988594;0.04677845865718556;0.10682429136645387;0.7002181545977187
899952.0;5191875.583699999;0.34285074751207345;0.0488394165058415;0.10826334269676088;0.6857014950241469
898332.0;5048988.675600001;0.3584028285452369;0.0505515968724172;0.10528380013085709;0.7168056570904738
897803.0;4976342.2246;0.35217095681134286;0.05111069774520642;0.10376894341028993;0.7043419136226857
890985.0;4824984.840500001;0.367939161751936;0.05831665190527626;0.10061277063990438;0.735878323503872
889903.0;4914653.144499998;0.3556743755258437;0.0594602192859151;0.10248257475375233;0.7113487510516874
889731.0;4711932.815500002;0.3691718680303945;0.05964200633718116;0.09825535857795832;0.738343736060789
886985.0;3898093.9620000017;0.4209729506013134;0.06254425774867306;0.08128482196243747;0.8419459012026268
886737.0;3701455.196000001;0.4301735930487191;0.06280636931096366;0.07718442129456268;0.8603471860974382
885145.0;3591854.3548000013;0.4288321102893879;0.06448895643663559;0.07489897488133553;0.8576642205787758
885137.0;4410512.1808;0.42080490041012014;0.06449741164832239;0.09196999889544727;0.8416098008202403
884409.0;4607029.249800001;0.3822188581891635;0.0652668359118206;0.0960678618823234;0.764437716378327
882661.0;3490617.5504000015;0.4376416401546455;0.067114299665385;0.07278793915415208;0.875283280309291
881178.0;4546367.092100001;0.38400826023040546;0.06868168453182436;0.09480290707708522;0.7680165204608109
880471.0;4476246.202700004;0.3873107022395134;0.06942891386464474;0.09334071451161866;0.7746214044790268
879940.0;3407465.1785999998;0.440176515067512;0.06999012854035566;0.07105400821164352;0.880353030135024
879551.0;4061036.230700001;0.4206902751696758;0.07040126320862601;0.08468256799692239;0.8413805503393516
879407.0;4336906.445400001;0.4206869239742231;0.0705534570189883;0.09043513874181118;0.8413738479484462
877801.0;3301607.3111;0.44023203242525377;0.07225084076511211;0.06884661198237306;0.8804640648505075
871070.0;3186375.0974000013;0.464541598676355;0.07936484449808806;0.06644373763756477;0.92908319735271
869493.0;3093163.6989;0.46340474430222656;0.08103157810184725;0.06450005131142628;0.9268094886044531
868067.0;2996053.4033000004;0.4664502465043251;0.08253871958501821;0.06247506341592781;0.9329004930086502
865713.0;2900890.0533;0.46691567330458367;0.08502666562385723;0.06049067411246156;0.9338313466091673
865385.0;4265358.6494;0.41923349837058266;0.08537332930301576;0.08894319167322874;0.8384669967411653
864372.0;2815183.2322000014;0.46911131295820635;0.086443970482856;0.058703476635439886;0.9382226259164127
858368.0;2725955.3965000007;0.4726024887977657;0.09278960685379459;0.05684285736620941;0.9452049775955313
849901.0;2587728.647600001;0.48087469233730784;0.10173839152280477;0.05396049055198868;0.9617493846746157
847830.0;2522545.336000001;0.4828631241132601;0.10392723444822345;0.05260125859658203;0.9657262482265202
846505.0;2445013.0685;0.48180344100892775;0.10532762888384864;0.05098452061604136;0.9636068820178555
842910.0;2643978.1790000005;0.4764083794956017;0.10912718963560152;0.05513343127375968;0.9528167589912034
842540.0;2287590.0172000006;0.48377288609394875;0.10951824317611572;0.047701863804162255;0.9675457721878975
842380.0;2201171.958;0.4837728860939487;0.10968734740985159;0.045899835267936985;0.9675457721878974
835402.0;2367568.9496999998;0.4781491605319129;0.1170624058036573;0.049369620752143246;0.9562983210638258
829209.0;2066519.2947999998;0.49376252568749435;0.1236077965506964;0.043091996908554704;0.9875250513749887
824960.0;2135247.757599999;0.48699897575913575;0.12809857085784465;0.0445251539634923;0.9739979515182715
822483.0;1912408.3591999998;0.496354968727322;0.13071651577636811;0.03987840583434584;0.992709937454644
819226.0;1812221.4871;0.4955989100841351;0.13415884383435395;0.037789263771324945;0.9911978201682702
815191.0;1687525.6157999996;0.4973708241401596;0.13842344122888048;0.03518904894918887;0.9947416482803192
811650.0;1740539.9238999998;0.49671056275817915;0.14216592930174748;0.03629452732846307;0.9934211255163583
796620.0;1615999.7373;0.49728613901696533;0.15805115825831095;0.033697558914249734;0.9945722780339307
792785.0;1535682.8662;0.4977629466139156;0.16210437536066763;0.03202275511742337;0.9955258932278312
792674.0;1369554.5095;0.49560032028306383;0.1622216914228219;0.028558571331985975;0.9912006405661277
789089.0;3119371.1961999997;0.45857112577758435;0.16601068315996625;0.06504654192270404;0.9171422515551687
787424.0;1435243.6158000003;0.4947099116882213;0.16777042409228018;0.02992835034770975;0.9894198233764426
783659.0;1974368.8377000005;0.4931713160798134;0.1717496580923774;0.04117043381332147;0.9863426321596268
778261.0;1288228.4469999997;0.48713195742982623;0.1774548121780414;0.026862723418708153;0.9742639148596525
777787.0;1234940.5503999996;0.48989121295511867;0.1779557834704839;0.025751540048038087;0.9797824259102373
777368.0;1125583.9047999994;0.48813101153541133;0.17839862518257973;0.023471185712134735;0.9762620230708227
776715.0;2803475.546;0.4676158948614734;0.17908878183651425;0.05845934265672201;0.9352317897229468
773686.0;3291203.478900001;0.44781511779711997;0.1822901363614265;0.06862966655818681;0.8956302355942399
771849.0;3015481.5443;0.46443870368769025;0.18423166434500646;0.06288018781714565;0.9288774073753805
770447.0;935530.2460999998;0.48556419391381594;0.18571344019311703;0.019508100686135732;0.9711283878276319
769875.0;3188597.9681;0.4571449722162021;0.18631798782872278;0.06649008994483502;0.9142899444324042
768421.0;839318.0352999999;0.4853353068271298;0.1878547225527975;0.01750184006191056;0.9706706136542596
766581.0;1044227.1588;0.4804354975107045;0.18979942124076005;0.02177469797260877;0.960870995021409
761369.0;2897176.5667999997;0.4596391210000006;0.19530799165470605;0.060413238808963245;0.9192782420000012
758056.0;2401621.5702999993;0.47800656365664956;0.19880950619449947;0.05007970142998438;0.9560131273132991
755316.0;661952.7107000002;0.4810649006606386;0.20170541619722626;0.013803337929082575;0.9621298013212772
754503.0;739365.9479000001;0.4790981445594276;0.20256467708489667;0.015417593835861545;0.9581962891188552
753650.0;583200.5572;0.4764307280451622;0.20346621403100104;0.012161162332801744;0.9528614560903244
753295.0;501522.91870000004;0.4763373559577122;0.2038414140496025;0.010457983197433117;0.9526747119154244
753295.0;2710034.9017000003;0.4677289903598519;0.2038414140496025;0.05651087599326477;0.9354579807197038
752737.0;0.0;0.4481896019905279;0.20443116506475636;0.0;0.8963792039810557
652277.0;0.0;0.42390748953120233;0.3106074858216669;0.0;0.8478149790624047
575700.0;0.0;0.39169630946620726;0.39154182898911605;0.0;0.7833926189324145
523626.0;0.0;0.36629762958442325;0.44657891566137725;0.0;0.7325952591688465
395075.0;0.0;0.3145929986947862;0.5824446553550027;0.0;0.6291859973895724
303285.0;0.0;0.29910464763550565;0.6794576404463506;0.0;0.5982092952710113
217884.0;0.0;0.2425789219292886;0.7697180821043331;0.0;0.4851578438585772
132367.0;0.0;0.19232426203689237;0.8601011243317741;0.0;0.38464852407378475
