939955.0;6699661.2317;0.14848434329422155;0.006560187367490979;0.13970437237689626;0.2969686865884431
939947.0;6934240.367399999;0.14848421118983504;0.006568642579177773;0.14459592282882372;0.2969684223796701
939930.0;9201632.5054;0.14848028812739744;0.006586609904012209;0.1918766113019664;0.2969605762547949
939852.0;9321488.3973;0.14847782048427505;0.006669048217958447;0.19437590068011212;0.2969556409685501
939835.0;6566109.7062;0.14954992864005723;0.006687015542792883;0.13691949543988427;0.29909985728011446
939789.0;7443926.5839;0.14848061516830166;0.006735633009991946;0.15522413081169503;0.2969612303366033
939781.0;7267768.4673999995;0.14848048260364807;0.00674408822167874;0.15155080192929063;0.29696096520729615
939490.0;8692248.267599998;0.14848038014200998;0.007051646546785857;0.18125470031580812;0.29696076028401996
939490.0;8805129.6823;0.14847687900635662;0.007051646546785857;0.18360855473445584;0.29695375801271323
939348.0;8598261.8831;0.1484770243193985;0.007201726554226443;0.17929485363036396;0.296954048638797
938980.0;9087415.1207;0.1484703876586735;0.007590666291818949;0.18949489863139973;0.296940775317347
938540.0;8099183.3507;0.14847936979017837;0.008055702934592596;0.1688878418838861;0.29695873958035673
938232.0;6411359.421000003;0.1655031503884819;0.00838122858453415;0.1336925723580547;0.3310063007769638
936264.0;7176953.189599999;0.14848005199016248;0.010461210659485373;0.14965708059794158;0.29696010398032496
935277.0;6280363.213600002;0.18550219838596005;0.011504372401343534;0.13096098007216728;0.3710043967719201
933906.0;8488227.634900002;0.1484772656753177;0.012953384304167785;0.17700036961794716;0.2969545313506354
929582.0;6167237.2583;0.23370825918688917;0.017523426220879722;0.12860202638209936;0.46741651837377834
927061.0;6026543.0825;0.24278256593976646;0.020187874803680554;0.12566820766388992;0.48556513187953293
918742.0;5864046.077800001;0.27224043360991496;0.02898023805648504;0.12227974647613243;0.5444808672198299
911411.0;5738098.899000001;0.285430322696992;0.03672838266597052;0.11965343882289756;0.570860645393984
911020.0;5605815.494400001;0.30344065328062786;0.03714163113716256;0.11689500531762125;0.6068813065612557
903183.0;5498387.940000002;0.31905500341997495;0.04542456788583773;0.11465487726570951;0.6381100068399499
898445.0;5399592.082600001;0.35329142740268404;0.05043216700734124;0.11259474127163892;0.7065828548053681
897318.0;5253320.8103;0.34552687633430246;0.051623294953718285;0.10954462640959886;0.6910537526686049
892303.0;4435286.169;0.4107300062704835;0.05692365577987702;0.0924865973252869;0.821460012540967
892115.0;4687535.840500001;0.40911672982639535;0.057122353254516665;0.09774662179823235;0.8182334596527907
892009.0;4094042.094299999;0.4176015322715204;0.057234384809366684;0.08537082122339562;0.8352030645430408
891542.0;3989688.9448000006;0.41082677947913065;0.05772795779158326;0.08319480205581892;0.8216535589582613
890579.0;5124978.356799999;0.3626548851537739;0.05874575389838104;0.10686837140274996;0.7253097703075478
889366.0;3887283.7353;0.41922624240194684;0.06002777537039112;0.08105940221595388;0.8384524848038937
888844.0;3792597.4325999995;0.42554758091160494;0.0605794779329544;0.07908496051899128;0.8510951618232099
887053.0;4574066.9701999985;0.40531622437587317;0.062472388449335316;0.09538051748917091;0.8106324487517463
886089.0;3678403.2324;0.42617046901198374;0.06349124145759394;0.07670373130212615;0.8523409380239675
886025.0;3591296.4155;0.4269265546139759;0.06355888315108829;0.07488734047818657;0.8538531092279518
881919.0;3497189.7948000007;0.4342285648063998;0.06789852054933511;0.07292498657300739;0.8684571296127996
880597.0;4876915.880900004;0.40413443335749477;0.06929574428057775;0.10169566023014726;0.8082688667149895
878898.0;4981163.185199998;0.38688755448730516;0.07109141986256054;0.10386947226564305;0.7737751089746103
873811.0;3351323.095499999;0.4425318198745138;0.0764678775939004;0.06988330805052105;0.8850636397490276
871667.0;3193544.001099999;0.44467013596898697;0.07873387432596109;0.06659322686655739;0.8893402719379739
863914.0;2961127.4158;0.4673152355369816;0.08692803135192494;0.06174677089566664;0.9346304710739632
861376.0;2838360.304899999;0.4706072005479476;0.0896104472595602;0.05918677545953061;0.9412144010958952
857696.0;3063117.4963000007;0.4659935187324614;0.09349984463548526;0.06387351427748182;0.9319870374649228
850493.0;2704620.4176999996;0.475342971434008;0.10111270585798204;0.05639797071898228;0.950685942868016
845752.0;2569310.6422999986;0.4791288176304134;0.1061234756838681;0.0535764299581938;0.9582576352608267
845419.0;2394314.2367999996;0.4815001145280061;0.10647542387033088;0.04992732560006393;0.9630002290560122
836111.0;6513116.333500002;0.16278551701099697;0.11631306266791522;0.1358144536150591;0.32557103402199394
827478.0;2252469.8728;0.4915948722413022;0.12543729297942635;0.04696952263622785;0.9831897444826044
825474.0;6331158.2095;0.17693020033970497;0.12755532350696816;0.13202018034762592;0.35386040067940994
810025.0;6125174.0809;0.20971743459790604;0.14388339417562743;0.12772490594337627;0.4194348691958121
809525.0;6232780.506400003;0.20056240822649865;0.14441184490605202;0.12996876389653197;0.4011248164529973
804431.0;5684506.354000001;0.3016739258453963;0.14979570094761785;0.11853590278572008;0.6033478516907926
803267.0;6037306.871800001;0.20998346382399824;0.1510259342480463;0.12589265907666264;0.4199669276479965
802987.0;1711375.5782999997;0.4982783149732777;0.15132186665708408;0.035686379176351646;0.9965566299465554
801352.0;1854972.9678000004;0.49815776933984707;0.15304990054557252;0.03868073702240768;0.9963155386796941
799344.0;3687589.8341000015;0.4239419959828346;0.15517215867895773;0.0768952944842618;0.8478839919656692
799273.0;5311413.213200001;0.33934452129517195;0.15524719868267803;0.11075599552310121;0.6786890425903439
799121.0;5560126.827200002;0.29740436187489877;0.1554078477047271;0.11594228452246948;0.5948087237497975
796712.0;5929199.164999999;0.2532352004492081;0.1579539233239128;0.12363834817865214;0.5064704008984162
796529.0;5208648.5637;0.3496453439309756;0.15814733629124822;0.10861310047745328;0.6992906878619513
795367.0;4140383.2442000024;0.40882971185136135;0.159375455788755;0.08633714788352152;0.8176594237027227
792294.0;3895316.707700002;0.4128521669353595;0.16262331397794458;0.08122690939708616;0.825704333870719
791794.0;5044059.223700001;0.36854203447446515;0.16315176470836917;0.10518100896574667;0.7370840689489303
790379.0;5811355.8999;0.24920062996815204;0.1646472802754708;0.12118102700668862;0.4984012599363041
788149.0;1477852.2452;0.4965965149176001;0.16700417053316452;0.030816844798742807;0.9931930298352002
785819.0;3803384.173800001;0.4095046158428134;0.16946675093694313;0.07930989053518492;0.8190092316856268
785748.0;3576767.5852000006;0.42412633142979766;0.16954179094066343;0.07458437872411638;0.8482526628595953
785724.0;3440891.537900001;0.42568777495360105;0.16956715657572383;0.07175102980502734;0.8513755499072021
783119.0;4631032.3283;0.4019988300693055;0.172320384881236;0.09656838495371231;0.803997660138611
778271.0;4484166.055700001;0.4056149315741487;0.1774442431634329;0.09350586287575485;0.8112298631482974
776081.0;1594399.0341;0.49291828140380767;0.17975885736269265;0.033247131261404085;0.9858365628076153
773342.0;1346110.2247;0.48929750969088176;0.1826537104639586;0.028069700480082;0.9785950193817635
773236.0;3291541.7055;0.4412444160249969;0.18276574201880863;0.06863671941253867;0.8824888320499938
772988.0;1985686.2063000004;0.48749285438717954;0.18302785358109921;0.041406428712547114;0.9749857087743591
770308.0;2132586.3653000006;0.487344390023378;0.18586034949617508;0.04446965740507517;0.974688780046756
768038.0;1070094.9844000002;0.486190177550693;0.18825951581230277;0.022314105595654516;0.972380355101386
767361.0;2988208.1034000013;0.4619608276523987;0.18897503810129768;0.06231146966682122;0.9239216553047974
761700.0;1225265.1428999999;0.48355713094036235;0.19495815727116497;0.02554978406582775;0.9671142618807247
760048.0;884646.679;0.4869545020919683;0.19670415848448786;0.018447053483873033;0.9739090041839366
758047.0;2725552.6339000002;0.4666378663734962;0.19881901830764712;0.056834458777936955;0.9332757327469924
754064.0;2605257.429;0.4700249583372481;0.20302865682620946;0.05432600864601285;0.9400499166744962
753341.0;2512464.7667000014;0.4753381168528441;0.20379279658240343;0.052391053996893505;0.9506762337056882
750970.0;568381.3145000001;0.47830581918548426;0.20629870994607688;0.011852144767748075;0.9566116383709685
750194.0;2866150.2726000007;0.46387061958514797;0.20711886547969588;0.059766264460785354;0.9277412391702959
749991.0;0.0;0.44874924872373856;0.20733341647624826;0.0;0.8974984974474771
660913.0;0.0;0.4258073319213661;0.3014800848057732;0.0;0.8516146638427322
559363.0;0.0;0.37668909588377897;0.4088084281550094;0.0;0.7533781917675579
490531.0;3580672.5895000002;0.3737515713707814;0.4815570695081815;0.07466580764357864;0.7475031427415628
485403.0;5357410.598499997;0.31912216331382043;0.48697686019941616;0.11171515384798916;0.6382443266276409
471403.0;3767194.9970000004;0.35882879814743723;0.501773480651305;0.07855525741914635;0.7176575962948745
469173.0;5067424.811499997;0.33765562208393485;0.5041303709089987;0.10566823879214006;0.6753112441678697
464272.0;4528056.742999998;0.35368333379883793;0.5093102449686205;0.09442109137916392;0.7073666675976759
464143.0;4621320.084099998;0.33390500506445464;0.5094465852570701;0.09636586083593865;0.6678100101289093
459264.0;5219815.425599996;0.3191998672618061;0.5146032074845533;0.10884595694275885;0.6383997345236122
457761.0;4839513.932099996;0.3177965575982921;0.5161917303802097;0.10091573784272051;0.6355931151965842
440475.0;4422608.355799998;0.3518603222256117;0.534461329032449;0.09222223381869085;0.7037206444512234
439637.0;3941355.6812000005;0.34422988057099596;0.5353470124566406;0.08218693493796889;0.6884597611419919
425792.0;3393498.3532000007;0.3429473862026905;0.5499798131820978;0.07076276563845607;0.685894772405381
413194.0;0.0;0.32955326738840346;0.563294657785876;0.0;0.6591065347768069
289560.0;0.0;0.27187083885578456;0.6939636129965059;0.0;0.5437416777115691
196768.0;0.0;0.20998792714047212;0.7920356133516248;0.0;0.41997585428094425
