939955.0;7151093.7822;0.14848434329422155;0.006560187367490979;0.1491178485150175;0.2969686865884431
939947.0;8541196.079700002;0.14848423292607782;0.006568642579177773;0.17810489163490392;0.29696846585215564
939933.0;9035898.667600002;0.14848319620996056;0.006583439199629662;0.18842065420343293;0.2969663924199211
939925.0;8777554.753799995;0.14848308580090164;0.006591894411316455;0.183033549828058;0.2969661716018033
939922.0;9355648.2429;0.1484801746428272;0.006595065115699003;0.19508821726224906;0.2969603492856544
939746.0;7637105.8995;0.14848060761070603;0.006781079772808462;0.15925239345196116;0.29696121522141206
939723.0;7939902.3214;0.14847627439419486;0.0068053885064079936;0.1655664416726912;0.2969525487883897
938418.0;1.0653031849300003E7;0.14847169524761955;0.008184644912816199;0.2221418482140032;0.2969433904952391
938160.0;7144018.4253;0.15631544991992619;0.008457325489715293;0.14897030996629507;0.31263089983985237
936982.0;1.0966057606900003E7;0.1484620954232119;0.009702355410595649;0.22866920317881745;0.2969241908464238
936147.0;1.0288813013000004E7;0.14847152896739643;0.01058486813040473;0.2145469919707684;0.29694305793479286
934787.0;9949560.417400004;0.14847601447330497;0.012022254117159641;0.20747274309363456;0.29695202894660994
933718.0;7058685.873300002;0.16404734384402986;0.013152081778807435;0.14719091691817018;0.3280946876880597
933551.0;1.1016540789600004E7;0.1484598440624415;0.013328584322769252;0.22972190138411194;0.296919688124883
933473.0;9769299.212500004;0.14847207401445378;0.01341102263671549;0.20371385475234038;0.29694414802890756
933266.0;6516419.602199993;0.22442073152955547;0.013629801239111273;0.1358833348710756;0.44884146305911093
932009.0;6275359.793299999;0.20878336585531854;0.014958326375398717;0.13085664648445655;0.4175667317106371
930265.0;6135320.112599998;0.22591754230381206;0.01680156252311972;0.12793647559469795;0.4518350846076241
926790.0;6020713.002499998;0.24210131507202742;0.020474295099570685;0.12554663619346187;0.48420263014405485
920632.0;5794591.196299997;0.2931202322252894;0.026982694295480055;0.12083144180923995;0.5862404644505788
914592.0;6789322.232499999;0.17574407840037554;0.03336637911900922;0.14157402420110793;0.3514881568007511
912006.0;5383220.809799997;0.2697347870983984;0.036099526296765244;0.11225336007153977;0.5394695741967968
911984.0;5592707.862;0.2675926924816284;0.03612277812890393;0.11662167902626717;0.5351853849632568
908383.0;6925960.5781;0.17272505451593656;0.0399286802894219;0.14442326890983206;0.3454501090318731
906479.0;5369880.563599999;0.30910368239758157;0.04194102067087877;0.11197518321180457;0.6182073647951631
905260.0;5298393.717799997;0.30264516594156526;0.04322938355165395;0.1104845071044159;0.6052903318831305
895530.0;5038873.4883;0.33925577712698857;0.05351303476571665;0.10507287366094323;0.6785115542539771
892546.0;4876293.976700001;0.3529387757924138;0.056666828724890664;0.10168269200191374;0.7058775515848276
882564.0;3679057.7052;0.438727636640986;0.06721681910708736;0.07671737866556734;0.877455273281972
880899.0;3522034.0333000007;0.44277514166761334;0.06897656003940128;0.07344304989394096;0.8855502833352267
877687.0;4047575.2645;0.4360921764023951;0.07237132753164892;0.08440187382903525;0.8721843528047902
875607.0;4801046.166299999;0.3904072904537713;0.07456968257021525;0.10011359055616786;0.7808145809075426
875474.0;3234806.631700001;0.4440154402596293;0.07471025046450819;0.06745365394058875;0.8880308805192586
872565.0;3163460.4694000003;0.44760756975435184;0.07778477681411851;0.06596591142930171;0.8952151395087037
870979.0;4678643.315699999;0.3999575077518535;0.07946102253102534;0.09756119084089497;0.799915015503707
866959.0;3035395.8378000003;0.45091914777122205;0.08370976640363913;0.06329544969062412;0.9018382955424441
862479.0;2964101.8444000003;0.45685024002933766;0.08844468494824353;0.06180879502888352;0.9137004800586753
862138.0;4566814.6546;0.4209019873620952;0.08880508834639311;0.09522928891743611;0.8418039747241904
860889.0;4228540.967500001;0.43396260012217286;0.09012515827099377;0.08817545268399832;0.8679252002443457
856471.0;2830324.5248;0.4608074253133042;0.09479454892502552;0.05901920973096551;0.9216148506266084
853990.0;4464847.188700001;0.4302115512726792;0.09741672144939238;0.09310301710550939;0.8604231025453584
842077.0;2751158.3473000005;0.47185667342600457;0.11000758855248889;0.05736840071859565;0.9437133468520091
840715.0;2304199.8206999986;0.48306055060828473;0.1114470883421655;0.048048218954522895;0.9661211012165695
836556.0;2075418.4499000001;0.48539293083414053;0.11584274151783733;0.043277566123912585;0.9707858616682811
836136.0;2125477.8304;0.4840161733792241;0.11628664013139399;0.044321427013660014;0.9680323467584482
826763.0;1930426.3861999996;0.49301231374846666;0.12619297752393355;0.0402541258993537;0.9860246274969333
822408.0;1837132.2301999999;0.49402986360311046;0.13079578338593179;0.03830871387631846;0.9880597272062209
811796.0;1798409.5988000003;0.49776541525817075;0.14201162168846349;0.03750125201676618;0.9955308305163415
811030.0;1708130.4949999996;0.49694297305002233;0.142821208207474;0.035618711228666146;0.9938859461000447
800399.0;1538717.0280000002;0.4990628600710111;0.15405712763776183;0.032086024834398506;0.9981257201420222
790731.0;1433972.8503;0.4962633534814094;0.16427525096125187;0.029901851769576316;0.9925267069628187
779435.0;1255071.8218;0.4958132328552454;0.17621400986300442;0.02617132644302457;0.9916264657104908
774699.0;904370.5772999997;0.48962766950895026;0.18121949518158623;0.018858345150351518;0.9792553390179005
770857.0;1084209.3417;0.488105191975983;0.18528011059416885;0.02260842457088416;0.976210383951966
762076.0;750895.5586999999;0.4807283924290374;0.19456076232188568;0.015658014505632506;0.9614567848580748
759790.0;746808.5242999999;0.47946101107372663;0.19697683906138694;0.015572789812026632;0.9589220221474533
754622.0;504315.3070000001;0.47671070967252055;0.20243890581105561;0.010516211343811364;0.9534214193450411
754433.0;0.0;0.4464641719087755;0.20263866018715612;0.0;0.892928343817551
733946.0;0.0;0.43965800046798187;0.22429140041557366;0.0;0.8793160009359637
719243.0;0.0;0.433897943183551;0.23983102259443942;0.0;0.867795886367102
705977.0;0.0;0.42455465882930665;0.2538518773740649;0.0;0.8491093176586133
701349.0;0.0;0.4126575497698125;0.258743217334875;0.0;0.825315099539625
684993.0;0.0;0.4052986981903366;0.2760298976285245;0.0;0.8105973963806732
676653.0;0.0;0.39491765612104435;0.28484445581200685;0.0;0.7898353122420887
661126.0;0.0;0.37711266208601135;0.30125496479461233;0.0;0.7542253241720227
656109.0;0.0;0.36969993937306234;0.3065574394236928;0.0;0.7393998787461247
648910.0;0.0;0.362804132280446;0.31416607304034616;0.0;0.725608264560892
637297.0;0.0;0.36186747202394653;0.3264398697051879;0.0;0.7237349440478931
631497.0;0.0;0.34534091747520196;0.3325698981781133;0.0;0.6906818349504039
617809.0;0.0;0.34042562166667173;0.3470367653742171;0.0;0.6808512433333435
616817.0;0.0;0.3333814605549391;0.3480852116233795;0.0;0.6667629211098782
604855.0;0.0;0.32730153060814193;0.36072786689805764;0.0;0.6546030612162839
598205.0;0.0;0.3214482920174456;0.3677562616127048;0.0;0.6428965840348912
582863.0;0.0;0.3060100423338484;0.3839712438250532;0.0;0.6120200846676968
571374.0;0.0;0.30194384681178177;0.39611398470874964;0.0;0.6038876936235635
568168.0;0.0;0.2911835094830337;0.3995024107922322;0.0;0.5823670189660674
562528.0;0.0;0.28408917007115086;0.4054633350314217;0.0;0.5681783401423017
561214.0;0.0;0.28047698776491253;0.4068521035509775;0.0;0.5609539755298251
553163.0;0.0;0.26913311791819955;0.4153612172122744;0.0;0.5382662358363991
536805.0;0.0;0.26554775919278273;0.4326500113088456;0.0;0.5310955183855655
521083.0;0.0;0.26415070956395953;0.44926661607631674;0.0;0.5283014191279191
519584.0;0.0;0.2575364283130839;0.4508509113661297;0.0;0.5150728566261678
513775.0;0.0;0.24498933264689587;0.45699045195220267;0.0;0.48997866529379175
499273.0;0.0;0.24445055110529637;0.4723176369374378;0.0;0.48890110221059274
495976.0;0.0;0.2418592920143147;0.4758022410538576;0.0;0.4837185840286294
488857.0;0.0;0.23292702358266754;0.48332632255364305;0.0;0.4658540471653351
484638.0;0.0;0.2269268442524709;0.4877853898169658;0.0;0.4538536885049418
469192.0;0.0;0.2196074040138407;0.5041102897812425;0.0;0.4392148080276814
455676.0;0.0;0.2149342703664419;0.5183953699260803;0.0;0.4298685407328838
444834.0;0.0;0.20873475856763757;0.5298542955646073;0.0;0.41746951713527514
434125.0;0.0;0.20605930956962518;0.5411726533088415;0.0;0.41211861913925035
431318.0;0.0;0.2037776031380901;0.5441393757094451;0.0;0.4075552062761802
417802.0;0.0;0.199414739263883;0.5584244558542829;0.0;0.398829478527766
404286.0;0.0;0.19547448695143804;0.5727095359991207;0.0;0.3909489739028761
390770.0;0.0;0.19241123732070106;0.5869946161439584;0.0;0.3848224746414021
371683.0;0.0;0.1920333679391406;0.6071676943271871;0.0;0.3840667358782812
358167.0;0.0;0.1873213216103828;0.6214527744720248;0.0;0.3746426432207656
344651.0;0.0;0.18571614036658396;0.6357378546168626;0.0;0.3714322807331679
331135.0;0.0;0.18217013918618735;0.6500229347617005;0.0;0.3643402783723747
317619.0;0.0;0.17970013538055463;0.6643080149065382;0.0;0.35940027076110925
