939955.0;7081254.460499996;0.14848434329422155;0.006560187367490979;0.14766152732684132;0.2969686865884431
939947.0;7567080.464599996;0.14848286927714893;0.006568642579177773;0.15779219134698966;0.29696573855429786
939930.0;7298390.444299997;0.14848028812739744;0.006586609904012209;0.15218934526988703;0.2969605762547949
939874.0;1.133232784970001E7;0.1484801861076651;0.006645796385819765;0.23630683628011448;0.2969603722153302
939779.0;1.2284900046700018E7;0.1484764031097227;0.006746202024600439;0.25617030345005065;0.2969528062194454
939639.0;1.1119339246000007E7;0.1484785426055954;0.006894168229119326;0.23186550138656045;0.2969570852111908
939338.0;1.093663011800001E7;0.14848006360333424;0.007212295568834935;0.2280555678433546;0.2969601272066685
939254.0;1.252117785460001E7;0.1484726560915105;0.007301075291546268;0.26109727538455274;0.296945312183021
939196.0;6621690.1007;0.15149238200882909;0.007362375576275521;0.13807848301575495;0.30298476401765817
939171.0;6879966.068600001;0.1514875229243538;0.007388798112796751;0.143464170552429;0.3029750458487076
939082.0;1.1034219893200006E7;0.14847620981293;0.0074828623428123305;0.23009055406477857;0.29695241962586
938974.0;1.2165914112500012E7;0.1484723770935461;0.007597007700584044;0.25368915482414134;0.2969447541870922
938781.0;1.0675074323300008E7;0.14847658507470649;0.007800989682527939;0.22260148787178682;0.29695317014941297
938546.0;1.0559018933500003E7;0.14847607711025812;0.008049361525827501;0.22018144828586708;0.29695215422051624
938022.0;6521177.965000001;0.15865922884947517;0.008603177891312482;0.1359825584087332;0.31731845769895034
937976.0;1.0465658481100006E7;0.14847595813660708;0.008651795358511544;0.21823465382025273;0.29695191627321416
937972.0;8899557.373799996;0.14847780283782003;0.00865602296435494;0.18557760375347002;0.29695560567564006
937947.0;9110716.861600002;0.14847369863392193;0.00868244550087617;0.1899807970932982;0.29694739726784386
937592.0;8728170.617299998;0.14847736076624526;0.009057645519477638;0.18200376943222796;0.29695472153249053
937119.0;1.2765260392000008E7;0.14846448342345142;0.009557559910459309;0.2661869950757937;0.29692896684690284
936798.0;7731426.023099999;0.14847652399302366;0.009896825279391902;0.16121919941637342;0.2969530479860473
936418.0;7917111.040999998;0.14847626436260106;0.010298447834514597;0.16509118756448607;0.2969525287252021
936068.0;6401513.5199;0.17288703977142403;0.010668363345811817;0.1334872611660272;0.34577407954284806
935939.0;1.2612403561400013E7;0.14846874219125367;0.010804703634261363;0.2629995551674216;0.29693748438250733
935897.0;6199314.610400001;0.17952624663011282;0.010849093495617029;0.1292709178659612;0.35905249326022565
933943.0;6108507.0572;0.19201946370084227;0.012914278950116365;0.12737735761147223;0.38403892740168455
930957.0;6011797.018799999;0.21744656389022202;0.016070186712212074;0.12536071606050989;0.43489312778044403
927859.0;5878254.592000003;0.23249596522055926;0.019344467437922893;0.12257602885371406;0.46499193044111853
924376.0;5738588.257699998;0.25988261435902366;0.023025655226060652;0.11966364315229362;0.5197652287180473
923413.0;5572070.475899999;0.25755157053372757;0.024043451332858432;0.11619133889817854;0.5151031410674551
919364.0;5496529.556400001;0.28231206434097433;0.02832284534783684;0.1146161254086387;0.5646241286819487
917865.0;5399337.817399999;0.28887263465950536;0.02990714063764979;0.11258943921845219;0.5777452693190107
917576.0;5305070.737000001;0.28978083726228876;0.030212585159835208;0.1106237393348862;0.5795616745245775
912917.0;5230269.9202000005;0.31485809571044715;0.03513668906593163;0.10906395880227089;0.6297161914208943
897375.0;5030868.237399998;0.3500012576531;0.05156305157044988;0.10490594454109269;0.7000025153062
895871.0;3962323.630000001;0.41467463082650513;0.05315263136756707;0.08262416810929323;0.8293492616530103
895395.0;4904948.2470999975;0.35784128708918245;0.0536557164629313;0.10228020383478198;0.7156825741783649
895002.0;3786838.0375000006;0.4127996850967774;0.05407107873704503;0.07896486300213343;0.8255993701935548
891566.0;3657207.000200001;0.4212017876400136;0.05770259215652288;0.07626173786188405;0.8424035752800272
889733.0;4795080.061199999;0.36941999278942883;0.05963989253425946;0.09998918262870636;0.7388399855788577
888765.0;3477230.0548;0.42729303192385126;0.060662973148361485;0.07250877702851397;0.8545860638477025
885617.0;3383515.079;0.43320220536625426;0.06399009894711477;0.07055458988028812;0.8664044107325085
884895.0;4685439.699799998;0.393615360432375;0.06475318180184789;0.0977029121223577;0.78723072086475
880695.0;3277857.238000001;0.4413343828623127;0.06919216793741452;0.06835136469425028;0.8826687657246254
878901.0;4583650.8812;0.4011933093633016;0.07108824915817799;0.09558036554489588;0.8023866187266032
875617.0;4482207.5307;0.41017739986120394;0.07455911355560675;0.09346502282482586;0.8203547997224079
872102.0;3035881.0404;0.459499549096499;0.0782741221904917;0.06330556735513942;0.918999098192998
871459.0;3148046.2335;0.45476629200090796;0.07895370982981773;0.06564448679638299;0.9095325840018159
870284.0;2915803.7607000005;0.4644813462484085;0.08019556904631553;0.06080166149825227;0.928962692496817
863594.0;2801873.8194;0.4726945667497594;0.08726623981939668;0.058425942727735505;0.9453891334995188
862831.0;2690412.8444999997;0.47523953723788454;0.08807265563402462;0.05610170796355918;0.9504790744757691
862059.0;2612325.2699999986;0.4744251659313676;0.0888885835618002;0.05447339046978216;0.9488503318627352
859504.0;2492060.6507999985;0.47668900771669526;0.09158896679426991;0.0519655781247363;0.9533780154333905
848347.0;2401705.9979999997;0.4842758320030534;0.10338081639296443;0.050081461954648514;0.9685516640061068
847110.0;2301816.3608;0.4867931078048396;0.10468820350003488;0.04799851796847314;0.9735862156096792
838844.0;2230657.5824;0.48874182846338105;0.11342455097541436;0.04651468287119374;0.9774836569267621
831329.0;2112484.5110000004;0.4915262354893718;0.1213671654536961;0.04405048442879011;0.9830524709787436
828461.0;6363265.135400001;0.179359506307732;0.12439835884341159;0.13268968851776858;0.358719012615464
821520.0;5798873.580299998;0.23530936032141053;0.1317343118831659;0.12092074002124002;0.47061872064282106
801045.0;2015793.3447000005;0.49851535809670516;0.15337436929405324;0.04203423640741008;0.9970307161934103
793830.0;1920903.9930000002;0.4969733491027744;0.1609999133340802;0.04005556064067503;0.9939466982055488
793738.0;1465677.7349000005;0.4977095924193049;0.16109714826847835;0.03056297639232102;0.9954191848386098
792949.0;1759422.5130000005;0.4967504755382399;0.16193104352108836;0.03668827563421092;0.9935009510764798
788873.0;3901666.965399999;0.4118112787169743;0.16623897387550968;0.08135932784866577;0.8236225574339486
787140.0;4503046.4006;0.39812945825491125;0.16807058410716136;0.09389956438442716;0.7962589165098225
786756.0;4047633.1802000003;0.39649424753176704;0.16847643426812745;0.08440308151345981;0.7929884950635341
785676.0;1690348.9365000005;0.49507331801260096;0.16961788784584458;0.0352479221119909;0.9901466360252019
784632.0;1831994.8991999999;0.49404852566771645;0.17072129297097113;0.03820158792200133;0.9880970513354329
783389.0;1389910.3309;0.4947210891287856;0.1720350214868067;0.02898304014534142;0.9894421782575712
782680.0;1570714.0744000003;0.49429576948383863;0.1727843646225488;0.032753241747408325;0.9885915389676773
781970.0;3753419.925399999;0.42044841233974806;0.1735347646597517;0.07826801338310176;0.8408968246794961
780459.0;2167483.7166000004;0.48920640148294187;0.17513174276709484;0.045197352790315636;0.9784128029658837
779201.0;3524407.0324999983;0.4206064235045847;0.17646132480484314;0.07349253274873337;0.8412128470091694
777862.0;3234906.2901999997;0.4319119907964397;0.17787651586092024;0.06745573206479726;0.8638239815928794
777403.0;3623477.771199999;0.4169743133191348;0.17836163363145;0.07555840069225132;0.8339486266382696
776569.0;2253154.52;0.4876116493544571;0.17924308944979825;0.04698379920993325;0.9752232987089142
775638.0;3453321.0485;0.4279401003445524;0.18022706470984884;0.07201021559327417;0.8558802006891048
775554.0;1327466.5156;0.49121437534090845;0.18031584443256019;0.027680933408357686;0.9824287506818169
774903.0;3951836.0581000005;0.40525717087854074;0.181003887283573;0.08240547650693063;0.8105143417570815
771691.0;1001538.3891999999;0.4894654856448914;0.18439865477582063;0.020884532401804726;0.9789309712897828
771548.0;1120596.1110000003;0.4887007324092717;0.18454979168472208;0.02336717797528422;0.9774014648185434
769839.0;1206369.2038999998;0.4879024483952852;0.18635603628131334;0.025155757381914765;0.9758048967905704
768880.0;3342734.4620999997;0.42800851995860656;0.18736960478226772;0.06970421397438406;0.8560170399172131
768401.0;3856504.3930000006;0.4087965779751128;0.1878758605820145;0.0804175774207166;0.8175931559502256
765889.0;896546.7424;0.4863481565660558;0.19053079705166767;0.01869519899915313;0.9726963131321116
765080.0;2983967.6805999978;0.46141248049311395;0.19138583033349468;0.06222304644878086;0.9228249609862279
763352.0;2852685.4045999986;0.46721206839111945;0.19321215605784212;0.05948548893079625;0.9344241367822389
759235.0;2697249.1604999993;0.46891749904418994;0.19756341937215827;0.05624426192309837;0.9378349980883799
758301.0;2763291.164399999;0.46601768732120896;0.1985505653365914;0.05762139971951512;0.9320353746424179
757130.0;2599120.1413999987;0.474400798002273;0.1997881969472458;0.054198031143479174;0.948801596004546
756438.0;798595.0480999999;0.48396000169290837;0.20051957275815346;0.01665266587662944;0.9679200033858167
755589.0;2393105.2629999993;0.4803661045296042;0.20141688209841443;0.0499021155304637;0.9607322090592084
754724.0;726862.5374;0.48281679131761435;0.202331101862049;0.015156867053407505;0.9656335826352287
754071.0;2546418.567899999;0.47518398529482114;0.20302125851598352;0.053099074047819564;0.9503679705896423
753801.0;0.0;0.4479160269907108;0.2033066219104128;0.0;0.8958320539814216
690316.0;0.0;0.42905547819322154;0.27040401115242424;0.0;0.8581109563864431
597892.0;0.0;0.39341240347148326;0.3680870717699506;0.0;0.7868248069429665
503414.0;0.0;0.35388796147881296;0.46794100798806126;0.0;0.7077759229576259
365355.0;0.0;0.3070363330869828;0.6138557667714408;0.0;0.6140726661739656
197167.0;0.0;0.22275238328194422;0.7916139096687459;0.0;0.44550476656388843
