939955.0;6713797.828599997;0.14848434329422155;0.006560187367490979;0.13999915510234429;0.2969686865884431
939944.0;1.1089914833499998E7;0.14848219859241638;0.00657181328356032;0.23125193020158433;0.29696439718483275
939944.0;1.1342870188799998E7;0.14848010688102836;0.00657181328356032;0.23652666991295243;0.2969602137620567
939942.0;7928953.827599996;0.14848285198289782;0.006573927086482019;0.1653381387179739;0.29696570396579564
939941.0;7393779.947999997;0.1484810544046028;0.0065749839879428685;0.15417845043280146;0.2969621088092056
939863.0;1.0646237246199999E7;0.14847884754335144;0.006657422301889105;0.22200016407075954;0.2969576950867029
939706.0;6644396.314599997;0.1496137937807996;0.00682335583124243;0.13855196327874875;0.2992275875615992
938901.0;9149733.0707;0.14847661181329894;0.007674161507226035;0.19079438076810407;0.2969532236265979
938669.0;6581413.641499996;0.15702480355674744;0.00791936264614305;0.13723862003470202;0.3140496071134949
938608.0;6815825.019699996;0.14848188810783683;0.007983833635254851;0.14212667233120965;0.29696377621567366
938098.0;1.0664515674600001E7;0.14847583009671358;0.008522853380287942;0.22238131414377757;0.29695166019342717
937916.0;6546233.480599997;0.16022554306431813;0.008715209446162496;0.1365050273755094;0.32045108612863626
937355.0;6365005.889899997;0.16497051169317956;0.009308131165698898;0.13272598751953504;0.3299410233863591
936277.0;1.0228661054399999E7;0.1484745558541793;0.010447470940494334;0.2132926760683922;0.2969491117083586
936277.0;1.0258413519199999E7;0.14847243793978487;0.010447470940494334;0.21391308794860528;0.29694487587956975
935519.0;9485481.8086;0.14847332674004846;0.011248602247818026;0.19779556561648373;0.2969466534800969
935401.0;6241266.773499996;0.17863238041148297;0.011373316620198233;0.1301457233841875;0.35726476082296593
933768.0;6297118.156699997;0.1695447107849144;0.013099236705764974;0.1313103617392462;0.3390894215698288
933098.0;9713773.354499998;0.14846923993675737;0.013807360684533938;0.2025560043962842;0.29693847987351474
930655.0;5965241.105899998;0.21896050508035775;0.01638937095338853;0.12438991106497467;0.4379210101607155
926874.0;5855840.559099998;0.2510519869913717;0.020385515376859353;0.12210864128135233;0.5021039739827434
924926.0;5753947.3769999975;0.26854485293868546;0.022444359422593593;0.11998391846888956;0.5370897058773709
923472.0;5588460.833999998;0.2724190847097601;0.023981094146668328;0.11653311807360288;0.5448381694195202
921764.0;5541993.193199998;0.28384863698438695;0.02578628184179876;0.11556415376790292;0.5676972739687739
916784.0;5420245.396299999;0.2999604738440057;0.031049651116827774;0.1130254135292613;0.5999209476880114
913139.0;5290160.048199997;0.3156100888096018;0.03490205694162311;0.1103128148943107;0.6312201776192036
911677.0;5235062.519999999;0.32504088254693786;0.03644724687738463;0.10916389626536893;0.6500817650938757
907863.0;5169926.776199997;0.33356314733979325;0.04047826904906348;0.1078056562152862;0.6671262946795865
903990.0;5108927.1392;0.34319976122895773;0.04457164840693243;0.10653366413873448;0.6863995224579155
895286.0;5102179.919299998;0.3825339431879109;0.05377091872216386;0.10639296805145196;0.7650678863758218
895080.0;4983425.870000001;0.3777554032134183;0.05398864042309879;0.10391665479457085;0.7555108064268365
892136.0;4946476.598600002;0.37301242867241624;0.057100158323838836;0.10314617184144836;0.7460248573448325
889110.0;3932618.3201;0.4211535448250914;0.060298342144368515;0.08200473952442615;0.8423070896501827
888191.0;4727458.352799999;0.3974610143627396;0.06126963458688892;0.098579104118113;0.7949220287254792
885073.0;4531832.778300001;0.41905823516583995;0.06456505334181672;0.09449983097858784;0.8381164703316799
884302.0;3690527.3780999994;0.43183179113326425;0.06537992436813146;0.07695654948308285;0.8636635822665285
877130.0;4337048.235300001;0.4165867293750847;0.07296002164534192;0.09043809540906701;0.8331734587501693
874794.0;3285874.8928999994;0.44872072486917214;0.07542894345788564;0.06851855246793039;0.8974414497383443
873363.0;3102048.4284999995;0.45105403347288;0.07694136944836086;0.06468531971972032;0.90210806694576
867833.0;2986810.0287999995;0.457838224236878;0.08278603452685693;0.062282316381636414;0.915676448473756
864394.0;2825699.1579;0.47171008875113646;0.08642071865071732;0.05892275948409036;0.9434201775022729
859974.0;2567628.3487;0.4753035584542929;0.09109222310767078;0.05354135000960932;0.9506071169085858
856713.0;2936291.2944000005;0.46539921897455755;0.09453877877150002;0.06122887683618105;0.9307984379491151
846698.0;2352945.1986000007;0.48416071504461317;0.10512364690190475;0.04906467966653213;0.9683214300892263
846065.0;2281206.8737000003;0.4865216454292494;0.1057926655266223;0.04756875960297671;0.9730432908584988
832476.0;2186702.8292999994;0.4899836490272488;0.12015489947810205;0.04559811843868752;0.9799672980544976
826564.0;1988881.722200001;0.49515318700608485;0.12640330091464252;0.04147306305834324;0.9903063740121697
809602.0;1665659.7252999996;0.4995610759039454;0.14433046349356665;0.03473309149057729;0.9991221518078908
800144.0;1748688.628;0.49816621890210666;0.15432663751027836;0.03646444779945481;0.9963324378042133
798056.0;1915702.2720999995;0.49801246583899894;0.1565334477605315;0.03994709199898074;0.9960249316779979
789468.0;1381520.8236999996;0.4961762817623993;0.16561011750630442;0.028808098338973385;0.9923525635247986
783416.0;1451222.0857999998;0.492295802448915;0.17200648514736377;0.03026154064579988;0.98459160489783
776748.0;1255375.6109000002;0.49618467503093727;0.17905390408830624;0.026177661191018938;0.9923693500618745
768698.0;1012996.4977000004;0.49127606631373827;0.18756196084814228;0.021123462073210333;0.9825521326274765
760892.0;818604.3278000002;0.48819402696908154;0.19581213365153113;0.017069908445399292;0.9763880539381631
758355.0;729627.3461000001;0.4856474548219051;0.19849349265770555;0.015214520097467118;0.9712949096438102
755894.0;0.0;0.4471824781921552;0.20109452715285542;0.0;0.8943649563843104
736166.0;0.0;0.4407669711724641;0.22194507917248843;0.0;0.8815339423449282
727157.0;0.0;0.4312934301111226;0.23146670443327888;0.0;0.8625868602222452
718473.0;0.0;0.42625170408047053;0.24064483671929332;0.0;0.8525034081609411
700709.0;0.0;0.4142473373484098;0.2594196342698185;0.0;0.8284946746968196
700055.0;0.0;0.41155168996064284;0.2601108478252139;0.0;0.8231033799212857
693413.0;0.0;0.40475856261772397;0.26713078732817425;0.0;0.8095171252354479
686479.0;0.0;0.39924077911824274;0.2744593420577026;0.0;0.7984815582364855
675928.0;0.0;0.39544007953274773;0.2856107093711225;0.0;0.7908801590654955
666748.0;0.0;0.3875324725217335;0.29531306478171815;0.0;0.775064945043467
656455.0;0.0;0.38294356243902045;0.30619175151823896;0.0;0.7658871248780409
651326.0;0.0;0.36726610487919475;0.3116125991109345;0.0;0.7345322097583895
644351.0;0.0;0.36134057846492174;0.3189844868003577;0.0;0.7226811569298435
640380.0;0.0;0.35540843843429576;0.3231814425013898;0.0;0.7108168768685915
630548.0;0.0;0.3500894808996612;0.33357289766445913;0.0;0.7001789617993224
621049.0;0.0;0.337666127069692;0.3436124046410657;0.0;0.675332254139384
615293.0;0.0;0.33351350170981114;0.34969592944971367;0.0;0.6670270034196223
608001.0;0.0;0.3220515001822113;0.35740285490222606;0.0;0.6441030003644226
597321.0;0.0;0.31774982891700143;0.3686905625040955;0.0;0.6354996578340029
591519.0;0.0;0.31099776016283287;0.37482270477994256;0.0;0.6219955203256657
579236.0;0.0;0.30514157444486467;0.38780462542355326;0.0;0.6102831488897293
569645.0;0.0;0.29386757058313917;0.3979413673345579;0.0;0.5877351411662783
566745.0;0.0;0.29194037951890994;0.4010063815710206;0.0;0.5838807590378199
549706.0;0.0;0.2905583939480163;0.4190149255624301;0.0;0.5811167878960326
546667.0;0.0;0.28035084272662936;0.42222684910195085;0.0;0.5607016854532587
533979.0;0.0;0.2761494245430685;0.43563681483720545;0.0;0.552298849086137
521084.0;0.0;0.2624929042772742;0.4492655591748559;0.0;0.5249858085545483
511654.0;0.0;0.26181228556665986;0.45923213995066386;0.0;0.5236245711333197
499560.0;0.0;0.24758481152116746;0.47201430621817403;0.0;0.4951696230423349
485999.0;0.0;0.2434548561539023;0.48634694692875;0.0;0.4869097123078046
479279.0;0.0;0.23959357323032932;0.49344932474565667;0.0;0.47918714646065863
466749.0;0.0;0.23565466678640914;0.5066923000500971;0.0;0.4713093335728183
462444.0;0.0;0.22967215663129237;0.5112422608390529;0.0;0.45934431326258474
454195.0;0.0;0.2247463624572885;0.5199606409895979;0.0;0.449492724914577
440679.0;0.0;0.22035318530916392;0.5342457211344358;0.0;0.44070637061832785
431991.0;0.0;0.21606842686628372;0.5434280810262936;0.0;0.43213685373256744
412853.0;0.0;0.21008641631914252;0.5636550611840255;0.0;0.42017283263828503
392579.0;0.0;0.20385479902947823;0.5850826814012823;0.0;0.40770959805895646
379063.0;0.0;0.19884716630158933;0.59936776154612;0.0;0.39769433260317866
358789.0;0.0;0.19335723868413704;0.6207953817633767;0.0;0.3867144773682741
345273.0;0.0;0.1900901003064679;0.6350804619082144;0.0;0.3801802006129358
327806.0;0.0;0.18816801984373074;0.6535413597248674;0.0;0.3763360396874615
321048.0;0.0;0.18654604305917552;0.6606838997972863;0.0;0.37309208611835104
294016.0;0.0;0.18303634739526434;0.6892540600869619;0.0;0.3660726947905287
