939955.0;6907102.9767;0.14848434329422155;0.006560187367490979;0.1440300416589294;0.2969686865884431
939942.0;7519562.5037;0.14848381381685952;0.006573927086482019;0.15680132529054588;0.29696762763371903
939907.0;1.00735381828E7;0.14848265900976299;0.006610918637611741;0.21005798364608883;0.29696531801952597
939879.0;8165097.828500002;0.148481739896326;0.006640511878515518;0.17026232044826917;0.296963479792652
939778.0;7250661.774499998;0.14848011719082804;0.0067472589260612875;0.1511940854159644;0.2969602343816561
939743.0;9876205.293699998;0.1484800421992892;0.006784250477191009;0.20594310880874722;0.2969600843985784
939249.0;9961612.6114;0.14847704115625165;0.007306359798850514;0.20772406090513335;0.2969540823125033
939046.0;9665508.1217;0.1484792705507654;0.007520910795402901;0.20154955588750828;0.2969585411015308
939044.0;9204160.5474;0.14847635251308;0.0075230245983246;0.19192932717949185;0.29695270502616
938813.0;7832396.567099998;0.14848004406459858;0.0077671688357807646;0.16332468296102337;0.29696008812919716
938601.0;8274585.2741;0.1484779098263674;0.007991231945480796;0.17254540228505275;0.2969558196527348
938111.0;1.1275292231400006E7;0.14847401712767364;0.008509113661296903;0.23511750371803977;0.29694803425534727
937941.0;6750801.600500002;0.16373416512341846;0.008688786909641267;0.14077077452459325;0.3274683302468369
937811.0;6681100.214600002;0.17079423596391724;0.008826184099551663;0.13931732963623306;0.3415884719278345
937535.0;9508391.401199998;0.14847399879593112;0.009117888902746042;0.1982732868243038;0.29694799759186224
936777.0;6582963.3638;0.18367246802194112;0.009919020210069735;0.137270935546456;0.36734493604388224
936359.0;6499806.913300001;0.17988047533102017;0.010360805020704699;0.1355369195530466;0.35976095066204034
935850.0;1.1129160216700006E7;0.14847030104946968;0.010898767864276942;0.2320702927185883;0.29694060209893935
935690.0;1.0901775507400004E7;0.14846826698283286;0.011067872098012814;0.22732876370656105;0.2969365339656657
935439.0;1.06331241982E7;0.14847007957981875;0.011333154364685964;0.2217267248508599;0.2969401591596375
935137.0;6362234.3169;0.19619434376722864;0.011652338605862421;0.13266819342322622;0.39238868753445727
934812.0;1.07447341828E7;0.14846746541048825;0.01199583158063841;0.22405406683283377;0.2969349308209765
934296.0;1.1026765230900003E7;0.14846740342298528;0.012541192734436598;0.22993510606794912;0.29693480684597057
934091.0;1.04979538474E7;0.1484679024151213;0.012757857533910684;0.21890809143501969;0.2969358048302426
930777.0;9407003.830399998;0.14847571204468615;0.01626042897516493;0.19615910724781827;0.2969514240893723
930403.0;6217409.894199999;0.2029402234249667;0.01665571012152253;0.12964824892477642;0.4058804468499334
929700.0;6050205.896300002;0.2029402234249667;0.017398711848499518;0.12616163538154213;0.4058804468499334
927448.0;5923987.209;0.21904001313213417;0.019778853938331915;0.12352966611001401;0.43808002626426834
926545.0;5788352.337099999;0.22409372943553096;0.02073323595747874;0.12070134628966958;0.44818745887106193
923997.0;5631906.883900002;0.23061629976239362;0.0234262208797225;0.11743907479643187;0.46123259952478723
920235.0;5484478.282500001;0.26516161689625983;0.027402284175437188;0.11436482678348203;0.5303232337925197
911191.0;5378398.3104;0.30553934822584977;0.03696090098735735;0.11215279912843165;0.6110786964516995
908286.0;5268858.819900001;0.2997565951323554;0.04003119973112427;0.10986863202780586;0.5995131902647108
907950.0;5098357.147600002;0.3055849300959351;0.0403863186219696;0.10631325388343384;0.6111698601918703
907456.0;5182683.5695;0.3048103670478736;0.0409084279436291;0.10807166665072228;0.6096207340957472
904043.0;4999770.778200001;0.32101480141459443;0.04451563262950742;0.10425748622808195;0.6420296028291889
902647.0;4902098.998900002;0.3309574342774551;0.0459910670688529;0.10222079001999938;0.6619148685549102
898740.0;4803512.629500002;0.344504982141507;0.050120381076390726;0.10016502236464749;0.689009964283014
896970.0;4077910.3455000017;0.4056379154317979;0.051991096662093804;0.0850344346863;0.8112758308635958
893344.0;3902048.7719000005;0.41431696738745943;0.055823421359133;0.08136728945084346;0.8286339347749189
892304.0;4708190.245900002;0.3581530395834913;0.05692259887841617;0.09817731682047798;0.7163060791669826
891904.0;4587928.2863000035;0.36001476525800913;0.057345359462755846;0.0956695599346167;0.7200295305160183
891741.0;3781575.686800001;0.4192584587826585;0.05751763440087427;0.07885513008037136;0.838516917565317
889811.0;4492800.484800003;0.36693944264612127;0.05955745422031322;0.09368591190458349;0.7338788852922425
886049.0;3677862.322700001;0.43005721292267274;0.06353351751602791;0.07669245200791447;0.8601144258453455
885608.0;4379479.590600001;0.3801199986536861;0.0639996110602624;0.09132289326022394;0.7602399973073722
882772.0;3612931.9868000024;0.42721456085135123;0.06699698360323074;0.07533849521645614;0.8544291217027025
881194.0;3505673.2627000017;0.434552693325293;0.06866477410845077;0.07310188769047604;0.869105386650586
880679.0;3213029.8474000013;0.4357742296213456;0.06920907836078811;0.06699955456484366;0.8715484592426912
879748.0;4276334.353600001;0.4041215450949867;0.07019305362083872;0.08917206203153885;0.8082430901899734
876219.0;3324665.8660000013;0.4356099476476156;0.07392285887617554;0.06932743941958447;0.8712198952952313
872331.0;3028421.189000001;0.4523491617108086;0.07803209175595723;0.06315001115284512;0.9046983234216172
868629.0;3118169.221000001;0.4410705399272576;0.08194474096402096;0.06502147779108289;0.8821410798545152
862733.0;2866834.7132000024;0.45590721386027816;0.08817623197718784;0.05978053672637396;0.9118144277205563
860428.0;2673401.3676000005;0.4726526784035281;0.09061238984444524;0.05574697693741811;0.9453053568070562
856798.0;2445574.7767000003;0.4748818929875379;0.09444894214732784;0.05099623361000122;0.9497637859750758
855946.0;2558530.9189;0.47376887009705004;0.09534942219197136;0.053351646280346374;0.9475377401941001
853626.0;2808219.9722000025;0.45794264528737677;0.09780143358114149;0.05855827558208003;0.9158852905747535
844387.0;2344156.4335000003;0.48047025644675107;0.10756614617792724;0.04888141235348442;0.9609405128935021
844201.0;2127203.9971999996;0.4855211368891005;0.1077627298496452;0.04435742182609482;0.971042273778201
843056.0;2229248.4466000004;0.4846952366622345;0.10897288202231753;0.0464852989328535;0.969390473324469
838624.0;2016711.8000999996;0.4880722715868699;0.11365706929680118;0.04205338845566678;0.9761445431737398
832369.0;1917712.2637999998;0.49140158661999167;0.12026798793441293;0.0399890052568635;0.9828031732399833
830901.0;6115101.1061;0.19632234342327942;0.12181951927893955;0.12751485970764365;0.39264468684655884
829775.0;5865910.8044;0.20359189892237098;0.12300959032385575;0.12231863060031392;0.40718379784474196
827877.0;6248188.790000002;0.1927110859970446;0.12501558929654752;0.13029006440939342;0.3854221719940892
819857.0;6874859.775599999;0.1533290732457604;0.1334919390125581;0.14335769181655467;0.3066581464915208
818133.0;5731266.1217;0.21990843024032805;0.13531403713106213;0.11951095865393452;0.4398168604806561
812225.0;6518498.888700001;0.17233273338629057;0.1415582109617592;0.1359266930955334;0.34466546677258114
810603.0;5453443.933600001;0.25356027459941843;0.14327250513125658;0.11371768447504924;0.5071205491988369
801699.0;1643757.5621999993;0.4994448902841738;0.15268315573865787;0.034276377659271294;0.9988897805683477
801315.0;1539908.2327999994;0.4988205664525535;0.15308900589962396;0.03211086437675758;0.997641132905107
799954.0;5325949.386800002;0.27918283068568417;0.15452744878783972;0.11105911040299112;0.5583656613713683
798343.0;6642885.408199997;0.17182156659463974;0.15623011704126777;0.13852045717373354;0.34364313318927947
797013.0;1286611.8013999998;0.4966211207737984;0.15763579598419722;0.02682901239197217;0.9932422415475968
796883.0;6409389.194899999;0.18670044123968843;0.1577731931741076;0.13365148831048537;0.37340088247937686
786480.0;1813827.7736999996;0.49479147725076056;0.16876813907132182;0.037822758787498086;0.9895829545015211
781503.0;3393481.600299999;0.4317137267980298;0.1740283376419683;0.0707624162993926;0.8634274535960595
772965.0;1418575.5062;0.49254263309009333;0.18305216231469876;0.029580779372126782;0.9850852661801867
771937.0;3786735.6082000015;0.4141095813877181;0.18413865701645174;0.07896272709994756;0.8282191627754362
770631.0;3270586.078599999;0.43488721381572887;0.18551897032432077;0.06819974318305756;0.8697744276314577
765380.0;4007137.9447000003;0.40591434397005116;0.19106875989523991;0.0835586565098471;0.8118286879401023
765343.0;915549.1336000001;0.48737649418146417;0.19110786524929135;0.01909144547258603;0.9747529883629283
764212.0;4093720.767500001;0.4041691409568883;0.1923032208015118;0.08536412077133258;0.8083382819137765
761514.0;1108792.9245999998;0.48255044765796395;0.19515474094288293;0.02312105258311403;0.9651008953159279
756273.0;714202.9971;0.4808070621957272;0.20069396149919358;0.014892884581603814;0.9616141243914544
754893.0;3716550.5074;0.4212128756661384;0.2021524855151655;0.07749919556926665;0.8424257513322768
754028.0;489920.00250000006;0.4750258604764318;0.20306670527880002;0.010216033930238393;0.9500517209528636
753800.0;3007745.426699999;0.44754488720079366;0.20330767881187364;0.06271887078684145;0.8950897744015873
753208.0;0.0;0.44707543039482756;0.20393336447669638;0.0;0.8941508607896551
752590.0;3595404.0985999997;0.4258227893473544;0.2045865295795012;0.0749729957478431;0.8516455786947088
750403.0;3526023.0579999997;0.42549314874314653;0.20689797307437838;0.07352623084486315;0.8509862974862931
749676.0;3453927.794600001;0.4315148203275677;0.20766634043641574;0.0720228677379366;0.8630296406551354
668766.0;0.0;0.4240710541211038;0.29318023763372447;0.0;0.8481421082422076
602189.0;0.0;0.415527124157527;0.3635455661926816;0.0;0.831054248315054
520216.0;0.0;0.3982849182979;0.450182949642873;0.0;0.7965698365958
459866.0;0.0;0.3612351118199658;0.5139669528051222;0.0;0.7224702236399316
372019.0;0.0;0.3172732796989119;0.6068125754363418;0.0;0.6345465593978238
285109.0;0.0;0.2692121092368882;0.6986678813987457;0.0;0.5384242184737764
180927.0;0.0;0.21850519702433774;0.808777989392937;0.0;0.4370103940486755
