939955.0;6924994.5233999975;0.14848434329422155;0.006560187367490979;0.14440312429939908;0.2969686865884431
939930.0;7670865.721200006;0.14848028812739744;0.006586609904012209;0.15995636855443937;0.2969605762547949
939745.0;8399322.652299998;0.14848004486970764;0.006782136674269311;0.17514648262787905;0.2969600897394153
939660.0;8219761.815699999;0.1484776764661195;0.006871973298441493;0.1714021986837925;0.296955352932239
939398.0;7237462.818999998;0.14848008298938295;0.0071488814811839834;0.15091885481394032;0.2969601659787659
938904.0;1.0816440495300006E7;0.14847697899832824;0.007670990802843488;0.22554931935931605;0.29695395799665647
938779.0;6685416.031700001;0.15344788804097748;0.0078031034854496376;0.1394073250103866;0.30689577608195495
937785.0;1.1839356528400004E7;0.14847511321349824;0.008853663537533741;0.2468796280803494;0.2969502264269965
937168.0;1.1711251327500004E7;0.1484676526695485;0.009505771738877698;0.2442083203722417;0.296935305339097
937022.0;1.05309418501E7;0.14847741491677152;0.00966007935216168;0.21959597221791136;0.29695482983354304
936984.0;6627277.714900001;0.16098398262201183;0.00970024160767395;0.1381949984794327;0.32196796524402366
936871.0;1.1302594399000008E7;0.1484738792139384;0.009819671472749909;0.23568682089053197;0.2969477584278768
936859.0;1.1323859631600004E7;0.1484705015561734;0.0098323542902801;0.2361302531583867;0.2969410031123468
934463.0;6497981.803499999;0.16571643940814654;0.012364690190474781;0.13549886153633348;0.3314328788162931
932668.0;6439843.486699999;0.172663909009006;0.014261828312699093;0.13428653500537957;0.345327818018012
931686.0;6410130.4528;0.18102737488780182;0.015299705547253007;0.1336669453561639;0.36205474977560365
929720.0;6274235.199199996;0.22512542243800956;0.017377573819282535;0.13083319593860263;0.45025084487601913
923012.0;6004344.044699999;0.2534118995408384;0.02446726881865896;0.12520530326679202;0.5068237990816769
921407.0;5916839.855099997;0.2657057848694962;0.026163595663321926;0.12338062624721752;0.5314115697389924
920332.0;5804634.037199999;0.2699000004052503;0.027299764733734817;0.12104085967923274;0.5398000008105006
917259.0;6113691.772899996;0.23186146365855706;0.030547622922924404;0.12748547165302904;0.4637229273171141
915683.0;5622771.294300002;0.2872245936010263;0.03221329962522274;0.11724857534172481;0.5744491872020526
912041.0;5436229.672200004;0.3094848686659142;0.036062534745635526;0.11335872489460964;0.6189697373318284
909934.0;5360089.502300001;0.31630475354840626;0.03828942612364479;0.11177101556414085;0.6326095070968125
906665.0;5179367.609200002;0.3343457128015342;0.04174443699916082;0.10800252074371043;0.6686914256030684
901173.0;5072383.019500003;0.3486268647201103;0.04754893982214462;0.10577162959248046;0.6972537294402206
899523.0;4993149.507900003;0.35360846687736924;0.0492928272325458;0.10411941649894069;0.7072169337547385
896049.0;4860353.437300002;0.36692788644007635;0.05296450290753592;0.10135029264988546;0.7338557728801527
889592.0;4293576.216200001;0.4146895573630933;0.0597889156402392;0.08953159716471012;0.8293791147261866
888240.0;3923464.3362000007;0.41974636464083603;0.061217846415307316;0.08181385650343896;0.8394927292816721
883293.0;3744681.8743999996;0.42741545374473905;0.0664463379421283;0.07808580358345156;0.8548309074894781
882469.0;4849746.677200003;0.38549920147493844;0.06731722474586804;0.10112911568115883;0.7709984029498769
879588.0;4765618.462000001;0.3987925495565373;0.07036215785457459;0.09937483600980858;0.7975850991130746
879135.0;3629309.614200001;0.4465683143929147;0.07084093421633927;0.07568000892555436;0.8931366287858294
878115.0;4616844.331100002;0.3971630780521102;0.07191897370640546;0.09627253040591334;0.7943261561042204
876347.0;3315083.4172000014;0.44602180213312276;0.07378757548918684;0.06912762185431662;0.8920436042662455
872140.0;3256959.6634999993;0.4514264492812875;0.07823395993497942;0.06791559899972406;0.902852898562575
869770.0;3242310.0646000006;0.45598750738596316;0.08073881639719202;0.06761011892407279;0.9119750147719263
866128.0;3086475.2035;0.45645658214034635;0.0845880515176048;0.06436057977403248;0.9129131642806927
860685.0;2955958.5548;0.46262601833301265;0.090340766169007;0.061638987463499696;0.9252520366660253
859554.0;2843490.9148999993;0.46386533067994695;0.09153612172122744;0.059293761264509706;0.9277306613598939
856437.0;2749096.6617000005;0.46841662659294697;0.0948304835746944;0.05732540951608176;0.9368332531858939
852631.0;2587808.5322000002;0.47938766365807783;0.09885305053468645;0.0539621563418726;0.9587753273161557
851576.0;2372270.6966999993;0.4793413136654145;0.09996808157588236;0.049467663711480044;0.958682627330829
851069.0;2689361.2863;0.47701194845071354;0.1005039306165329;0.05607978039539295;0.9540238969014271
845178.0;2272519.1336999997;0.48348724462423653;0.10673013712239553;0.04738759891110009;0.9669744892484731
833606.0;2098732.2271;0.49066346563280594;0.11896060082734246;0.043763715572193614;0.9813269312656119
818687.0;1713740.6014000003;0.4955103397615484;0.13472851372175165;0.035735695709892046;0.9910206795230968
799455.0;1367190.8238;0.49673499376830704;0.15505484261680347;0.028509282686516514;0.9934699875366141
796056.0;1354225.8212999997;0.49533304901700836;0.1586472506822299;0.028238930578478982;0.9906660980340167
785140.0;1263149.1433999995;0.4954168500764296;0.17018438702885974;0.026339758413774818;0.9908337001528592
784826.0;1511138.9838;0.49376019876985033;0.1705162540875664;0.03151095495801228;0.9875203975397007
770834.0;1014981.3813000001;0.49251479651774405;0.1853044193277684;0.021164851765612554;0.9850295930354881
766736.0;720194.8887;0.4847162635525123;0.1896356015143284;0.015017830220850112;0.9694325271050246
759324.0;518609.0214000001;0.4770369732189723;0.19746935514214267;0.010814270354577183;0.9540739464379446
757047.0;490914.2594000001;0.4773195038136872;0.1998759197684963;0.010236766625727334;0.9546390076273744
756269.0;0.0;0.44932395094675814;0.20069818910503698;0.0;0.8986479018935163
745786.0;0.0;0.44270734895558567;0.21177768711911912;0.0;0.8854146979111713
724462.0;0.0;0.4356976400215886;0.23431505387026746;0.0;0.8713952800431772
722003.0;0.0;0.4311144045898203;0.23691397456249563;0.0;0.8622288091796406
709547.0;0.0;0.4214985083572836;0.2500787391588333;0.0;0.8429970167145672
695942.0;0.0;0.40444161990168315;0.2644578835336866;0.0;0.8088832398033663
684258.0;0.0;0.4029537126197904;0.27680672020224867;0.0;0.8059074252395808
675021.0;0.0;0.3910068464242871;0.2865693189961127;0.0;0.7820136928485742
665922.0;0.0;0.3746519858528337;0.2961860653883796;0.0;0.7493039717056674
664109.0;0.0;0.37243643932300574;0.29810222773689915;0.0;0.7448728786460115
651490.0;0.0;0.3656315505542408;0.31143926727135524;0.0;0.7312631011084816
641633.0;0.0;0.36137465152154136;0.32185714497094575;0.0;0.7227493030430827
628749.0;0.0;0.34652569286921475;0.33547426339252684;0.0;0.6930513857384295
623343.0;0.0;0.343884669351625;0.34118787268987766;0.0;0.68776933870325
620370.0;0.0;0.33828511879783646;0.3443300407329823;0.0;0.6765702375956729
615974.0;0.0;0.3283961132647652;0.34897617955487537;0.0;0.6567922265295304
610470.0;0.0;0.3246400354230713;0.3547933651953894;0.0;0.6492800708461426
605038.0;0.0;0.3218614398876831;0.3605344539307222;0.0;0.6437228797753662
602171.0;0.0;0.316078940888298;0.3635645904189769;0.0;0.632157881776596
593739.0;0.0;0.30682567037503544;0.3724763835368573;0.0;0.6136513407500709
584057.0;0.0;0.30200192254448044;0.3827093034807993;0.0;0.6040038450889609
580490.0;0.0;0.29363277563448903;0.38647927099164836;0.0;0.5872655512689781
575696.0;0.0;0.29212676828357764;0.39154605659495945;0.0;0.5842535365671553
561484.0;0.0;0.2844145690008124;0.40656674015654826;0.0;0.5688291380016248
556240.0;0.0;0.27641557651352616;0.4121091314172414;0.0;0.5528311530270523
547094.0;0.0;0.2701746689457759;0.4217755521781682;0.0;0.5403493378915518
535870.0;0.0;0.2649702545532552;0.43363821417473963;0.0;0.5299405091065104
520934.0;0.0;0.2513017710015616;0.4494240943939833;0.0;0.5026035420031232
507418.0;0.0;0.24735665681695573;0.46370917453882105;0.0;0.49471331363391147
491446.0;0.0;0.24372172009957208;0.4805900046715045;0.0;0.48744344019914415
490040.0;0.0;0.23925332362646987;0.4820760081254584;0.0;0.47850664725293973
476524.0;0.0;0.23548735684487745;0.4963610882702962;0.0;0.4709747136897549
467835.0;0.0;0.22549284786675747;0.5055445050636149;0.0;0.45098569573351494
461018.0;0.0;0.22174355587203565;0.5127494023222239;0.0;0.4434871117440713
443877.0;0.0;0.21377303215102644;0.53086575026264;0.0;0.4275460643020529
440493.0;0.0;0.21016932554676668;0.5344423048061537;0.0;0.42033865109353336
423603.0;0.0;0.2083164288228624;0.5522933704798967;0.0;0.4166328576457248
416845.0;0.0;0.2058931139149901;0.5594359105523156;0.0;0.4117862278299802
410087.0;0.0;0.20150427967423334;0.5665784506247344;0.0;0.4030085593484667
403329.0;0.0;0.19899133410612022;0.5737209906971533;0.0;0.39798266821224043
390583.0;0.0;0.19833094835814197;0.5871922567171373;0.0;0.39666189671628393
381736.0;0.0;0.18985170253078298;0.5965426639412701;0.0;0.37970340506156597
368220.0;0.0;0.18680614384467514;0.6108277440861078;0.0;0.3736122876893503
354704.0;0.0;0.18246131334716564;0.6251128242309456;0.0;0.3649226266943313
