939955.0;7424217.177299995;0.14848434329422155;0.006560187367490979;0.15481314133271268;0.2969686865884431
939947.0;8191644.452099997;0.14848421118983504;0.006568642579177773;0.17081588267485087;0.2969684223796701
939947.0;1.1144637899900015E7;0.14848286927714893;0.006568642579177773;0.23239304038336195;0.29696573855429786
939721.0;9200076.588400003;0.1484838434431666;0.006807502309329692;0.19184416661552064;0.2969676868863332
939678.0;9426214.798800007;0.14848375494415553;0.006852949072146208;0.19655970306755566;0.29696750988831105
939563.0;6850793.773099998;0.14989219100338255;0.006974492740143865;0.14285585662539974;0.2997843820067651
939555.0;7071684.903399998;0.14989205379253237;0.006982947951830659;0.1474619785851446;0.29978410758506474
939162.0;9072923.745300008;0.14847675114387482;0.007398310225944394;0.18919271790387956;0.29695350228774964
937948.0;6700195.513999994;0.17843629318367613;0.008681388599415323;0.1397155134735594;0.35687258636735225
937341.0;8963705.930000002;0.14848051136747129;0.009322927786150787;0.18691525852031138;0.29696102273494257
937062.0;7946470.433199998;0.1484803296670542;0.009617803293727713;0.16570340291669833;0.2969606593341084
937054.0;8751441.512100002;0.14848032510357165;0.009626258505414506;0.1824890246772694;0.2969606502071433
936931.0;8350995.636499995;0.1484802594775597;0.009756257385098957;0.17413874579198613;0.2969605189551194
936931.0;8435127.352999995;0.1484764342002408;0.009756257385098957;0.17589309847403076;0.2969528684004816
935820.0;1.01856644914E7;0.1484760776975065;0.010930474908102419;0.2123960922501154;0.296952155395013
935429.0;9980394.887300003;0.1484748552191532;0.011343723379294455;0.20811571743457158;0.2969497104383064
935399.0;6597732.555299998;0.17880840650318766;0.01137543042311993;0.13757890942120338;0.3576168130063753
934712.0;6364917.173999999;0.19203054889031537;0.012101521726723331;0.1327241375753811;0.38406109778063074
931477.0;6258095.6563;0.20940793512794145;0.01552059795257049;0.13049664687540144;0.4188158702558829
931073.0;6120945.953799995;0.21885595320693896;0.015947586142753566;0.1276367391208448;0.4377119064138779
929632.0;5952671.107599998;0.22470953638584126;0.017470581147837262;0.12412779576353657;0.4494190727716825
924846.0;5808418.239099995;0.24748097423349155;0.02252891153946153;0.1211197695723009;0.4949619484669831
923228.0;5680550.103699997;0.26087950338667676;0.024238978103115535;0.11845340526144038;0.5217590067733535
922974.0;5578561.542099997;0.2693684507643915;0.02450743107417123;0.11632669355241641;0.538736901528783
919863.0;5472807.658499998;0.2865119179477801;0.02779545151887309;0.1141214656425556;0.5730238358955602
918346.0;5361006.196399999;0.2865971802176563;0.029398771034981324;0.11179013088497168;0.5731943604353126
916414.0;5251606.201499999;0.29008428647485074;0.03144070465734198;0.10950887260981826;0.5801685729497015
912566.0;5137844.8895;0.30019435111631865;0.035507661478689695;0.1071366701738901;0.6003887022326373
906063.0;5046225.3593000015;0.333049097081028;0.042380691678592035;0.10522617820699867;0.666098194162056
901548.0;4958335.3571;0.3249582153203762;0.047152601774326175;0.10339345604823369;0.6499164306407524
899358.0;4865721.4885;0.341117078101367;0.04946721597358592;0.10146222968637834;0.682234156202734
895388.0;4754523.504300001;0.35383552356318254;0.05366311477315724;0.09914347892346925;0.7076710471263651
889595.0;4664890.757000002;0.38027656911361607;0.05978574493585665;0.09727441625404441;0.7605531382272321
889533.0;4110355.7942999997;0.4209651294405076;0.059851272826429304;0.08571100188937636;0.8419302588810152
887847.0;3842985.8304;0.4272429879626957;0.06163320868942105;0.08013568222659323;0.8544859759253914
885873.0;4573967.782700001;0.39234191991934;0.06371953217313737;0.0953784491864679;0.78468383983868
885560.0;3733884.4290999984;0.43056358225735214;0.06405034233038318;0.07786065036051348;0.8611271645147043
885454.0;3954080.8623999995;0.42714906687053383;0.06416237388523319;0.08245228618356866;0.8542981337410677
882837.0;4498163.626300002;0.39019465620528315;0.06692828500827554;0.09379774656178687;0.7803893124105663
882215.0;3602363.867699999;0.43344344520454076;0.06758567771692374;0.07511812400737403;0.8668868904090815
881199.0;3508225.2166999984;0.43485083445432215;0.06865948960114653;0.07315510219186268;0.8697016689086443
880982.0;3393202.462999999;0.43750987774685585;0.0688888372181508;0.07075659560190435;0.8750197554937117
874423.0;3310980.9731999985;0.4478177708279665;0.0758210538998607;0.06904207583274764;0.895635541655933
873620.0;4395915.826500001;0.40875406371811124;0.07666974577292261;0.09166562910032634;0.8175081274362225
873453.0;4289837.619700001;0.4103323646927192;0.07684624831688443;0.08945363825611163;0.8206647293854384
873204.0;3185187.927199999;0.4483494905905915;0.07710941678063588;0.06641898222651337;0.896698981181183
870990.0;3080905.167699999;0.4548687802510246;0.079449396614956;0.0642444308631183;0.9097375605020492
866906.0;2981391.691399999;0.45777246815155886;0.08376578218106413;0.06216933075451072;0.9155449363031177
864589.0;2776272.569599998;0.47015059580989105;0.08621462286585173;0.05789209386408694;0.9403011916197821
859409.0;2602639.253799998;0.47774201607628947;0.09168937243305057;0.054271413270151406;0.9554840321525789
854368.0;2446617.2231999985;0.4794026139954465;0.0970172126971914;0.05101797117686947;0.958805227990893
854127.0;2891509.014;0.46920573951730815;0.09727192594925604;0.06029505642936911;0.9384114790346163
845465.0;2311882.8966999995;0.48617031218370216;0.1064268064031318;0.04820842993734475;0.9723406243674043
844595.0;2215577.7227999996;0.48732175236982583;0.10734631067407062;0.04620023080442629;0.9746435047396517
836396.0;6782969.434199995;0.1678052140781445;0.1160118457515732;0.14144155277178555;0.335610428156289
830480.0;6629416.3611999955;0.16335209491278618;0.12226447479395706;0.13823959450134246;0.32670418982557237
829421.0;2114917.8844999997;0.49024533420363237;0.12338373344099636;0.04410122623584857;0.9804906684072647
828690.0;6516383.712199996;0.17751026779538392;0.12415632840887712;0.13588258647652984;0.35502053559076785
828160.0;1880559.3123;0.49528137575212605;0.12471648618312721;0.039214275073985325;0.9905627515042521
823573.0;5842115.2563;0.24491856468026335;0.12956449318404248;0.12182243504688126;0.4898371293605267
816122.0;6386379.959799995;0.17155884829791995;0.13743946596882986;0.1331716893120959;0.3431176965958399
815479.0;5755515.052199999;0.25216524424598696;0.1381190536081559;0.12001660834265075;0.5043304884919739
814192.0;6208827.139099997;0.21537179136290727;0.13947928578826882;0.12946927742561506;0.43074358272581453
813071.0;6079900.534599995;0.20312563604391648;0.14066407232588077;0.12678084143736934;0.40625127208783296
804793.0;1799694.5484000007;0.4988178587202552;0.14941310261879043;0.03752804636818124;0.9976357174405104
804720.0;5428821.286099997;0.2785596358865467;0.14949025642543243;0.11320424187007551;0.5571192717730934
804693.0;5576514.043299997;0.2771245320739475;0.14951879276487537;0.11628399817948576;0.554249064147895
798102.0;1443708.5802000004;0.4983421938854347;0.15648483029333243;0.030104865621810365;0.9966843877708694
794495.0;1722633.4825999998;0.497544530657493;0.1602970738626155;0.0359211340990437;0.995089061314986
793523.0;1539179.3712;0.4978283638219219;0.16132438208256092;0.032095665824344845;0.9956567276438438
791600.0;1643349.7257999994;0.49548107764838806;0.16335680359177393;0.034267873269821746;0.9909621552967761
790247.0;5320383.017399999;0.2829880420866813;0.1647867912683029;0.11094303794551133;0.5659760841733626
786796.0;1346395.1369000005;0.4943504382201122;0.16843415820969349;0.028075641598402323;0.9887008764402244
784064.0;1247675.1613999999;0.49303851800630594;0.17132161300073348;0.0260170879281012;0.9860770360126119
782293.0;1143414.5738999997;0.49333354263969953;0.17319338548789742;0.02384299890529877;0.9866670852793991
780269.0;1999413.6308;0.49183897829599554;0.1753325540446562;0.04169267918966819;0.9836779565919911
778707.0;3257129.2837999985;0.44315638861620194;0.17698343412650264;0.06791913599909376;0.8863127772324039
776841.0;3557849.6315;0.4313815332386827;0.17895561225244724;0.07418989297970165;0.8627630664773654
774377.0;3178118.990299999;0.44832284733605854;0.1815598174519797;0.06627157755054054;0.8966456946721171
773681.0;3774577.9256;0.42553136617111303;0.1822954208687307;0.07870920959235267;0.8510627323422261
772792.0;3418179.9030000004;0.43124400327608897;0.18323500626742567;0.07127743650088461;0.8624880065521779
771778.0;813777.8355;0.48926791727726143;0.18430670434872676;0.01696926424053069;0.9785358345545229
766506.0;2512008.073399998;0.475833770764584;0.18987868885032372;0.05238153082122249;0.951667541529168
761143.0;1034976.0765;0.4876122087837371;0.19554685138485797;0.021581790211778515;0.9752244175674742
760100.0;3022212.7972999993;0.44980537655170005;0.1966491996085237;0.06302055095539291;0.8996107531034001
760070.0;2752561.4332999988;0.4680025023636806;0.19668090665234916;0.05739765850376441;0.9360050047273611
759002.0;930757.3029000001;0.4869714484506519;0.19780967741253613;0.019408573111369492;0.9739428969013038
758203.0;3342768.8442999995;0.4431083334858513;0.19865414167975462;0.06970493092760092;0.8862166669717026
757995.0;2366087.3826999976;0.48156545282847;0.19887397718361127;0.04933872644559379;0.96313090565694
756523.0;2644706.2755999975;0.47426137570834176;0.2004297361339813;0.055148613874045654;0.9485227514166835
755712.0;680317.6242;0.4836732616159099;0.20128688321872998;0.014186291428601899;0.9673465232318198
755595.0;537018.7840000001;0.48035165570889465;0.20141054068964934;0.011198159067855906;0.9607033114177893
755022.0;2828097.2478999984;0.4673004211188802;0.20201614522671593;0.05897276554361587;0.9346008422377604
754259.0;0.0;0.44928159936421064;0.20282256104134389;0.0;0.8985631987284213
649033.0;0.0;0.42625738959985654;0.3140360741606617;0.0;0.8525147791997131
526579.0;0.0;0.403514987928195;0.44345788564748956;0.0;0.80702997585639
429570.0;0.0;0.36273712300323496;0.5459868394630095;0.0;0.7254742460064699
363073.0;0.0;0.3210842239695652;0.6162676159050987;0.0;0.6421684479391304
257192.0;0.0;0.2826047288036836;0.7281733994812728;0.0;0.5652094576073672
134586.0;0.0;0.22282448805927113;0.8577558599901497;0.0;0.44564897611854226
