939955.0;6423789.864800001;0.14848434329422155;0.006560187367490979;0.13395177760581084;0.2969686865884431
939954.0;6924342.195799994;0.1484839024859984;0.006561244268951829;0.1443895216686405;0.2969678049719968
939954.0;7502428.058299999;0.1484836331189176;0.006561244268951829;0.15644403006951185;0.2969672662378352
939952.0;7187057.810199998;0.1484817213456949;0.006563358071873527;0.14986778672623807;0.2969634426913898
939950.0;7084971.239399999;0.14848165130516625;0.006565471874795226;0.14773903128495666;0.2969633026103325
939950.0;8453247.8182;0.14848161867662774;0.006565471874795226;0.17627095462681144;0.29696323735325547
939948.0;7423995.779000006;0.14848014089141512;0.006567585677716924;0.1548085246350207;0.29696028178283024
939947.0;6644573.989400002;0.14848010045013643;0.006568642579177773;0.13855566823420298;0.29696020090027286
939944.0;9249237.271700002;0.1484800887864945;0.00657181328356032;0.19286928746395243;0.296960177572989
939944.0;1.0917309073300004E7;0.1484800385497225;0.00657181328356032;0.22765267666272168;0.296960077099445
939942.0;7576782.356199998;0.14848007089977278;0.006573927086482019;0.15799449958765618;0.29696014179954555
939940.0;8651598.382000005;0.14848007058034013;0.006576040889403717;0.18040705047822092;0.29696014116068026
939938.0;8120064.5239999965;0.14847935024062126;0.006578154692325416;0.16932326557315655;0.2969587004812425
939933.0;7629949.294199999;0.14847969136887862;0.006583439199629662;0.15910316067477906;0.29695938273775724
939933.0;9280075.424;0.14847820916593835;0.006583439199629662;0.19351233859196315;0.2969564183318767
939932.0;8397352.001500001;0.14847859278352174;0.0065844961010905105;0.17510538972427295;0.2969571855670435
939930.0;8281820.298199996;0.14847923929027565;0.006586609904012209;0.17269627028659276;0.2969584785805513
939915.0;8852840.323899996;0.14847579217901993;0.0066024634259249475;0.1846034386561814;0.29695158435803987
939908.0;7390624.495000004;0.14847669823058685;0.006609861736150892;0.15411265149675332;0.2969533964611737
939907.0;9056309.247699996;0.14847565935255974;0.006610918637611741;0.18884626487001802;0.2969513187051195
939873.0;7252831.849000001;0.14847791298623672;0.006646853287280614;0.1512393367929444;0.29695582597247344
939860.0;7743732.532299998;0.14847649873662777;0.006660593006271654;0.1614758203236816;0.29695299747325554
939819.0;8271053.317299995;0.14847636891472846;0.00670392596616647;0.17247175232113032;0.2969527378294569
939765.0;7098484.2383;0.148478571186579;0.006760998645052327;0.1480208104622861;0.296957142373158
939755.0;6390908.827300001;0.15631544991992616;0.006771567659660819;0.1332661273097476;0.3126308998398523
939723.0;7939902.3214;0.14847627439419486;0.0068053885064079936;0.1655664416726912;0.2969525487883897
939644.0;1.30363122195E7;0.14847562147075058;0.00688888372181508;0.2718390906270322;0.29695124294150116
939566.0;8653712.570999999;0.14847617735677848;0.006971322035761318;0.1804511365054267;0.29695235471355697
939549.0;1.2920411702100001E7;0.14847494059266472;0.006989289360595754;0.2694222805105876;0.29694988118532945
939472.0;1.24056434355E7;0.14847348267329985;0.007070670773081143;0.25868809931577996;0.2969469653465997
939472.0;1.2545094977599999E7;0.14847295669605917;0.007070670773081143;0.2615960060728993;0.29694591339211834
939412.0;1.1145657058099996E7;0.1484716783933014;0.007134084860732095;0.2324142923320437;0.2969433567866028
939378.0;7014630.614699999;0.14848009575191518;0.007170019510400967;0.14627225669942753;0.29696019150383035
939377.0;6969501.675300005;0.14847809564309644;0.0071710764118618165;0.14533120760203735;0.2969561912861929
939340.0;1.05123989127E7;0.14847519726367608;0.007210181765913237;0.21920930648334647;0.29695039452735217
939273.0;8216797.6225000005;0.14847576563872864;0.007280994163790133;0.17134038798377527;0.29695153127745727
939225.0;7706436.443899995;0.1484757657199762;0.007331725433910895;0.16069810538529306;0.2969515314399524
939195.0;6957496.585100003;0.1484799265852168;0.007363432477736371;0.1450808720203241;0.2969598531704336
939193.0;6341735.792700001;0.16447391857339985;0.007365546280658069;0.13224074890641044;0.3289478371467997
939187.0;8820518.788400002;0.1484757642402714;0.007371887689423164;0.18392945534939584;0.2969515284805428
939181.0;1.1080597072400002E7;0.14847325756638924;0.00737822909818826;0.23105763202419685;0.2969465151327785
939175.0;9029286.3603;0.14847574850919001;0.007384570506953354;0.18828277137482974;0.29695149701838003
939120.0;1.00513292711E7;0.14847168407610134;0.00744270008730006;0.20959487335395316;0.2969433681522027
939075.0;9779616.704499997;0.14847230138086878;0.007490260653038275;0.20392899977154563;0.29694460276173756
939060.0;7619438.664499998;0.14847398594070468;0.007506114174951012;0.15888398826072075;0.29694797188140937
938980.0;9087415.1207;0.1484703876586735;0.007590666291818949;0.18949489863139973;0.296940775317347
938914.0;9086341.810900003;0.14847250835321593;0.007660421788234996;0.18947251748901225;0.29694501670643186
938824.0;7258848.963199999;0.14847663955667087;0.007755542919711424;0.15136480838527708;0.29695327911334174
938734.0;6344414.6546;0.16373416512341843;0.007850664051187851;0.13229660974884422;0.32746833024683686
938696.0;7799487.194600001;0.14847196826537115;0.007890826306700122;0.1626384418106984;0.2969439365307423
938640.0;7232578.512899995;0.14847571428678333;0.007950012788507677;0.1508170050495121;0.29695142857356666
938624.0;9478653.548400005;0.14847000788465142;0.007966923211881263;0.19765317964013723;0.29694001576930285
938485.0;6332426.650799999;0.16417136374785338;0.008113832514939303;0.13204663046048756;0.32834272749570675
938407.0;1.1353658788400007E7;0.1484696305430106;0.00819627082888554;0.2367516386813453;0.2969392610860212
938334.0;1.0892381776799994E7;0.1484691797135653;0.008273424635527531;0.22713288137872892;0.2969383594271306
938271.0;1.0432263093899999E7;0.1484672323192343;0.00834000942756103;0.21753827807113496;0.2969344646384686
938181.0;9153757.9028;0.14846899185486398;0.00843513055903746;0.19087830839115946;0.29693798370972796
938041.0;7742393.6869;0.14846937926314827;0.008583096763556347;0.16144790211261872;0.29693875852629653
937658.0;6174356.321899999;0.17819691463424514;0.00898789002306159;0.12875047632273864;0.3563938292684903
937548.0;1.0712255626700005E7;0.1484602786655591;0.009104149183755001;0.2233768092613332;0.2969205573311182
937506.0;9338278.384899998;0.1484669121394121;0.009148539045110668;0.19472601311098775;0.2969338242788242
937504.0;9936681.845300004;0.14846368666226323;0.009150652848032367;0.2072041932714692;0.29692737332452646
937464.0;6255984.615900003;0.1712035494555948;0.009192928906466334;0.13045262650422979;0.3424070989111896
937000.0;6287759.899300003;0.17079423596391727;0.009683331184300363;0.13111521911465773;0.34158847192783454
936971.0;6058257.150099999;0.18462538159625705;0.00971398132666499;0.12632952377471246;0.3692507631925141
936577.0;6280202.961400005;0.1665839814507152;0.010130400502239574;0.13095763842066457;0.3331679629014304
936480.0;8574399.079099996;0.14846697905563508;0.010232919943941947;0.17879725562642318;0.29693395811127016
936278.0;6254417.546399998;0.1765080431745427;0.010446414039033484;0.13041994926079942;0.3530160863490854
935942.0;7435036.943599994;0.14847533676269328;0.010801532929878815;0.1550387600032589;0.29695067352538657
935341.0;8128049.8909;0.14846766189470265;0.011436730707849185;0.16948978006282742;0.2969353237894053
935333.0;8358117.6247;0.14846730837849267;0.011445185919535979;0.17428725671771017;0.29693461675698535
935226.0;5911700.329299999;0.19790551632848982;0.011558274375846842;0.12327345452593613;0.39581103265697964
935141.0;5986716.129399999;0.19288326276266254;0.011648111000019024;0.12483771798775627;0.3857665255253251
935046.0;1.0509240086300015E7;0.14846288218697468;0.011748516638799698;0.21914343720363286;0.29692576437394935
934814.0;8864418.962399997;0.1484661954542956;0.011993717777716713;0.18484488167377278;0.2969323909085912
934705.0;9037056.3191;0.1484640122406108;0.012108920036949276;0.18844479407717357;0.2969280244812216
934645.0;8712315.506099999;0.14846395995044845;0.012172334124600228;0.18167315146774327;0.2969279199008969
934356.0;7644919.619400001;0.14846764031303727;0.012477778646785646;0.15941532868059533;0.29693528062607455
934204.0;8519876.437699998;0.14846674264130788;0.012638427668834724;0.17766032479758118;0.29693348528261576
934061.0;1.3206237069800006E7;0.14845884054502645;0.012789564577736159;0.27538244061763717;0.2969176810900529
933551.0;1.1016540789600004E7;0.1484598440624415;0.013328584322769252;0.22972190138411194;0.296919688124883
933396.0;5840159.308599999;0.20550972650095792;0.013492404049200877;0.12178164873897995;0.41101945300191584
932709.0;5724060.1368;0.21095711225430855;0.014218495352804277;0.11936069619095378;0.4219142245086171
930746.0;9778185.235200003;0.14846337665644593;0.016293192920451255;0.20389915012494167;0.29692675331289187
930487.0;1.0294237580900004E7;0.1484589755412311;0.016566930398811196;0.21466010751910383;0.2969179510824622
929988.0;5590667.793199999;0.22591606356615299;0.01709432422777495;0.11657913858706388;0.45183212713230597
924278.0;5587977.7853;0.25938103511882477;0.023129231569223876;0.11652304532318657;0.5187620702376495
923974.0;5504319.319000001;0.2434740971642693;0.023450529613322033;0.11477856106879548;0.4869481943285386
920940.0;5448608.211800004;0.2562708523802148;0.026657168645538503;0.11361684781246378;0.5125417047604296
919196.0;5321055.0040000025;0.26776427235235556;0.028500404793259507;0.11095705051464766;0.5355285447047111
917576.0;5305070.737000001;0.28978083726228876;0.030212585159835208;0.1106237393348862;0.5795616745245775
916414.0;5251606.201499999;0.29008428647485074;0.03144070465734198;0.10950887260981826;0.5801685729497015
915654.0;5284460.425200003;0.2826499295167011;0.03224394976758737;0.11019396377237166;0.5652998590334022
915011.0;5291717.373099998;0.277241526981005;0.0329235374069134;0.11034528893892538;0.55448305396201
914769.0;5234307.9432000015;0.2831195709139867;0.03317930756043891;0.10914816148795138;0.5662391418279734
913898.0;5191122.860500001;0.3014920830873833;0.03409986873283856;0.1082476465714506;0.6029841661747666
913446.0;5374785.640600001;0.2565189125476099;0.0345775881931424;0.11207746610045322;0.5130378250952198
913438.0;5202898.140699999;0.2952195531978849;0.034586043404829195;0.10849319005089088;0.5904391063957698
912566.0;5137844.8895;0.30019435111631865;0.035507661478689695;0.1071366701738901;0.6003887022326373
911735.0;5175467.322100003;0.29349077722790645;0.03638594659265538;0.10792119018944049;0.5869815544558129
909465.0;5110982.376600004;0.3052830777573364;0.03878511290878306;0.10657652088045964;0.6105661555146727
908577.0;4997900.514700001;0.322938536297995;0.039723641406017154;0.10421848664595224;0.64587707259599
907950.0;5098357.147600002;0.3055849300959351;0.0403863186219696;0.10631325388343384;0.6111698601918703
907882.0;5052191.354800005;0.31610234815409466;0.04045818792130734;0.1053505838490314;0.6322046963081893
907560.0;5094801.398800001;0.30219610364853755;0.04079851019170079;0.10623910779794468;0.6043922072970751
905990.0;4944783.962099995;0.32778803646601923;0.04245784548523403;0.10311087621802538;0.6555760729320385
904942.0;5022308.150899999;0.3212133858835401;0.04356547821620399;0.10472744573785232;0.6424267717670802
904043.0;4999770.778200001;0.32101480141459443;0.04451563262950742;0.10425748622808195;0.6420296028291889
903972.0;4971772.736799999;0.31175639656811516;0.04459067263322771;0.1036736583797331;0.6235127931362303
903959.0;4902383.850200002;0.33034129251968;0.04460441235221875;0.1022267298684053;0.66068258503936
902647.0;4902098.998900002;0.3309574342774551;0.0459910670688529;0.10222079001999938;0.6619148685549102
902219.0;4818178.423999995;0.3467924953168041;0.04644342089409636;0.1004708401582899;0.6935849906336082
902073.0;4755540.071399997;0.34942595032748563;0.046597728507380344;0.09916467684135978;0.6988519006549713
901548.0;4958335.3571;0.3249582153203762;0.047152601774326175;0.10339345604823369;0.6499164306407524
900470.0;4859322.368900006;0.3383509110018453;0.04829194154912161;0.10132879234431515;0.6767018220036906
899637.0;4638241.241400002;0.41104489770636904;0.04917234046600899;0.09671870847684659;0.8220897954127381
899376.0;4697862.671199997;0.3569020975190599;0.049448191747290635;0.09796196155224247;0.7138041950381198
898740.0;4803512.629500002;0.344504982141507;0.050120381076390726;0.10016502236464749;0.689009964283014
898503.0;4663484.461100002;0.35500774414140956;0.050370866722611984;0.09724509153458603;0.7100154882828191
897582.0;4375375.3034000015;0.4075499412454526;0.0513442729680541;0.0912373088034133;0.8150998824909051
897146.0;4835251.020999997;0.33591172351152154;0.05180508200498435;0.10082684568845665;0.6718234470230431
896970.0;4077910.3455000017;0.4056379154317979;0.051991096662093804;0.0850344346863;0.8112758308635958
896921.0;4121703.812200001;0.404436081613165;0.05204288483367542;0.0859476359016963;0.80887216322633
896637.0;4646196.998699996;0.3599471176062118;0.05234304484855659;0.09688460553371861;0.7198942352124236
895871.0;3962323.630000001;0.41467463082650513;0.05315263136756707;0.08262416810929323;0.8293492616530103
895388.0;4754523.504300001;0.35383552356318254;0.05366311477315724;0.09914347892346925;0.7076710471263651
895002.0;3786838.0375000006;0.4127996850967774;0.05407107873704503;0.07896486300213343;0.8255993701935548
894851.0;4622519.014200001;0.3616682745065913;0.05423067085763326;0.0963908614697546;0.7233365490131826
894230.0;4020547.443200001;0.4126469687969038;0.05488700666482061;0.08383827744992801;0.8252939375938076
893630.0;4602385.868300002;0.3614954181443048;0.05552114754133013;0.09597103598684462;0.7229908362886096
893320.0;4036975.3763000015;0.4114474626788539;0.055848786994193385;0.08418084015628187;0.8228949253577078
891904.0;4587928.2863000035;0.36001476525800913;0.057345359462755846;0.0956695599346167;0.7200295305160183
891741.0;3781575.686800001;0.4192584587826585;0.05751763440087427;0.07885513008037136;0.838516917565317
891566.0;3657207.000200001;0.4212017876400136;0.05770259215652288;0.07626173786188405;0.8424035752800272
891542.0;3989688.9448000006;0.41082677947913065;0.05772795779158326;0.08319480205581892;0.8216535589582613
891038.0;3717958.727999999;0.42104936930864406;0.058260636127851255;0.07752856042344171;0.8420987386172881
890836.0;4744362.905300001;0.35463099346687516;0.058474130222942795;0.0989316055082058;0.7092619869337503
890172.0;4482963.611099998;0.382174934413475;0.059175912792946664;0.09348078895599206;0.76434986882695
889811.0;4492800.484800003;0.36693944264612127;0.05955745422031322;0.09368591190458349;0.7338788852922425
889395.0;3613663.634399999;0.42573186229268795;0.05999712522802649;0.07535375186380346;0.8514637245853759
889278.0;3652566.716000001;0.42235616257934117;0.06012078269894584;0.07616497655270857;0.8447123251586823
889038.0;3712284.4941;0.41919898112195697;0.06037443904954965;0.07741023872652242;0.8383979622439139
888897.0;3570102.4481;0.4272444954886094;0.06052346215552939;0.07444539426458047;0.8544889909772188
888765.0;3477230.0548;0.42729303192385126;0.060662973148361485;0.07250877702851397;0.8545860638477025
887894.0;4479521.239900002;0.383351850125281;0.061583534320761135;0.09340900707160242;0.766703700250562
886790.0;3468675.4213000014;0.43022453744791017;0.06275035353353865;0.07233039193370097;0.8604490748958203
886622.0;4399006.298900003;0.3844213500866473;0.06292791297896132;0.0917300730314534;0.7688427001732946
886612.0;4461328.326200002;0.3842886433092518;0.06293848199356981;0.09302964018986522;0.7685772866185036
886025.0;3591296.4155;0.4269265546139759;0.06355888315108829;0.07488734047818657;0.8538531092279518
885734.0;3384125.3422000012;0.43168501869767006;0.06386644147619541;0.07056731536511376;0.8633700373953401
885617.0;3383515.079;0.43320220536625426;0.06399009894711477;0.07055458988028812;0.8664044107325085
885608.0;4379479.590600001;0.3801199986536861;0.0639996110602624;0.09132289326022394;0.7602399973073722
885399.0;4370724.895499997;0.3953927183448464;0.06422050346557989;0.09114033639025713;0.7907854366896928
885109.0;4328554.946900002;0.3914175552043968;0.06452700488922616;0.09026098951008162;0.7828351104087936
884789.0;3513485.9816;0.4222483824355006;0.0648652133566979;0.07326480204580449;0.8444967648710012
884125.0;3430956.3282999997;0.43012477040024444;0.06556699592670177;0.07154385631168209;0.8602495408004889
883630.0;3360493.178499999;0.4299196714452618;0.06609016214982212;0.07007452677723779;0.8598393428905236
881678.0;4275269.541300002;0.39626087349388117;0.06815323380139976;0.0891498580828725;0.7925217469877623
881364.0;3342236.2090999987;0.43611219824158354;0.06848510086010641;0.06969382417701331;0.8722243964831671
880695.0;3277857.238000001;0.4413343828623127;0.06919216793741452;0.06835136469425028;0.8826687657246254
880679.0;3213029.8474000013;0.4357742296213456;0.06920907836078811;0.06699955456484366;0.8715484592426912
880650.0;3430079.8734000027;0.42974053075689017;0.06923972850315274;0.0715255800768866;0.8594810615137803
879930.0;3330238.937199999;0.4316315291053218;0.07000069755496416;0.06944365162603507;0.8632630582106436
878378.0;4376788.060400001;0.38879288472677304;0.07164100862220212;0.0912667682526571;0.7775857694535461
878205.0;3297701.8079;0.4342685470157975;0.07182385257492903;0.06876517265962188;0.868537094031595
877972.0;3178901.028599999;0.4399289491096622;0.0720701106153069;0.06628788496760206;0.8798578982193244
877816.0;3169847.9595;0.4453692830846819;0.07223498724319936;0.06609910626776037;0.8907385661693638
877286.0;3209374.956800001;0.4388782501524496;0.07279514501744944;0.06692334112960857;0.8777565003048992
876670.0;3157046.513099999;0.4411942888222776;0.07344619631733255;0.06583216470564579;0.8823885776445552
876665.0;3199741.7824000004;0.43721477894283606;0.07345148082463679;0.06672246581114;0.8744295578856721
876364.0;3106834.4418999995;0.44238850244854094;0.07376960816435241;0.06478511984022055;0.8847770048970819
875861.0;4338936.813399999;0.38675118303371336;0.07430122959915955;0.0904774768955363;0.7735023660674267
874819.0;3051140.2835999993;0.4451615768957485;0.07540252092136442;0.06362376001003303;0.890323153791497
874744.0;3179154.8103999994;0.4382662806110935;0.0754817885309281;0.06629317694071288;0.876532561222187
873476.0;3069436.293899999;0.44273052915180133;0.0768219395832849;0.06400527670879813;0.8854610583036027
872981.0;3037968.808200002;0.4487269962741929;0.07734510580640525;0.06334910243550856;0.8974539925483858
872621.0;3000193.413500001;0.45221949955716384;0.07772559033231095;0.06256139278492462;0.9044389991143277
872293.0;3054467.966300001;0.44384391348428187;0.0780722540114695;0.06369315035784248;0.8876878269685637
871885.0;4216484.6417;0.40022999133017606;0.07850346980749597;0.08792404871433324;0.8004599826603521
871618.0;3033085.3442999995;0.44996030917951635;0.07878566249754271;0.06324727023301643;0.8999206183590327
871381.0;3155613.8611000013;0.43861656044494457;0.07903614814376396;0.06580229039684533;0.8772331208898891
870284.0;2915803.7607000005;0.4644813462484085;0.08019556904631553;0.06080166149825227;0.928962692496817
870234.0;3022305.082700001;0.4509001338677922;0.080248414119358;0.0630224753323787;0.9018002677355844
870152.0;2932786.4512999994;0.45354742078772003;0.08033508003914763;0.06115579225941941;0.9070948415754401
869593.0;2932895.1238000016;0.45351807137101663;0.08092588795576233;0.06115805834764124;0.9070361427420333
869192.0;2929017.583500001;0.4640258516258661;0.08134970544156286;0.06107720211995401;0.9280517032517323
868816.0;2999057.095300003;0.44998759490550416;0.08174710039084215;0.0625376977628241;0.8999751898110083
868629.0;2877253.5335999997;0.465996643321694;0.08194474096402096;0.059997794691299434;0.931993286643388
868629.0;3118169.221000001;0.4410705399272576;0.08194474096402096;0.06502147779108289;0.8821410798545152
868282.0;2820732.7471999996;0.46611190433552174;0.08231148577093564;0.05881919763733212;0.9322238086710435
867176.0;2915562.953099999;0.453294323577593;0.08348041878663484;0.06079664006903992;0.906588647155186
866620.0;2858816.272300001;0.4567708721057383;0.084068055998867;0.059613332562665565;0.9135417442114766
866389.0;2762094.8913000003;0.4690222973492707;0.08431220023632317;0.057596454490667436;0.9380445946985414
866371.0;2725566.1287000002;0.46945512496283087;0.08433122446261845;0.05683474017762257;0.9389102499256617
866080.0;2791511.910900001;0.4677687887715356;0.08463878278772557;0.05820987151554201;0.9355375775430712
864575.0;2953473.0963;0.4532943235775929;0.08622941948630361;0.06158715955641562;0.9065886471551858
864237.0;2658777.1119;0.4706427335447442;0.08658665218007064;0.05544202532965907;0.9412854670894883
864042.0;2711170.4287;0.46897048538117975;0.08679274796493623;0.05653455451690435;0.9379409707623595
863002.0;2602139.069099999;0.4699372784609429;0.08789192548421941;0.05426098319209682;0.9398745569218858
862733.0;2866834.7132000024;0.45590721386027816;0.08817623197718784;0.05978053672637396;0.9118144277205563
862342.0;2822401.3479;0.4632371836097312;0.08858948044837987;0.05885399205536004;0.9264743672194624
861960.0;2569493.971700002;0.4697719895030572;0.08899321680642427;0.05358025282592994;0.9395439790061144
861717.0;2692122.7941000005;0.46894980122779967;0.08925004386141062;0.056137364607589765;0.9378996024555993
861657.0;2799088.6983;0.4587622497255259;0.08931345794906158;0.05836786612030524;0.9175244994510517
861041.0;2758791.9216000014;0.4621204687401416;0.08996450924894468;0.05752757946953429;0.9242409374802832
859974.0;2567628.3487;0.4753035584542929;0.09109222310767078;0.05354135000960932;0.9506071169085858
859504.0;2492060.6507999985;0.47668900771669526;0.09158896679426991;0.0519655781247363;0.9533780154333905
859302.0;2567289.3263;0.47361032861420366;0.09180246088936145;0.05353428056087516;0.9472206572284073
858592.0;2747443.5463000005;0.46118701759197667;0.09255286092656437;0.057290938004547584;0.9223740351839533
858129.0;2514025.127000001;0.47268065949816557;0.09304220630293755;0.05242359133704464;0.9453613189963311
858001.0;2487145.3208999992;0.47538852568850426;0.09317748968992624;0.05186308143797016;0.9507770513770085
857863.0;2556329.288700001;0.4725144235192752;0.09332334209152345;0.05330573688960859;0.9450288470385504
857395.0;2432174.405699999;0.476826424795547;0.09381797197520086;0.05071680300068701;0.953652849591094
857081.0;2474851.3345999997;0.4741223661188863;0.09414983903390751;0.051606721663848304;0.9482447322377726
857010.0;2674776.147000001;0.46525651577740024;0.0942248790376278;0.0557756444605348;0.9305130315548005
856798.0;2445574.7767000003;0.4748818929875379;0.09444894214732784;0.05099623361000122;0.9497637859750758
856563.0;2655569.1318000006;0.4629577803220405;0.0946973139906274;0.05537513107471564;0.925915560644081
856451.0;2497170.329500001;0.473569135538471;0.09481568695424251;0.0520721274607615;0.947138271076942
856316.0;2354966.2841999987;0.4757216449473439;0.09495836865145715;0.04910682425944553;0.9514432898946878
853626.0;2808219.9722000025;0.45794264528737677;0.09780143358114149;0.05855827558208003;0.9158852905747535
853157.0;2346569.9483;0.47694134127966203;0.09829712036627977;0.048931740057930266;0.9538826825593241
851279.0;2329534.626900001;0.4816818501552761;0.10028198130975456;0.04857651181546857;0.9633637003105522
850660.0;2288945.0616999995;0.4820891809149246;0.10093620331402021;0.047730119806200004;0.9641783618298492
850274.0;2298127.2788000004;0.4771489213165183;0.10134416727790801;0.04792159155866927;0.9542978426330366
849078.0;2554837.871399999;0.4687933759133972;0.10260822142508365;0.053274637180139264;0.9375867518267944
848942.0;2296725.4776;0.4818569147934854;0.10275196002375915;0.047892360564732346;0.9637138295869708
847983.0;2237971.0272000004;0.4815482238580208;0.10376552852471353;0.046667186136711516;0.9630964477160416
845334.0;2217341.914000001;0.4848784141195538;0.10656526049450306;0.04623701851888308;0.9697568282391076
844998.0;2151058.5426000003;0.4813291408441882;0.10692037938534839;0.04485484761796544;0.9626582816883764
844201.0;2127203.9971999996;0.4855211368891005;0.1077627298496452;0.04435742182609482;0.971042273778201
842139.0;2121175.269800001;0.48711241962411606;0.10994206066191625;0.044231708070052486;0.9742248392482321
841506.0;2089361.8131999997;0.48680950896146485;0.11061107928663379;0.043568319454757524;0.9736190179229297
841054.0;2125879.6034000004;0.4857787266818926;0.11108879874693763;0.04432980496634476;0.9715574533637852
839807.0;2106800.1942;0.48679804500232726;0.11240675486861658;0.043931952478670294;0.9735960900046545
838624.0;2016711.8000999996;0.4880722715868699;0.11365706929680118;0.04205338845566678;0.9761445431737398
837810.0;2116020.8772000005;0.48654573295337117;0.11451738708593243;0.0441242263395196;0.9730914659067423
836755.0;2031970.1796999995;0.48701549466278077;0.11563241812712834;0.0423715631023818;0.9740309893255615
836556.0;2075418.4499000001;0.48539293083414053;0.11584274151783733;0.043277566123912585;0.9707858616682811
836136.0;2125477.8304;0.4840161733792241;0.11628664013139399;0.044321427013660014;0.9680323467584482
835832.0;2040590.0340999998;0.4868277556037118;0.11660793817549214;0.042551308212960576;0.9736555112074236
835145.0;1974947.6117999996;0.4879466313689905;0.11733402947909555;0.0411825026731626;0.975893262737981
834055.0;1952734.2800999996;0.4909823442136356;0.11848605207142117;0.040719300213183755;0.9819646884272712
834030.0;1904540.0155999998;0.48920169042293543;0.1185124746079424;0.03971433156756312;0.9784033808458709
830794.0;1842706.0295;0.4896684352408676;0.12193260773525041;0.038424941265440306;0.9793368704817352
829775.0;5865910.8044;0.20359189892237098;0.12300959032385575;0.12231863060031392;0.40718379784474196
825089.0;1819302.6711;0.4941504684879004;0.1279622305693951;0.0379369238293775;0.9883009369758008
822923.0;1783777.7239999997;0.4928050277262202;0.13025147913359447;0.03719614153208086;0.9856100554524404
822521.0;1779514.4784000001;0.49450313711344185;0.13067635352085583;0.037107242402671395;0.9890062742268837
821490.0;1705321.1725999997;0.49424475094009396;0.13176601892699136;0.03556012996475995;0.9884895018801879
819410.0;1750883.5888;0.49376185031811143;0.1339643739655577;0.03651021811684116;0.9875237006362229
818601.0;6177390.624599998;0.1753426915265816;0.1348194072473847;0.1288137489778244;0.3506853830531632
817755.0;1607298.4703999993;0.4955810500299593;0.13571354588326312;0.03351611615332375;0.9911621000599186
814400.0;6142872.289799999;0.18198235328373366;0.1392594502844122;0.12809395701641718;0.3639647065674673
813145.0;5361542.405800003;0.25793261906160897;0.14058586161777792;0.11180131216639762;0.5158652381232179
810603.0;5453443.933600001;0.25356027459941843;0.14327250513125658;0.11371768447504924;0.5071205491988369
810177.0;1525000.7665;0.4993895910816177;0.14372274515357836;0.03180000713321264;0.9987791821632354
808509.0;5250089.935300003;0.2774571554732189;0.1454856567902748;0.1094772547398244;0.5549143109464378
807076.0;1574509.0580000002;0.4973376091909375;0.14700019658367172;0.032832376465371384;0.994675218381875
805066.0;5147466.013500004;0.2993670601344204;0.1491245685199786;0.10733729421195656;0.5987341202688408
803725.0;1524783.7414;0.49902913801548365;0.1505418733789774;0.03179548162746885;0.9980582760309673
803129.0;5296742.043099999;0.27621945478054394;0.1511717866496435;0.11045006563501113;0.5524389095610879
802270.0;1537093.1898999999;0.4982454921990558;0.15207966500451298;0.03205216382639278;0.9964909843981116
801674.0;6023065.3046;0.18325361754382002;0.1527095782751791;0.125595687462945;0.36650723508764005
800896.0;1456318.9339000003;0.49898048910939563;0.15353184761171976;0.030367822432338848;0.9979609782187913
799700.0;1564125.7043000003;0.49772897144619527;0.1547959017588954;0.03261585806814823;0.9954579428923905
799664.0;1478601.4794;0.4969489737336337;0.154833950211486;0.030832468169843877;0.9938979474672675
799455.0;1367190.8238;0.49673499376830704;0.15505484261680347;0.028509282686516514;0.9934699875366141
797951.0;1578656.0279000003;0.4958141821392049;0.15664442241392065;0.03291885096118681;0.9916283642784098
797892.0;3917835.8994;0.4123921619931199;0.15670677960011076;0.08169648978840469;0.8247843239862398
797493.0;1340704.1261000007;0.4970661557392817;0.1571284832829896;0.027956970061960715;0.9941323114785634
797013.0;1286611.8013999998;0.4966211207737984;0.15763579598419722;0.02682901239197217;0.9932422415475968
796153.0;3511998.9946;0.42676101568086156;0.1585447312405275;0.07323379471895866;0.8535220313617231
796090.0;1397593.0877;0.4952095851537362;0.158611316032561;0.02914324447206019;0.9904191703074724
796056.0;1354225.8212999997;0.49533304901700836;0.1586472506822299;0.028238930578478982;0.9906660980340167
795870.0;5499382.724400002;0.2531389055066094;0.15884383435394783;0.1146756209608675;0.5062778110132188
795463.0;5079590.9705;0.3044055150814742;0.15927399324851346;0.10592193305346939;0.6088110301629484
794632.0;1378812.6485000008;0.4950662381146198;0.16015227836247914;0.028751626242322838;0.9901324762292396
793294.0;5193207.295099997;0.2887946714261922;0.1615664125170954;0.10829111214642254;0.5775893428523844
793064.0;1366191.5524;0.49474293428740024;0.1618094998530907;0.028488445426400937;0.9894858685748005
792747.0;5891089.2785;0.19587490563871385;0.1621445376161799;0.12284366355345862;0.3917498112774277
791894.0;1511218.1177;0.4934960150465208;0.16304607456228426;0.03151260509395959;0.9869920300930416
791320.0;3760484.1440000003;0.41448697560002995;0.1636527360008117;0.0784153196709446;0.8289739512000599
791312.0;1310189.4262;0.49459086796757357;0.1636611912124985;0.02732066370998757;0.9891817359351471
790876.0;1193388.4478000002;0.49522677141631233;0.16412200024942875;0.02488507677267031;0.9904535428326247
790831.0;4056218.0390000036;0.3962661032740567;0.16416956081516695;0.08458209687992699;0.7925322065481134
790586.0;1612837.2477;0.49339944899899857;0.16442850167307502;0.03363161324782917;0.9867988979979971
790505.0;1436197.9547;0.49303132523022897;0.1645141106914038;0.029948250654971326;0.9860626504604579
789431.0;1273565.3983000005;0.4935249470273419;0.16564922286035583;0.02655696288173165;0.9870498940546838
788873.0;3901666.965399999;0.4118112787169743;0.16623897387550968;0.08135932784866577;0.8236225574339486
788631.0;3824102.665899999;0.41153596330999714;0.1664947440290352;0.07974192192234379;0.8230719266199943
788564.0;4897233.1104000015;0.3329354053228883;0.1665655564269121;0.1021193243077135;0.6658708106457766
787137.0;1660095.6420999998;0.4920986153388699;0.1680737548115439;0.03461706670597612;0.9841972306777398
786756.0;4047633.1802000003;0.39649424753176704;0.16847643426812745;0.08440308151345981;0.7929884950635341
786447.0;1127453.5891;0.49589521878620757;0.16880301681952986;0.023510173216523555;0.9917904375724151
786134.0;1442787.9490999996;0.492067457121518;0.16913382697677565;0.03008566820487118;0.984134914243036
785819.0;3803384.173800001;0.4095046158428134;0.16946675093694313;0.07930989053518492;0.8190092316856268
785724.0;3440891.537900001;0.42568777495360105;0.16956715657572383;0.07175102980502734;0.8513755499072021
785324.0;1272561.2222000002;0.4930264806160704;0.1699899171600635;0.02653602334658879;0.9860529612321408
785317.0;3608022.384900001;0.4182594050757359;0.16999731547028946;0.07523611797254195;0.8365188101514718
785302.0;1227439.024;0.4921729933341731;0.17001316899220217;0.0255951148197561;0.9843459866683462
785211.0;3238059.9190000007;0.434723783241411;0.17010934702513947;0.0675214929618004;0.869447566482822
784341.0;1109415.3727999995;0.49307265805566053;0.17102885129607825;0.023134032155082033;0.9861453161113211
784151.0;1153588.3856999998;0.49217739934900956;0.1712296625736396;0.024055147839856017;0.9843547986980191
783986.0;3705028.2543999995;0.41807369762613594;0.17140405131467973;0.07725892832767593;0.8361473952522719
783302.0;1231272.8617999998;0.4919411576292901;0.17212697191390058;0.025675059743106785;0.9838823152585802
783215.0;3428474.160800001;0.42750836110110657;0.17221892234099445;0.07149209703002156;0.8550167222022131
782861.0;1532762.1573;0.4915859099554636;0.17259306545813508;0.03196185117173736;0.9831718199109272
782678.0;1325655.7817999998;0.49115662755169853;0.17278647842547049;0.027643175166512005;0.9823132551033971
781436.0;1110180.8171999997;0.4919381941829212;0.1740991500398452;0.02314999354862018;0.9838763883658423
781313.0;1047060.8685999999;0.4945476831781375;0.17422914891952965;0.021833787773632454;0.989095366356275
781244.0;1756772.1752999998;0.490649089717642;0.17430207512032822;0.03663300959132303;0.981298179435284
781189.0;1020875.8716999999;0.49376473026203965;0.17436020470067493;0.02128776635089296;0.9875294605240793
780904.0;1272371.7316;0.491625806624806;0.17466142161701695;0.02653207200271799;0.983251613249612
780825.0;3293377.0714999987;0.4345506102028516;0.17474491683242405;0.06867499129618235;0.8691012204057031
779941.0;3281454.7206999986;0.4311380426646081;0.17567921772381473;0.06842638103393651;0.8622760853292162
779653.0;1296103.2013;0.49088696182139024;0.1759836053445393;0.027026931364312688;0.9817739236427805
779609.0;1181542.6962000001;0.4914798663848384;0.17603010900881666;0.024638063791658626;0.9829597327696769
779201.0;3524407.0324999983;0.4206064235045847;0.17646132480484314;0.07349253274873337;0.8412128470091694
779046.0;3314679.234300001;0.42812912255969027;0.17662514453127476;0.06911919364930487;0.8562582451193805
778915.0;3409961.336400002;0.4268522085907704;0.176763598622646;0.07110605922538031;0.8537044171815408
778371.0;1119176.2853000003;0.4886197194080998;0.177338553017348;0.02333757112630437;0.9772394388161996
778261.0;1288228.4469999997;0.48713195742982623;0.1774548121780414;0.026862723418708153;0.9742639148596525
777862.0;3234906.2901999997;0.4319119907964397;0.17787651586092024;0.06745573206479726;0.8638239815928794
777403.0;3623477.771199999;0.4169743133191348;0.17836163363145;0.07555840069225132;0.8339486266382696
777370.0;1094972.1891999997;0.4934700610414823;0.17839651137965803;0.022832856344816434;0.9869401220829646
777368.0;1125583.9047999994;0.48813101153541133;0.17839862518257973;0.023471185712134735;0.9762620230708227
776891.0;1014000.7550999997;0.4928858213473383;0.1789027671794048;0.021144403303657616;0.9857716426946767
776880.0;3935069.5667000026;0.4068679270796108;0.17891439309547413;0.08205585402946619;0.8137358541592216
776799.0;3709821.3839000026;0.41605048112401066;0.17900000211380293;0.07735887683631855;0.8321009622480213
776744.0;861358.0302;0.4894628542046222;0.17905813169414964;0.017961428024377318;0.9789257084092444
775893.0;1505963.5033999998;0.4864119614062513;0.1799575548373323;0.031403033495116535;0.9728239228125026
775475.0;1131869.2271000003;0.48747486575760945;0.18039933964796726;0.023602250101324055;0.9749497315152189
775442.0;1131245.44;0.4876269902105285;0.1804342173961753;0.023589242610006434;0.975253980421057
774903.0;3951836.0581000005;0.40525717087854074;0.181003887283573;0.08240547650693063;0.8105143417570815
774190.0;983117.1167000002;0.4889225761102679;0.18175745802515847;0.020500403678874776;0.9778451522205358
774014.0;819996.7006999998;0.48849272222025814;0.18194347268226793;0.017098942836151567;0.9769854444405163
773386.0;1436223.5531000001;0.4868543874344385;0.18260720679968123;0.02994878444440966;0.973708774868877
772324.0;704714.962;0.4888161908506932;0.18372963615110308;0.014695035773597874;0.9776323817013864
772202.0;3301936.3152;0.4287469963561297;0.18385857812932668;0.0688534725249752;0.8574939927122593
772093.0;1152068.0802;0.4845599165516257;0.18397378038855924;0.024023445740547825;0.9691198331032514
771993.0;3587355.747399999;0.41904250403673876;0.18407947053464419;0.07480516788100337;0.8380850080734775
771937.0;3786735.6082000015;0.4141095813877181;0.18413865701645174;0.07896272709994756;0.8282191627754362
771781.0;1018715.3875;0.4870844858306551;0.1843035336443442;0.021242714955195058;0.9741689716613102
771669.0;908015.4648000001;0.48762930770751567;0.18442190660795932;0.018934349996411883;0.9752586154150313
770771.0;882529.1094999998;0.4878052521974753;0.1853710041198019;0.01840289696494903;0.9756105043949506
770626.0;1027645.8838;0.486766473766402;0.18552425483162502;0.021428937711459574;0.973532947532804
770447.0;935530.2460999998;0.48556419391381594;0.18571344019311703;0.019508100686135732;0.9711283878276319
770334.0;881029.1057999999;0.48550407983231125;0.185832870058193;0.018371618207975473;0.9710081596646225
769220.0;3100264.4637000025;0.4393818359118625;0.187010258285579;0.06464811967719476;0.878763671823725
769199.0;1113124.1531;0.4847156597652305;0.18703245321625683;0.023211369322765046;0.969431319530461
768922.0;3223022.7637000005;0.4336010028877545;0.18732521492091206;0.0672079313844507;0.867202005775509
768880.0;3342734.4620999997;0.42800851995860656;0.18736960478226772;0.06970421397438406;0.8560170399172131
768768.0;3196257.420400001;0.43346400279527003;0.18748797774588283;0.0666498083155579;0.8669280055905401
768535.0;1993229.9828999997;0.4842399230249962;0.1877342357862607;0.04156373496114784;0.9684798460499924
768447.0;1041521.7864999997;0.48401708664255727;0.18782724311481544;0.021718284323299298;0.9680341732851145
768421.0;839318.0352999999;0.4853353068271298;0.1878547225527975;0.01750184006191056;0.9706706136542596
768401.0;3856504.3930000006;0.4087965779751128;0.1878758605820145;0.0804175774207166;0.8175931559502256
768128.0;803622.6737999999;0.48577249092486097;0.18816439468082632;0.016757504206311107;0.9715449818497219
767945.0;2604192.0495999996;0.4659747505048702;0.18835780764816173;0.05430379287192026;0.9319495010097404
767658.0;4790971.987500003;0.3428218495713859;0.18866113836742546;0.09990351921408167;0.6856436991427718
767542.0;619517.2539000001;0.4844298609538945;0.18878373893688397;0.012918454551588784;0.968859721907789
767535.0;3795843.5238000024;0.41275994670160143;0.1887911372471099;0.07915264948386443;0.8255198934032029
767089.0;3567888.680800002;0.41976834113878014;0.18926251529864865;0.07439923178553282;0.8395366822775603
766751.0;1022801.0919999998;0.48373033010850897;0.18961974799241568;0.021327911917123403;0.9674606602170179
766581.0;1044227.1588;0.4804354975107045;0.18979942124076005;0.02177469797260877;0.960870995021409
766167.0;832282.4996;0.48294717729546943;0.1902369784455516;0.017355131882898004;0.9658943545909389
766155.0;3206946.4973;0.43097377218929317;0.1902496612630818;0.06687270179150516;0.8619475443785863
766019.0;2920984.572200002;0.4486010409287424;0.1903933998617573;0.060909694127661375;0.8972020818574848
765573.0;712534.2773;0.4839953443269348;0.19086477791329604;0.014858087680048725;0.9679906886538696
764783.0;924893.0526999999;0.482759157408018;0.1916997300673669;0.019286289108444727;0.965518314816036
764651.0;3386709.9564000014;0.42458165003833803;0.191839241060199;0.07062121091179288;0.8491633000766761
764424.0;825022.2978000002;0.4821317850810813;0.19207915769181177;0.017203738864546656;0.9642635701621626
764209.0;814286.9173000002;0.4817304578858937;0.19230639150589435;0.01697987984494678;0.9634609157717874
763756.0;2522595.4844999993;0.4712944250913145;0.19278516786765904;0.052602304315831946;0.942588850182629
763292.0;2152412.729999999;0.4768462720397569;0.19327557014549304;0.044883085747365534;0.9536925440795138
763181.0;726455.3912;0.4815004542129972;0.19339288620764733;0.015148377056321157;0.9630009084259944
762831.0;713029.6711;0.48259000987234807;0.19376280171894453;0.01486841785608523;0.9651800197446961
762601.0;609226.3204999999;0.4823917719288941;0.19400588905493985;0.012703863344347302;0.9647835438577882
762588.0;815166.9364000001;0.48030877391240623;0.1940196287739309;0.01699823040205606;0.9606175478248125
762540.0;1607738.8073;0.4766226776388995;0.19407036004405165;0.033525298257928965;0.953245355277799
762489.0;900734.9052999996;0.4796267566298787;0.19412426201855496;0.018782532470073745;0.9592535132597574
762317.0;791753.9985;0.48104478789512173;0.19430604906982102;0.01651001320991771;0.9620895757902435
762076.0;750895.5586999999;0.4807283924290374;0.19456076232188568;0.015658014505632506;0.9614567848580748
761729.0;2076557.6599999997;0.4765467498659766;0.19492750712880036;0.043301321449222586;0.9530934997319532
761686.0;2582642.9104;0.46589277604526297;0.19497295389161687;0.0538544404549721;0.9317855520905259
761334.0;2508356.3593;0.4685904164652288;0.1953449832058358;0.05230538362380508;0.9371808329304576
760260.0;3462613.559500002;0.42458109438338976;0.19648009537478783;0.07220398724413289;0.8491621887667795
760196.0;570744.5970000001;0.4825020761958041;0.19654773706828219;0.0119014250055084;0.9650041523916082
760032.0;526179.9853000001;0.4797678600736123;0.19672106890786145;0.010972143525079156;0.9595357201472245
759976.0;3204775.100700002;0.4320455033339141;0.196780255389669;0.06682742284549686;0.8640910066678282
759790.0;746808.5242999999;0.47946101107372663;0.19697683906138694;0.015572789812026632;0.9589220221474533
759359.0;1896620.5658999996;0.47489401025974;0.19743236359101296;0.039549191613221256;0.94978802051948
759324.0;518609.0214000001;0.4770369732189723;0.19746935514214267;0.010814270354577183;0.9540739464379446
759174.0;505052.0862;0.481037153206675;0.19762789036127007;0.010531574997607667;0.96207430641335
758106.0;541530.0779;0.47582449370077134;0.198756661121457;0.011292230612835694;0.9516489874015427
758026.0;446934.3532000001;0.4788207440289564;0.19884121323832493;0.009319677689380218;0.9576414880579128
757922.0;2849842.799599999;0.45030162642410915;0.19895113099025324;0.05942621364303075;0.9006032528482183
757883.0;524079.3939999999;0.47592361616376677;0.19899235014722638;0.010928341043276292;0.9518472323275335
757877.0;0.0;0.4482183675248836;0.19899869155599148;0.0;0.8964367350497672
756930.0;0.0;0.44813563303195164;0.19999957723941567;0.0;0.8962712660639033
756690.0;2966924.187599999;0.4451842575350387;0.20025323359001948;0.06186764780841249;0.8903685150700774
755894.0;0.0;0.4471824781921552;0.20109452715285542;0.0;0.8943649563843104
755763.0;0.0;0.4460704134256491;0.20123298124422667;0.0;0.8921408268512983
754335.0;3440001.4911999996;0.4212038250321547;0.20274223653031934;0.07173247014785819;0.8424076500643094
753958.0;0.0;0.44501454690648146;0.20314068838105948;0.0;0.8900290938129629
752361.0;3322554.1799;0.42582219686092865;0.20482856001403565;0.06928340558398367;0.8516443937218573
750230.0;0.0;0.4441431022660996;0.2070808170271053;0.0;0.8882862045321992
749086.0;0.0;0.4440052220256616;0.20828991229831678;0.0;0.8880104440513232
747993.0;3016499.506400002;0.44301625803407013;0.20944510559502497;0.06290141482420854;0.8860325160681403
747760.0;2984263.2748000002;0.4430951853823718;0.2096913636354028;0.06222921031300644;0.8861903707647436
746852.0;0.0;0.44278812120358385;0.21065103016185388;0.0;0.8855762424071677
745786.0;0.0;0.44270734895558567;0.21177768711911912;0.0;0.8854146979111713
745161.0;3084068.2062;0.43999410158708774;0.21243825053214987;0.06431038797545044;0.8799882031741755
744116.0;0.0;0.4416191550548554;0.2135427125587373;0.0;0.8832383101097108
742295.0;0.0;0.43984140489951135;0.2154673301189437;0.0;0.8796828097990227
740304.0;4454310.959800002;0.3770911682910486;0.21757162092749444;0.09288331088533083;0.7541823365820972
739995.0;3093702.9595000017;0.43697953700357905;0.21789820347889685;0.06451129621785742;0.8739590740071581
739898.0;0.0;0.4395376386283395;0.21800072292059922;0.0;0.879075277256679
738261.0;0.0;0.4376430599956325;0.21973087061200935;0.0;0.875286119991265
736936.0;0.0;0.4351483068626969;0.22113126504763456;0.0;0.8702966137253938
733233.0;0.0;0.4342159670533037;0.22504497115715913;0.0;0.8684319341066074
732629.0;0.0;0.4335184620134015;0.22568333963951204;0.0;0.867036924026803
727735.0;0.0;0.4292800558893208;0.23085581538890804;0.0;0.8585601117786416
722930.0;0.0;0.42281892289656337;0.23593422690828844;0.0;0.8456378457931267
712189.0;0.0;0.4205521150151877;0.24728640549926967;0.0;0.8411042300303754
708993.0;0.0;0.41598595180301695;0.2506642625681437;0.0;0.8319719036060339
705995.0;0.0;0.41515064242028515;0.2538328531477696;0.0;0.8303012848405703
704855.0;0.0;0.41283782922278733;0.2550377208131377;0.0;0.8256756584455747
701837.0;0.0;0.41177224495357734;0.2582274494219806;0.0;0.8235444899071547
700515.0;0.0;0.41136791521705945;0.25962467315322324;0.0;0.8227358304341189
700419.0;0.0;0.4031512635869046;0.25972613569346475;0.0;0.8063025271738092
696019.0;0.0;0.4011705588780312;0.26437650212120123;0.0;0.8023411177560624
695142.0;0.0;0.3969229203749237;0.26530340470236596;0.0;0.7938458407498474
685232.0;0.0;0.3962360683158537;0.27577729817938157;0.0;0.7924721366317073
684365.0;0.0;0.3950759223318053;0.2766936317459378;0.0;0.7901518446636105
683157.0;0.0;0.39029738977382533;0.2779703687106436;0.0;0.7805947795476507
681809.0;0.0;0.3895673496009347;0.27939507187986834;0.0;0.7791346992018694
681217.0;0.0;0.38877682914807216;0.2800207575446911;0.0;0.7775536582961443
680354.0;0.0;0.3862341599540446;0.2809328635054039;0.0;0.7724683199080892
679446.0;0.0;0.3860094409334667;0.281892530031855;0.0;0.7720188818669333
679124.0;0.0;0.38567082872033925;0.2822328523022484;0.0;0.7713416574406785
673378.0;0.0;0.3806738217936418;0.288305808096288;0.0;0.7613476435872836
673278.0;0.0;0.37976666861002983;0.2884114982423729;0.0;0.7595333372200597
672251.0;0.0;0.3778980885954878;0.289496936042665;0.0;0.7557961771909756
671554.0;0.0;0.3774392373787259;0.29023359636087687;0.0;0.7548784747574518
666580.0;0.0;0.36996575796745335;0.2954906242271408;0.0;0.7399315159349067
660199.0;0.0;0.36535906186801215;0.30223471244881955;0.0;0.7307181237360243
659970.0;0.0;0.3640427828469887;0.302476742883354;0.0;0.7280855656939774
657101.0;0.0;0.3630078387537319;0.30550899317453034;0.0;0.7260156775074638
652359.0;0.0;0.35673872421798414;0.31052081990187724;0.0;0.7134774484359683
647872.0;0.0;0.35128791043639823;0.31526313675670764;0.0;0.7025758208727965
643992.0;0.0;0.3508802051553788;0.3193639144248025;0.0;0.7017604103107576
643838.0;0.0;0.34968708099530776;0.3195266772497733;0.0;0.6993741619906155
641101.0;0.0;0.34816065385153466;0.32241941654811757;0.0;0.6963213077030693
639587.0;0.0;0.3470967423999528;0.3240195653598432;0.0;0.6941934847999056
638193.0;0.0;0.34448911542364785;0.325492885996267;0.0;0.6889782308472957
635592.0;0.0;0.3441076335960423;0.3282418866959358;0.0;0.6882152671920846
633830.0;0.0;0.3377935995942206;0.33010414706995206;0.0;0.6755871991884412
625151.0;0.0;0.3341305429420526;0.3392769948486623;0.0;0.6682610858841052
624558.0;0.0;0.33007003200957225;0.33990373741494584;0.0;0.6601400640191445
619658.0;0.0;0.323361423372051;0.34508255457310694;0.0;0.646722846744102
613655.0;0.0;0.3232550267278981;0.3514271340425847;0.0;0.6465100534557962
613201.0;0.0;0.3198056069106651;0.3519069673058102;0.0;0.6396112138213302
611285.0;0.0;0.3180959297046432;0.3539319905047973;0.0;0.6361918594092864
609963.0;0.0;0.3179714519265032;0.3553292142360399;0.0;0.6359429038530064
608868.0;0.0;0.3156226764528939;0.35648652133566977;0.0;0.6312453529057878
606093.0;0.0;0.3154031998748595;0.35941942288952633;0.0;0.630806399749719
603326.0;0.0;0.3123268103668138;0.36234386923169604;0.0;0.6246536207336276
602597.0;0.0;0.3118748116875473;0.36311435039665513;0.0;0.6237496233750947
602560.0;0.0;0.3116391912831128;0.36315345575070657;0.0;0.6232783825662256
600852.0;0.0;0.3100750243131818;0.36495864344583695;0.0;0.6201500486263636
598013.0;0.0;0.3080259642861921;0.36795918669318783;0.0;0.6160519285723842
597439.0;0.0;0.3042199433859953;0.3685658481317153;0.0;0.6084398867719906
594978.0;0.0;0.3023350300669323;0.37116688262686515;0.0;0.6046700601338646
592819.0;0.0;0.29923018533384044;0.3734487328808386;0.0;0.5984603706676809
589537.0;0.0;0.2974223478816425;0.37691748347534565;0.0;0.594844695763285
586969.0;0.0;0.2946027974568499;0.3796316064268064;0.0;0.5892055949136998
584932.0;0.0;0.2944277450940266;0.3817845147025562;0.0;0.5888554901880532
584066.0;0.0;0.2908771259203802;0.38269979136765164;0.0;0.5817542518407604
580587.0;0.0;0.2907518078637683;0.386376751549946;0.0;0.5815036157275366
577124.0;0.0;0.28957665513145836;0.39003680130886675;0.0;0.5791533102629167
577090.0;0.0;0.2860935509948324;0.39007273595853564;0.0;0.5721871019896648
575622.0;0.0;0.2851094492257713;0.39162426730306227;0.0;0.5702188984515426
574327.0;0.0;0.2845587936320895;0.392992954694862;0.0;0.569117587264179
570662.0;0.0;0.28158058794836394;0.3968664985488743;0.0;0.5631611758967279
568674.0;0.0;0.2799124277147781;0.3989676186530425;0.0;0.5598248554295562
564910.0;0.0;0.2749129547408847;0.4029457957516789;0.0;0.5498259094817693
563504.0;0.0;0.27109145177892585;0.4044317992056329;0.0;0.5421829035578517
562354.0;0.0;0.27083823942268326;0.4056472358856094;0.0;0.5416764788453665
558519.0;0.0;0.2669335201030578;0.40970045298796615;0.0;0.5338670402061156
555521.0;0.0;0.2666577271710891;0.412869043567592;0.0;0.5333154543421782
554171.0;0.0;0.26534642599804864;0.41429586053973844;0.0;0.5306928519960973
552632.0;0.0;0.26267570137580676;0.41592243188798533;0.0;0.5253514027516135
549966.0;0.0;0.2619332733893629;0.41874013118260933;0.0;0.5238665467787258
548532.0;0.0;0.2598594014741775;0.42025572787746707;0.0;0.519718802948355
547946.0;0.0;0.2594042818464383;0.4208750721335247;0.0;0.5188085636928766
542594.0;0.0;0.2588909021278759;0.42653160875198964;0.0;0.5177818042557518
542576.0;0.0;0.2588524575380547;0.4265506329782849;0.0;0.5177049150761094
541073.0;0.0;0.2547006163798106;0.42813915587394125;0.0;0.5094012327596212
538047.0;0.0;0.2519736990661005;0.4313373396944709;0.0;0.503947398132201
536419.0;0.0;0.2505192043301848;0.43305797527273343;0.0;0.5010384086603696
532475.0;0.0;0.24398142733910727;0.43722639463432267;0.0;0.48796285467821454
529068.0;0.0;0.24144627149019063;0.4408272579114359;0.0;0.48289254298038126
520715.0;0.0;0.23940340437475308;0.44965555581390926;0.0;0.47880680874950615
518854.0;0.0;0.23376049554057754;0.4516224494325496;0.0;0.4675209910811551
513592.0;0.0;0.22901781713571584;0.4571838649195381;0.0;0.4580356342714317
505433.0;0.0;0.22838192570161017;0.4658071239386067;0.0;0.45676385140322034
501617.0;0.0;0.22350787597717928;0.46984025991320727;0.0;0.44701575195435855
498296.0;0.0;0.22136075540924702;0.4733502296646874;0.0;0.44272151081849404
490686.0;0.0;0.21536805440350051;0.48139324978174985;0.0;0.43073610880700103
481176.0;0.0;0.2121762344371145;0.49144438267442575;0.0;0.424352468874229
476784.0;0.0;0.21169964999531982;0.4960862938904754;0.0;0.42339929999063963
470964.0;0.0;0.2099883874437987;0.5022374603926177;0.0;0.4199767748875974
469500.0;0.0;0.2091079627798505;0.503784764131301;0.0;0.418215925559701
466931.0;0.0;0.20808817444682315;0.5064999439842226;0.0;0.4161763488936463
465872.0;0.0;0.20783698243240128;0.5076192026312619;0.0;0.41567396486480257
464365.0;0.0;0.20652400711388488;0.5092119531327616;0.0;0.41304801422776977
459840.0;0.0;0.19951805432252162;0.5139944322431043;0.0;0.39903610864504324
449896.0;0.0;0.19738748351525653;0.5245042603697887;0.0;0.39477496703051307
446356.0;0.0;0.19443488087180283;0.5282456915411948;0.0;0.38886976174360566
444792.0;0.0;0.18847320742327386;0.529898685425963;0.0;0.37694641484654773
436188.0;0.0;0.18738958036544864;0.5389922655951095;0.0;0.3747791607308973
430140.0;0.0;0.18114089710884707;0.5453844056303254;0.0;0.36228179421769413
411693.0;0.0;0.17939776108335168;0.5648810668786106;0.0;0.35879552216670335
404935.0;0.0;0.17640890475197965;0.5720236069510295;0.0;0.3528178095039593
391419.0;0.0;0.175448062925449;0.5863086870958673;0.0;0.350896125850898
378833.0;0.0;0.17395168408938766;0.5996108488821154;0.0;0.3479033681787753
374882.0;0.0;0.1736484850543719;0.6037866665539305;0.0;0.3472969701087438
372460.0;0.0;0.17265004572635909;0.6063464818921073;0.0;0.34530009145271817
368551.0;0.0;0.171440400830613;0.6104779097025668;0.0;0.342880801661226
365317.0;0.0;0.17142108942026577;0.6138959290269531;0.0;0.34284217884053153
358986.0;0.0;0.1678378262234446;0.6205871721755893;0.0;0.3356756524468892
346406.0;0.0;0.16651511059011637;0.6338829925530723;0.0;0.33303022118023273
339648.0;0.0;0.16266055607282276;0.6410255326254912;0.0;0.3253211121456455
336740.0;0.0;0.1616887301038908;0.6440990020736407;0.0;0.3233774602077816
323224.0;0.0;0.15854080964840944;0.6583840822184784;0.0;0.3170816192968189
305757.0;0.0;0.1561018030101764;0.6768449800351314;0.0;0.3122036060203528
292241.0;0.0;0.154500793120741;0.6911300601799691;0.0;0.309001586241482
278725.0;0.0;0.15339557334898482;0.705415140324807;0.0;0.30679114669796964
