939955.0;7000664.4651999995;0.14848434329422155;0.006560187367490979;0.1459810282204132;0.2969686865884431
939948.0;7773903.020799996;0.14848407176850162;0.006567585677716924;0.16210494902354083;0.29696814353700324
939947.0;8264158.177199995;0.14848311646117132;0.006568642579177773;0.17232797173479808;0.29696623292234264
939940.0;1.08080241255E7;0.1484803022169898;0.006576040889403717;0.2253738174018382;0.2969606044339796
939930.0;8175854.311799998;0.14848341417045302;0.006586609904012209;0.17048661951301863;0.29696682834090604
939852.0;8629854.038599998;0.1484812403607124;0.006669048217958447;0.1799536275748251;0.2969624807214248
939844.0;8877833.878999997;0.14848001192658614;0.006677503429645241;0.18512461559453042;0.2969600238531723
938752.0;7158554.3315;0.14848210179684515;0.007831639824892565;0.14927341927023893;0.2969642035936903
938752.0;1.0124705638999991E7;0.14847995821535975;0.007831639824892565;0.21112495063252676;0.2969599164307195
936539.0;6877808.605700002;0.17832777586964385;0.010170562757751843;0.14341918215824803;0.3566555517392877
936470.0;7477652.685699998;0.14848008932863319;0.010243488958550439;0.155927402771536;0.29696017865726637
935619.0;9601917.858499993;0.14847598723870378;0.011142912101733108;0.2002235428993285;0.29695197447740757
935348.0;9293245.947499994;0.14847576768091159;0.01142933239762324;0.19378697631703734;0.29695153536182317
934862.0;1.014740882159999E7;0.148464587162069;0.01194298650759595;0.21159836768547918;0.296929174324138
933852.0;6792744.422600002;0.2129588549999793;0.013010456983053642;0.14164538526005419;0.4259177099999586
932538.0;6619119.722000001;0.22396689762226804;0.01439922550260949;0.13802488431417356;0.4479337952445361
930534.0;6892151.8265999975;0.15636437269479936;0.016517256030151285;0.14371827350098873;0.3127287453895987
929455.0;6838116.543399998;0.16501684840847522;0.01765765270640757;0.14259150528621017;0.33003369681695044
928395.0;6810365.615199998;0.1708058680610396;0.018777968254907722;0.14201283035430268;0.3416117361220792
927532.0;6413184.7535999995;0.23223138145752362;0.019690074215620582;0.1337306350206943;0.46446276291504723
925787.0;5957539.1986000035;0.24424932082963022;0.021534367264802432;0.12422930740335075;0.48849864165926044
925559.0;6217014.642500003;0.2395030544829205;0.02177534079787605;0.12964000695719488;0.479006108965841
925033.0;6173775.335800002;0.24100713504436977;0.02233127096628273;0.12873836133727107;0.48201427008873954
921953.0;5737908.554400004;0.2587545774115399;0.025586527465698262;0.11964946967103178;0.5175091548230798
918995.0;5683809.918300004;0.2753639515604435;0.028712841986890194;0.11852138039287004;0.550727903120887
916815.0;5471530.072800001;0.29597386115605356;0.031016887171541448;0.11409482484652084;0.5919477223121071
915406.0;5612882.839700002;0.28377594118030136;0.03250606132987797;0.11704237680482955;0.5675518823606027
913645.0;5382232.444100003;0.3084861415293684;0.03436726480243341;0.11223275022202331;0.6169722830587367
908844.0;5263084.793400002;0.3039085808452637;0.03944144871597041;0.10974822941036406;0.6078171616905274
900813.0;5203340.0352;0.3233681883762379;0.04792942434805034;0.10850240463527722;0.6467363767524758
900408.0;5075289.5229;0.3379354831608329;0.04835746943969426;0.10583223731864229;0.6758709663216658
898752.0;4979274.852;0.34324854876688937;0.050107698258860536;0.10383009588593956;0.6864970975337787
891993.0;4851684.930200002;0.3665991583310701;0.05725129523274027;0.10116953301115626;0.7331983166621402
888834.0;4762350.745600001;0.36435829766968775;0.06059004694756289;0.09930669610646427;0.7287165953393755
885396.0;4624699.099300001;0.3734597067211108;0.06422367416996244;0.09643632159230268;0.7469194134422216
881307.0;4194529.031500002;0.4373237684868556;0.06854534424337481;0.08746622037987518;0.8746475369737112
878967.0;3938932.8931;0.44806094462688206;0.07101849366176194;0.08213641386246864;0.8961218892537641
878346.0;3899403.1083999993;0.440218516788695;0.07167482946894929;0.08131212087649238;0.88043703357739
876423.0;3521568.783399999;0.4387506162349322;0.0737072509781623;0.07343334829216883;0.8775012324698644
871536.0;4065293.480500003;0.4315568539655352;0.07887232841733234;0.08477134209919293;0.8631137079310705
870094.0;4393624.2645;0.3985167140309135;0.08039638032387689;0.09161784441093665;0.797033428061827
868603.0;3112228.644199999;0.4537882950840346;0.08197222040200304;0.06489760219130268;0.9075765901680692
865090.0;3071217.813899998;0.45774830286233115;0.08568511523396628;0.06404242577124611;0.9154966057246623
857580.0;3020627.7405999987;0.46213288232305727;0.09362244520494377;0.06298749863471623;0.9242657646461145
855182.0;2935995.261799999;0.4656545338032989;0.09615689490806015;0.06122270383024;0.9313090676065978
848655.0;2498071.8058999996;0.48103347704756383;0.10305529074302286;0.05209092545521509;0.9620669540951277
846250.0;2892680.874199999;0.4733940526381608;0.10559713875636519;0.060319492589361756;0.9467881052763216
843625.0;2725419.634799999;0.47301341054960827;0.10837150509109433;0.05683168542042681;0.9460268210992165
832670.0;2335274.305699999;0.48852933016563804;0.11994986059469731;0.04869619819910311;0.9770586603312761
820990.0;2147402.1829999993;0.4893058439627364;0.13229446965741595;0.04477860355047656;0.9786116879254728
807922.0;1943493.4060999998;0.4939550418881171;0.1461060579477933;0.04052660532045164;0.9879100837762342
802121.0;1717985.2278000005;0.49615257295750576;0.1522371433221795;0.035824206583304666;0.9923051459150115
799768.0;1703487.4081999997;0.49573124490366494;0.15472403245955765;0.0355218914784053;0.9914624898073299
790689.0;1537063.2517000006;0.49649409611574513;0.16431964082260755;0.03205153954147802;0.9929881922314903
780904.0;1272371.7316;0.491625806624806;0.17466142161701695;0.02653207200271799;0.983251613249612
771781.0;1018715.3875;0.4870844858306551;0.1843035336443442;0.021242714955195058;0.9741689716613102
763529.0;1359738.0391;0.4846229837174362;0.1930250844992718;0.02835387384225329;0.9692459674348723
760991.0;1162343.6893;0.48651272754249264;0.19570750040690707;0.024237717398540533;0.9730254550849853
753616.0;729892.8143;0.48199061312483127;0.2035021486806699;0.015220055760687154;0.9639812262496625
753599.0;557020.9151999999;0.478310350323288;0.20352011600550435;0.011615252572863957;0.956620700646576
752967.0;0.0;0.4476814094639086;0.20418807772876105;0.0;0.8953628189278172
745259.0;0.0;0.44276111565777654;0.21233467418898666;0.0;0.8855222313155531
720357.0;0.0;0.4272323094936619;0.23865363436705342;0.0;0.8544646189873238
715516.0;0.0;0.4246282648371589;0.24377009433902438;0.0;0.8492565296743178
705116.0;0.0;0.42066724941424927;0.2547618695318561;0.0;0.8413344988284985
697513.0;0.0;0.41208569924491906;0.2627974913386925;0.0;0.8241713984898381
690047.0;0.0;0.4069009721171837;0.27068831764539264;0.0;0.8138019442343674
684889.0;0.0;0.40483117822318276;0.27613981538045285;0.0;0.8096623564463655
680754.0;0.0;0.3943816882007907;0.28051010292106426;0.0;0.7887633764015815
672880.0;0.0;0.38539458930372333;0.28883214502379084;0.0;0.7707891786074467
657498.0;0.0;0.37901282937723746;0.30508940329457324;0.0;0.7580256587544749
654653.0;0.0;0.36826579280934657;0.3080962879506892;0.0;0.7365315856186931
634842.0;0.0;0.35626292954271854;0.32903456279157267;0.0;0.7125258590854371
634364.0;0.0;0.3466125134825634;0.3295397616898586;0.0;0.6932250269651268
618767.0;0.0;0.3289909108678314;0.34602425377472357;0.0;0.6579818217356628
607127.0;0.0;0.3180268730219646;0.35832658677900825;0.0;0.6360537460439292
602597.0;0.0;0.3118748116875473;0.36311435039665513;0.0;0.6237496233750947
594537.0;0.0;0.30810833351891115;0.37163297617109964;0.0;0.6162166670378223
584066.0;0.0;0.2908771259203802;0.38269979136765164;0.0;0.5817542518407604
573045.0;0.0;0.286285972362341;0.39434790236767064;0.0;0.572571944724682
556748.0;0.0;0.2814726476698539;0.41157222547513006;0.0;0.5629452953397078
551611.0;0.0;0.2695021372685696;0.41700152827951237;0.0;0.5390042745371392
538909.0;0.0;0.26173254578548977;0.4304262906352189;0.0;0.5234650915709795
518637.0;0.0;0.25674359373644345;0.45185179704955386;0.0;0.5134871874728869
517086.0;0.0;0.24814840093234425;0.453491051215331;0.0;0.4962968018646885
505965.0;0.0;0.2360378164426653;0.4652448523614349;0.0;0.4720756328853306
491394.0;0.0;0.2336892191492978;0.4806449635474686;0.0;0.4673784382985956
476034.0;0.0;0.22711059471028247;0.4968789699861123;0.0;0.45422118942056494
464014.0;0.0;0.2204900952262157;0.5095829255455196;0.0;0.4409801904524314
446676.0;0.0;0.21720714716749878;0.5279074830737231;0.0;0.43441429433499756
438506.0;0.0;0.20795096867489465;0.536542368008861;0.0;0.4159019373497893
424990.0;0.0;0.2031915794047371;0.5508274481536989;0.0;0.4063831588094742
418232.0;0.0;0.20041112356354393;0.5579699882261178;0.0;0.40082224712708786
411474.0;0.0;0.19778217215797866;0.5651125282985366;0.0;0.39556434431595733
397958.0;0.0;0.19434468537470725;0.5793976084433744;0.0;0.3886893707494145
387249.0;0.0;0.19053601790596505;0.5907159661876085;0.0;0.3810720358119301
380491.0;0.0;0.18840548642895322;0.5978585062600273;0.0;0.37681097285790643
361661.0;0.0;0.1868856794383224;0.6177599607678178;0.0;0.3737713588766448
358423.0;0.0;0.1816221933339536;0.6211822076980474;0.0;0.3632443866679072
339943.0;0.0;0.18050800675160317;0.6407137466945407;0.0;0.36101601350320633
