939955.0;6688717.679000002;0.14848434329422155;0.006560187367490979;0.13947617245623567;0.2969686865884431
939525.0;6681916.934200003;0.15663952725136482;0.007014654995656135;0.1393343602434802;0.31327905450272964
939329.0;7319688.306600003;0.1484800389054002;0.007221807681982578;0.15263345794703456;0.2969600778108004
938636.0;6592189.608;0.16083028868092533;0.007954240394351072;0.1374633253719681;0.32166057736185066
938407.0;1.1353658788400007E7;0.1484696305430106;0.00819627082888554;0.2367516386813453;0.2969392610860212
937260.0;1.0426936495600004E7;0.14846916679173763;0.009408536804479572;0.2174272054292999;0.29693833358347527
935985.0;6971116.2051;0.14848003952580535;0.0107560861670623;0.14536487450915273;0.2969600790516107
935788.0;9861434.597100006;0.14847578544919368;0.010964295754849593;0.20563510354897263;0.29695157089838736
934619.0;1.1005810436400006E7;0.14846714432529595;0.012199813562582306;0.22949814719605016;0.2969342886505919
934474.0;1.0700109455900006E7;0.14846525473072453;0.01235306427440544;0.22312353180300923;0.29693050946144905
933799.0;6523562.915900003;0.19759656400531012;0.01306647276047865;0.13603229048579074;0.39519312801062023
932586.0;6236248.576500003;0.203307536930026;0.014348494232488728;0.1300410816660316;0.406615073860052
928921.0;6008196.505000003;0.20883060890369648;0.018222038086501042;0.12528563651495275;0.41766121780739296
922575.0;5869560.2084;0.25033394261566533;0.02492913475705006;0.12239472962647922;0.5006678852313307
921561.0;5734203.188200002;0.26527457305168545;0.02600083283835115;0.11957220369570924;0.5305491461033709
917208.0;5567379.573399999;0.29471570012891685;0.030601524897427713;0.11609352207327059;0.5894314002578337
914658.0;5478128.6395999985;0.3014189820657819;0.03329662362259317;0.11423242115199056;0.6028379641315638
910814.0;5394666.426399996;0.3172123925732236;0.03735935283809749;0.11249202925618504;0.6344247851464472
908850.0;5392489.3825999955;0.32600384545899097;0.03943510730720532;0.11244663255220291;0.6520076909179819
906107.0;5196862.859299997;0.3336299769533038;0.042334188014314676;0.10836733962787011;0.6672599539066076
905953.0;5190271.5700999955;0.33147290747334673;0.04249695083928545;0.1082298950782138;0.6629458149466935
903119.0;5002609.588199997;0.34970361414485074;0.04549220957933208;0.10431668238078742;0.6994072282897015
900569.0;4930246.303399999;0.3547088495497918;0.048187308304497536;0.10280773037015731;0.7094176990995836
894715.0;4768283.896199999;0.3688699611840431;0.05437440945630875;0.09943041685175634;0.7377399223680862
888883.0;4649819.328499999;0.39062254506108424;0.06053825877598128;0.09696013999639519;0.7812450901221685
884017.0;4635465.112899997;0.40254306321661937;0.06568114128447348;0.09666081938718701;0.8050861264332387
882611.0;4288022.3543;0.4240757428353542;0.06716714473842746;0.08941578551928896;0.8481514856707084
881688.0;4111659.5200999975;0.4285857890179047;0.06814266478679126;0.08573818777062338;0.8571715780358093
880862.0;4462291.522900002;0.3965620224132015;0.0690156653934527;0.09304972520398688;0.793124044826403
879473.0;3804365.6062;0.4372135225677186;0.07048370152257225;0.07933035580838761;0.8744270451354372
879312.0;3532850.8016999993;0.4372302766171641;0.07065386265776896;0.07366860605091766;0.8744605532343283
875636.0;3488845.7502999995;0.44386849751994745;0.07453903242785062;0.07275099277546401;0.8877369950398949
872178.0;3231015.2334000007;0.4498913845510613;0.07819379767946716;0.06737459398492619;0.8997827691021226
869493.0;3080256.8246999984;0.45735996097528364;0.08103157810184725;0.06423091132104482;0.9147199219505673
861548.0;2830756.981999999;0.463054046850202;0.08942866020829414;0.05902822752449512;0.926108093700404
860942.0;2903161.5516999993;0.46156850809054856;0.09006914249356876;0.06053804042657093;0.9231370161810971
855255.0;2775856.146499999;0.46869277080010463;0.09607974110141815;0.0578834104208774;0.9373855416002093
849393.0;2692130.318799999;0.4728941776350119;0.10227529746491616;0.056137521516044425;0.9457883552700238
845912.0;2407731.867899999;0.48722333386366334;0.10595437145013221;0.05020711612480581;0.9744466677273267
845014.0;2594995.771599999;0.47772148412337123;0.10690346896197479;0.05411202791519162;0.9554429682467425
837348.0;2274915.9562;0.49145316355404467;0.11500567556084476;0.04743757854014118;0.9829063271080893
831811.0;2097312.1724000005;0.4925989252812633;0.12085773894956678;0.04373410394800199;0.9851978505625266
829545.0;2255285.3061999995;0.4911318904183216;0.12325267765985107;0.047028231329475624;0.9822637808366432
824117.0;2046704.3756000004;0.49365798007634454;0.12898953878934052;0.04267880723301757;0.9873159601526891
810713.0;1813384.5985000003;0.4979127205438711;0.14315624597056317;0.037813517497374945;0.9958254410877422
808403.0;1747892.792;0.4993635045233086;0.14559768834512482;0.0364478526664996;0.9987270090466172
798743.0;1967010.0986;0.49747471314617403;0.1558073564569281;0.041016986050532125;0.9949494262923481
796090.0;1397593.0877;0.4952095851537362;0.158611316032561;0.02914324447206019;0.9904191703074724
775893.0;1505963.5033999998;0.4864119614062513;0.1799575548373323;0.031403033495116535;0.9728239228125026
772093.0;1152068.0802;0.4845599165516257;0.18397378038855924;0.024023445740547825;0.9691198331032514
770334.0;881029.1057999999;0.48550407983231125;0.185832870058193;0.018371618207975473;0.9710081596646225
765573.0;712534.2773;0.4839953443269348;0.19086477791329604;0.014858087680048725;0.9679906886538696
762588.0;815166.9364000001;0.48030877391240623;0.1940196287739309;0.01699823040205606;0.9606175478248125
757883.0;524079.3939999999;0.47592361616376677;0.19899235014722638;0.010928341043276292;0.9518472323275335
757566.0;0.0;0.448795131778493;0.19932738791031557;0.0;0.897590263556986
746111.0;0.0;0.44580816084817576;0.21143419414434314;0.0;0.8916163216963515
742295.0;0.0;0.43984140489951135;0.2154673301189437;0.0;0.8796828097990227
728121.0;0.0;0.4369582215192901;0.23044785142502025;0.0;0.8739164430385802
726826.0;0.0;0.4329732231426927;0.23181653881681996;0.0;0.8659464462853854
714045.0;0.0;0.4276786399554636;0.24532479638793356;0.0;0.8553572799109272
707266.0;0.0;0.41622781328761327;0.2524895313910303;0.0;0.8324556265752265
701207.0;0.0;0.4128842369370286;0.2588932973423156;0.0;0.8257684738740572
690163.0;0.0;0.4036685392336285;0.27056571707593413;0.0;0.807337078467257
680970.0;0.0;0.3985358730648405;0.28028181220552084;0.0;0.797071746129681
665338.0;0.0;0.38787586771416155;0.2968032958415155;0.0;0.7757517354283231
658485.0;0.0;0.3817292438205255;0.3040462415527151;0.0;0.763458487641051
649262.0;0.0;0.3768713938498896;0.31379404372612724;0.0;0.7537427876997792
642293.0;0.0;0.37152239728745146;0.3211595900067853;0.0;0.7430447945749029
627725.0;0.0;0.36328398309360854;0.3365565304884364;0.0;0.7265679661872171
622546.0;0.0;0.3617418510959693;0.3420302231541744;0.0;0.7234837021919386
619903.0;0.0;0.3438742019028435;0.3448236137151989;0.0;0.687748403805687
608676.0;0.0;0.34241832679171724;0.35668944641615286;0.0;0.6848366535834345
603030.0;0.0;0.32418539205325386;0.36265671206410743;0.0;0.6483707841065077
594999.0;0.0;0.3119498275243431;0.37114468769618736;0.0;0.6238996550486862
589336.0;0.0;0.3086455396610643;0.3771299206689763;0.0;0.6172910793221286
576819.0;0.0;0.2920863169543248;0.3903591562544258;0.0;0.5841726339086496
576264.0;0.0;0.28748208346771675;0.3909457365651971;0.0;0.5749641669354335
568960.0;0.0;0.2834908048514687;0.39866534483523963;0.0;0.5669816097029374
558318.0;0.0;0.27894463223121313;0.4099128901815968;0.0;0.5578892644624263
551630.0;0.0;0.2714068782026182;0.4169814471517563;0.0;0.5428137564052364
539960.0;0.0;0.26996129284488923;0.4293154871998664;0.0;0.5399225856897785
531339.0;0.0;0.2561392347979703;0.43842703469384736;0.0;0.5122784695959406
524336.0;0.0;0.2514366608261407;0.4458285156241743;0.0;0.5028733216522814
514513.0;0.0;0.24211732278243508;0.456210458674096;0.0;0.48423464556487017
502751.0;0.0;0.23710289040938531;0.4686417336566043;0.0;0.47420578081877063
498585.0;0.0;0.22928462702291677;0.47304478514250203;0.0;0.45856925404583354
491827.0;0.0;0.2244508165957055;0.4801873252149209;0.0;0.448901633191411
483945.0;0.0;0.22279265750738947;0.4885178225293343;0.0;0.44558531501477894
470769.0;0.0;0.21445489998146994;0.5024435561774834;0.0;0.4289097999629399
459646.0;0.0;0.20673536365075815;0.514199471126509;0.0;0.4134707273015163
452195.0;0.0;0.20129576825871556;0.5220744439112964;0.0;0.4025915365174311
441490.0;0.0;0.19903526847117736;0.5333885740496871;0.0;0.3980705369423547
424023.0;0.0;0.1958280027548111;0.55184947186634;0.0;0.3916560055096222
420735.0;0.0;0.1914190001356051;0.5553245638696122;0.0;0.3828380002712102
412623.0;0.0;0.18638077572334713;0.5638981485200208;0.0;0.37276155144669426
399107.0;0.0;0.18247734376000777;0.5781832286648586;0.0;0.36495468752001553
392349.0;0.0;0.17903330634861378;0.5853257687372776;0.0;0.35806661269722756
378833.0;0.0;0.17395168408938766;0.5996108488821154;0.0;0.3479033681787753
365317.0;0.0;0.1724726688730704;0.6138959290269531;0.0;0.3449453377461408
358559.0;0.0;0.17021876641810893;0.621038469099372;0.0;0.34043753283621786
