939955.0;6783100.5372999925;0.14848434329422155;0.006560187367490979;0.1414442865930443;0.2969686865884431
939954.0;6924342.195799994;0.1484839024859984;0.006561244268951829;0.1443895216686405;0.2969678049719968
939697.0;8610899.499199998;0.1484800638696036;0.0068328679443900725;0.17955837892881288;0.2969601277392072
938918.0;1.4243601640500009E7;0.14847714289179634;0.007656194182391599;0.2970140367929707;0.2969542857835927
938898.0;6732700.798299997;0.15306770767801336;0.0076773322116085825;0.14039332839360008;0.30613541535602673
938722.0;6687217.666599997;0.1604946510348704;0.007863346868718042;0.13944489351784567;0.3209893020697408
937665.0;6596361.832099998;0.16468359775601418;0.008980491712835645;0.13755032647980742;0.32936719551202837
936931.0;7898513.424899997;0.1484762652922972;0.009756257385098957;0.16470338164488765;0.2969525305845944
935765.0;1.3637184485000003E7;0.1484730754448854;0.010988604488449124;0.28436875143035334;0.2969461508897708
935474.0;1.3918056953400008E7;0.1484689558950655;0.011296162813556242;0.290225631436481;0.296937911790131
935073.0;8275916.9875;0.14847490942111055;0.01171998029935677;0.17257317177641934;0.2969498188422211
930173.0;7488063.886499996;0.14848379579894525;0.016898797457517847;0.15614450184910897;0.2969675915978905
926822.0;6415629.045499999;0.24151960993274163;0.020440474252823512;0.13378160450317791;0.48303921986548326
922843.0;6223534.495599996;0.2532737200212153;0.024645885165542475;0.12977596188891805;0.5065474400424306
920795.0;6014656.1713;0.26981965954373205;0.026810419357361635;0.12542033640424496;0.5396393190874641
920022.0;5984426.282299998;0.2630249535294276;0.027627404186598068;0.1247899690582386;0.5260499070588552
919029.0;5758590.753899999;0.2835256814554262;0.028676907337221322;0.12008074426844711;0.5670513629108525
916983.0;5886944.009299997;0.28079331211495206;0.030839327726118783;0.12275722452141032;0.5615866242299041
913945.0;5608640.2244;0.29093411313124107;0.03405019436417865;0.11695390786778555;0.5818682262624821
909621.0;5558643.366399999;0.3050681806170513;0.03862023628089059;0.11591135072554411;0.6101363612341026
908620.0;5367229.208099999;0.31833432742326;0.03967819464320064;0.11191989594528982;0.63666865484652
907355.0;5470693.154499999;0.31378313547552944;0.04101517499117487;0.11407737304682695;0.6275662709510589
904724.0;5337084.906199999;0.32351228185737346;0.04379588273466912;0.11129131330028187;0.6470245637147469
893422.0;5094074.207500001;0.34629531958605414;0.055740983045186765;0.10622394407538455;0.6925906391721083
891184.0;5188406.955;0.3419958172051888;0.05810632851456727;0.10819101327908091;0.6839916344103776
885794.0;4929475.781100002;0.36216595578038;0.06380302738854446;0.10279166308994706;0.72433191156076
882336.0;4706723.912299999;0.41353183621060846;0.06745779264016098;0.09814674016768928;0.8270636724212169
881855.0;3811477.5853999997;0.43381233621432597;0.06796616224282945;0.07947865802190736;0.8676246724286519
876917.0;3752116.7551000016;0.4413809543256495;0.07318514165650279;0.07824083908539249;0.882761908651299
875631.0;4558955.411400004;0.42302126412301694;0.07454431693515487;0.09506540441631871;0.8460425282460339
873278.0;3435561.6694000014;0.4463964998653462;0.07703120607253304;0.07163988897149973;0.8927929997306924
871900.0;4514484.119300002;0.42064793341409346;0.07848761628558323;0.09413806887848226;0.8412958668281869
870075.0;3145600.2795000016;0.451285589254972;0.08041646145163302;0.0655934826550369;0.902571178509944
866338.0;2999740.395800002;0.4536342592215151;0.08436610221082648;0.06255194625453073;0.9072685184430302
861559.0;2918912.3506;0.471389663355054;0.08941703429222479;0.060866483223700384;0.942779326710108
859778.0;2833680.9074000013;0.4613229568146501;0.09129937579399722;0.05908919854209694;0.9226459136293002
858365.0;2946393.814900002;0.4537015484726806;0.09279277755817714;0.061439539172240584;0.9074030969453613
854592.0;2775940.6932000015;0.4681632639335016;0.09678046676996117;0.057885173426983516;0.9363265278670032
853357.0;2459069.8574999995;0.47682642479554704;0.09808574007410993;0.0512776391509887;0.9536528495910941
851639.0;2636494.1108;0.47056626739080337;0.09990149678384885;0.054977370091776355;0.9411325347816067
843826.0;2393896.0028;0.48439238013989383;0.10815906789746364;0.04991860439514686;0.9687847602797877
835475.0;2268711.1657000007;0.4908436104170229;0.11698525199701532;0.04730819343654356;0.9816872208340458
828284.0;2164007.878100001;0.4862060017122703;0.1245854304019819;0.04512487303061849;0.9724120034245406
818218.0;2043153.6514000003;0.4933791032767077;0.13522420050688994;0.04260476592276484;0.9867582065534154
808037.0;1954255.9711;0.49887088842460103;0.14598451427979564;0.040751031203565886;0.9977417768492021
792352.0;1724492.9634;0.4991990496498361;0.16256201369321532;0.03595990883542615;0.9983980992996722
791555.0;1625145.8823;0.4977399832979301;0.16340436415751214;0.03388827847494144;0.9954799665958602
784398.0;1352707.8113;0.4937345179241196;0.17096860791280985;0.02820727634597714;0.9874690358482392
779279.0;1525719.6483000002;0.49249470311692084;0.17637888649089692;0.031814997582312814;0.9849894062338417
770141.0;1141226.3359;0.4888573613930592;0.1860368520401369;0.023797368774784892;0.9777147227861184
763007.0;981872.7097;0.48712329552086486;0.19357678706183507;0.020474454740129357;0.9742465910417297
762601.0;609226.3204999999;0.4823917719288941;0.19400588905493985;0.012703863344347302;0.9647835438577882
759174.0;505052.0862;0.481037153206675;0.19762789036127007;0.010531574997607667;0.96207430641335
756374.0;0.0;0.44814601366745466;0.20058721445164782;0.0;0.8962920273349093
744116.0;0.0;0.4416191550548554;0.2135427125587373;0.0;0.8832383101097108
737993.0;0.0;0.43832807234917925;0.22001412020351693;0.0;0.8766561446983585
711043.0;0.0;0.42945711835617;0.24849761457340286;0.0;0.85891423671234
702682.0;0.0;0.4157697938559912;0.257334367687563;0.0;0.8315395877119824
695555.0;0.0;0.40410300331325216;0.26486690439903526;0.0;0.8082060066265043
682135.0;0.0;0.39881037794581864;0.2790505220036315;0.0;0.7976207558916373
679844.0;0.0;0.3919324817348253;0.28147188325043704;0.0;0.7838649634696506
671369.0;0.0;0.3876225376662207;0.290429123131134;0.0;0.7752450753324414
661198.0;0.0;0.37724239545846394;0.3011788678894312;0.0;0.7544847909169279
657133.0;0.0;0.3722944253460614;0.3054751723277832;0.0;0.7445888506921228
644013.0;0.0;0.359154758382168;0.3193417194941247;0.0;0.718309516764336
640432.0;0.0;0.35280886810183265;0.3231264836254257;0.0;0.7056177362036653
635828.0;0.0;0.35081761098205616;0.3279924579511754;0.0;0.7016352219641123
618986.0;0.0;0.333338607707053;0.3457927923547976;0.0;0.666677215414106
613745.0;0.0;0.3287735887401647;0.35133201291110827;0.0;0.6575471774803294
607884.0;0.0;0.3274009395475895;0.3575265123731454;0.0;0.654801879095179
600852.0;0.0;0.3100750243131818;0.36495864344583695;0.0;0.6201500486263636
593810.0;0.0;0.30263330110309883;0.37240134353313703;0.0;0.6052666022061977
589537.0;0.0;0.2974223478816425;0.37691748347534565;0.0;0.594844695763285
584932.0;0.0;0.2944277450940266;0.3817845147025562;0.0;0.5888554901880532
575793.0;0.0;0.29038356634023205;0.391443537153257;0.0;0.5807671326804641
569004.0;0.0;0.2841919579465724;0.39861884117096225;0.0;0.5683839158931449
560048.0;0.0;0.275625223896919;0.4080844506543277;0.0;0.551250447793838
547787.0;0.0;0.27222617164164054;0.42104311946579975;0.0;0.5444523432832811
539981.0;0.0;0.25763152388608457;0.42929329226918855;0.0;0.5152630477721691
526986.0;0.0;0.25069165854129727;0.4430277267529239;0.0;0.5013833170825945
517979.0;0.0;0.24563226442180217;0.4525472382107927;0.0;0.49126452884360433
509371.0;0.0;0.23665022683240983;0.46164504598578254;0.0;0.47330045366481965
502613.0;0.0;0.23448315500270267;0.4687875860582014;0.0;0.46896631000540534
491271.0;0.0;0.23001485551538087;0.48077496242715306;0.0;0.46002971103076173
475273.0;0.0;0.22813615728548553;0.49768327199781853;0.0;0.45627231457097106
473363.0;0.0;0.22119927973649461;0.4997019537880405;0.0;0.44239855947298923
463705.0;0.0;0.21610379733343926;0.509909508096922;0.0;0.4322075946668785
451325.0;0.0;0.2122298015248507;0.5229939481822352;0.0;0.4244596030497014
443527.0;0.0;0.2097139081720044;0.5312356657739372;0.0;0.4194278163440088
436769.0;0.0;0.20731330697829128;0.5383782058463561;0.0;0.41462661395658257
430011.0;0.0;0.2047706978009321;0.545520745918775;0.0;0.4095413956018642
419561.0;0.0;0.20127256142391073;0.5565653661846491;0.0;0.40254512284782146
409429.0;0.0;0.19845525889279153;0.5672738917859732;0.0;0.39691051778558306
395913.0;0.0;0.1942762505942824;0.581558971930811;0.0;0.3885525011885648
383841.0;0.0;0.19028564904342432;0.5943178863661825;0.0;0.38057129808684864
370325.0;0.0;0.18451000959144015;0.6086029665110203;0.0;0.3690200191828803
362123.0;0.0;0.18259136623288472;0.6172716722929055;0.0;0.36518273246576943
351414.0;0.0;0.17936474246810571;0.6285900300371395;0.0;0.35872948493621143
341849.0;0.0;0.17578023407594742;0.6386992925101621;0.0;0.35156046815189484
321575.0;0.0;0.17087937297102695;0.6601269127274187;0.0;0.3417587459420539
