939955.0;6519374.664000003;0.14848434329422155;0.006560187367490979;0.1359449551590018;0.2969686865884431
939937.0;8724062.4231;0.14848004605814424;0.006579211593786265;0.18191810350488263;0.2969600921162885
939755.0;6390908.827300001;0.15631544991992616;0.006771567659660819;0.1332661273097476;0.3126308998398523
939441.0;7355285.715799998;0.14848060780154226;0.0071034347183674676;0.15337575125688108;0.2969612156030845
939398.0;7546742.189499997;0.14848008298938295;0.0071488814811839834;0.15736808841703404;0.2969601659787659
939104.0;8571374.223299997;0.14847693247094884;0.007459610510673648;0.17873417996237764;0.2969538649418977
939012.0;6881469.5756;0.14848120656557567;0.007556845445071774;0.14349552236180188;0.29696241313115135
938914.0;9086341.810900003;0.14847250835321593;0.007660421788234996;0.18947251748901225;0.29694501670643186
938624.0;9478653.548400005;0.14847000788465142;0.007966923211881263;0.19765317964013723;0.29694001576930285
938485.0;6332426.650799999;0.16417136374785338;0.008113832514939303;0.13204663046048756;0.32834272749570675
938271.0;1.0432263093899999E7;0.1484672323192343;0.00834000942756103;0.21753827807113496;0.2969344646384686
937548.0;1.0712255626700005E7;0.1484602786655591;0.009104149183755001;0.2233768092613332;0.2969205573311182
937504.0;9936681.845300004;0.14846368666226323;0.009150652848032367;0.2072041932714692;0.29692737332452646
937264.0;6266307.045599999;0.17792276774600907;0.009404309198636175;0.1306678744865933;0.35584553549201814
934570.0;7915758.258200002;0.1484764406420117;0.012251601734163916;0.16506297872444178;0.2969528812840234
933798.0;7989990.455899999;0.1484731092938235;0.0130675296619395;0.16661090215387828;0.296946218587647
930746.0;9778185.235200003;0.14846337665644593;0.016293192920451255;0.20389915012494167;0.29692675331289187
930487.0;1.0294237580900004E7;0.1484589755412311;0.016566930398811196;0.21466010751910383;0.2969179510824622
921895.0;5915533.489599999;0.2682983567973885;0.025647827750427517;0.12335338532174976;0.536596713594777
921289.0;6172336.662999999;0.24652088027393437;0.02628831003570213;0.12870836148002018;0.49304176054786875
920384.0;6065483.403099998;0.25459297255712576;0.027244805857770657;0.12648020887730013;0.5091859451142515
917633.0;5676603.883599999;0.2700420791973096;0.030152341776566803;0.11837111689143702;0.5400841583946192
913884.0;5497298.815400001;0.29170159292609193;0.03411466535329045;0.11463216634594486;0.5834031858521839
909624.0;5407290.7541999975;0.31479516930681173;0.03861706557650804;0.11275527746098;0.6295903386136235
908031.0;5287070.770799997;0.32044376028690774;0.040300709603640815;0.11024839588186526;0.6408875205738155
900569.0;5118850.988499997;0.3566943398321693;0.048187308304497536;0.10674060074195542;0.7133886796643386
895981.0;4216755.848300001;0.41107399751362356;0.05303637220687366;0.08792970403727082;0.8221479950272471
895075.0;4497205.1162;0.4086941021751678;0.05399392493040304;0.09377775927477239;0.8173882043503355
894599.0;5065184.784099997;0.36730210551900416;0.054497010025767255;0.10562152872558575;0.7346042110380083
894031.0;5209222.302599997;0.3452878647604839;0.0550973300555296;0.10862506434102195;0.6905757295209678
892160.0;3996434.5667000003;0.422678851839421;0.05707479268877846;0.08333546482088118;0.845357703678842
890070.0;3869101.1535;0.422678851839421;0.059283716741953284;0.08068025077967805;0.845357703678842
886785.0;3669907.830000001;0.43033900423553184;0.0627556380408429;0.07652658132105467;0.8606780084710637
884016.0;4894255.899799997;0.3909029492142218;0.06568219818593433;0.1020572421629717;0.7818058984284436
883798.0;3533548.9352;0.4348238575283777;0.06591260270439946;0.07368316384706285;0.8696477150567554
882566.0;3757996.4368;0.4287418750094228;0.06721470530416568;0.07836344487294898;0.8574837500188456
878952.0;4841978.263599997;0.4003636816573369;0.07103434718367467;0.10096712520002558;0.8007273633146738
873721.0;4621424.3526;0.40732208887277527;0.07656299872537684;0.09636803508995653;0.8146441777455505
869011.0;3065748.4623000007;0.4560401623318705;0.08154100460597656;0.06392837637290179;0.912080324663741
868421.0;3303090.1119;0.45367839054997344;0.0821645764678776;0.06887753201667925;0.9073567810999469
863942.0;2920772.3318000007;0.4592532237993694;0.08689843811102116;0.060905268394650436;0.9185064475987388
858252.0;2789220.674400001;0.46443567942864206;0.0929122074232531;0.05816209361362586;0.9288713588572841
856586.0;2765527.526700001;0.4661702432433849;0.09467300525702786;0.0576680333597432;0.9323404864867698
849622.0;2691316.1149000004;0.46988485880424313;0.1020332670303817;0.05612054336731387;0.9397697176084863
845889.0;2329584.7211999996;0.4869214410606734;0.10597868018373174;0.04857755640451553;0.9738428821213468
844013.0;2589200.898300001;0.47413697094264656;0.10796142732428485;0.05399119059082821;0.9482739418852931
840721.0;2145360.2737000003;0.4880941213058306;0.1114407469334004;0.044736024732333166;0.9761882426116611
837760.0;2029041.8835;0.4898966744595387;0.1145702321589749;0.042310500942877534;0.9797933489190774
825089.0;1819302.6711;0.4941504684879004;0.1279622305693951;0.0379369238293775;0.9883009369758008
818015.0;1794290.6801;0.49456426601423426;0.13543875150344234;0.03741536245728632;0.9891285320284685
801276.0;1595164.2461999995;0.49757320840545755;0.15313022505659707;0.03326308781091734;0.9951464168109151
800896.0;1456318.9339000003;0.49898048910939563;0.15353184761171976;0.030367822432338848;0.9979609782187913
790586.0;1612837.2477;0.49339944899899857;0.16442850167307502;0.03363161324782917;0.9867988979979971
783302.0;1231272.8617999998;0.4919411576292901;0.17212697191390058;0.025675059743106785;0.9838823152585802
775475.0;1131869.2271000003;0.48747486575760945;0.18039933964796726;0.023602250101324055;0.9749497315152189
769491.0;898370.5743;0.4884995233166344;0.18672383798968886;0.018733230368516235;0.9769990466332688
762345.0;889082.7392;0.4882559261476716;0.19427645582891725;0.018539556221643532;0.9765118522953432
756997.0;571850.8074;0.4801608320689466;0.19992876484153876;0.011924492206118121;0.9603216641378932
755781.0;0.0;0.4479192514792091;0.20121395701793138;0.0;0.8958385029584182
748180.0;0.0;0.44593768585631666;0.20924746502184616;0.0;0.8918753717126333
737969.0;0.0;0.4391207628498618;0.22003948583857733;0.0;0.8782415256997236
735140.0;0.0;0.43547318604662755;0.2230294600713197;0.0;0.8709463720932551
722719.0;0.0;0.43216693710359166;0.23615723311652762;0.0;0.8643338742071833
710035.0;0.0;0.4240764599764886;0.24956297124593885;0.0;0.8481529199529771
707160.0;0.0;0.4160535590112684;0.2526015629458803;0.0;0.8321071180225368
697191.0;0.0;0.4127042820979178;0.26313781360908595;0.0;0.8254085641958356
684784.0;0.0;0.4025581959798402;0.276250790033842;0.0;0.8051163919596804
679446.0;0.0;0.3860094409334667;0.281892530031855;0.0;0.7720188818669333
669412.0;0.0;0.3805044531832962;0.29249747929001585;0.0;0.7610089063665924
661013.0;0.0;0.3773373379203524;0.3013743946596883;0.0;0.7546746758407048
656181.0;0.0;0.3697029307400705;0.3064813425185116;0.0;0.739405861480141
644642.0;0.0;0.36214494835702954;0.31867692847525053;0.0;0.7242898967140591
630120.0;0.0;0.3526223287233553;0.33402525148970263;0.0;0.7052446574467106
627723.0;0.0;0.33949762037370657;0.3365586442913581;0.0;0.6789952407474131
613848.0;0.0;0.3317670071762748;0.35122315206064075;0.0;0.6635340143525496
600810.0;0.0;0.31073741511261027;0.36500303330719264;0.0;0.6214748302252205
584012.0;0.0;0.3076657405451955;0.38275686404653747;0.0;0.615331481090391
576850.0;0.0;0.2955773584511733;0.39032639230913946;0.0;0.5911547169023466
556440.0;0.0;0.28560164125742027;0.4118977511250716;0.0;0.5712032825148405
548393.0;0.0;0.2764116925871209;0.4204026371805251;0.0;0.5528233851742418
540146.0;0.0;0.266191145706601;0.42911890352814847;0.0;0.532382291413202
530650.0;0.0;0.26059830143730534;0.43915523980037247;0.0;0.5211966028746107
518611.0;0.0;0.2502897481790008;0.45187927648753595;0.0;0.5005794963580016
501446.0;0.0;0.2414306617568487;0.47002099006301246;0.0;0.4828613235136974
498669.0;0.0;0.23690111476759143;0.4729560054197907;0.0;0.47380222953518286
484355.0;0.0;0.23255440232230257;0.48808449293038614;0.0;0.46510880464460513
476899.0;0.0;0.2283883781387262;0.49596475022247777;0.0;0.4567767562774524
472721.0;0.0;0.226006745072572;0.5003804845259057;0.0;0.452013490145144
467162.0;0.0;0.21993158609056138;0.5062557997467664;0.0;0.43986317218112275
457179.0;0.0;0.21598105709214457;0.516806847030424;0.0;0.43196211418428915
447023.0;0.0;0.21103346265773468;0.5275407382668085;0.0;0.42206692531546935
434951.0;0.0;0.20721829989842536;0.5402996527021799;0.0;0.4144365997968507
421435.0;0.0;0.20281941800829198;0.5545847328470177;0.0;0.40563883601658396
409026.0;0.0;0.19809929475377666;0.5676998230746955;0.0;0.3961985895075533
400824.0;0.0;0.195173848501231;0.5763685288565806;0.0;0.390347697002462
390115.0;0.0;0.19277515876349582;0.5876868866008147;0.0;0.38555031752699165
383357.0;0.0;0.19017496921523025;0.5948294266732336;0.0;0.3803499384304605
369841.0;0.0;0.1870374242605457;0.6091145068180713;0.0;0.3740748485210914
363083.0;0.0;0.1851321447478346;0.6162570468904902;0.0;0.3702642894956692
349567.0;0.0;0.1835457190175446;0.630542127035328;0.0;0.3670914380350892
