939955.0;7547193.012699998;0.14848434329422155;0.006560187367490979;0.1573774891867194;0.2969686865884431
939947.0;8075283.532099999;0.14848421118983504;0.006568642579177773;0.16838947203473062;0.2969684223796701
939940.0;9568852.4192;0.14848013233554497;0.006576040889403717;0.1995340473733585;0.29696026467108994
939933.0;9280075.424;0.14847820916593835;0.006583439199629662;0.19351233859196315;0.2969564183318767
939927.0;8263185.3523999965;0.14848062212305443;0.006589780608394757;0.17230768595117169;0.29696124424610887
939910.0;7706548.325799994;0.14848265731375354;0.006607747933229193;0.1607004383973782;0.2969653146275071
939409.0;7421706.951199997;0.15096076716199164;0.007137255565114642;0.15476079696040845;0.3019215343239833
939242.0;1.02277709009E7;0.1484774868869923;0.007313758109076458;0.2132741141841811;0.2969549737739846
937875.0;6940068.366;0.16460229700915086;0.008758542406057314;0.14471745089695562;0.3292045940183017
937290.0;9971687.387700003;0.14847433563710863;0.009376829760654095;0.20793414470656046;0.29694867127421726
937285.0;7142511.561600002;0.16128141118064218;0.009382114267958342;0.1489388881614925;0.32256282236128436
937143.0;6860782.256199999;0.16954537505091616;0.009532194275398927;0.14306414100191123;0.3390907501018323
936412.0;9153697.2668;0.1484800763985433;0.010304789243279691;0.19087704398180644;0.2969601527970866
936401.0;9013968.364;0.14848007416002473;0.010316415159349033;0.18796335357366725;0.29696014832004947
936394.0;9767627.463900004;0.14847815230712058;0.010323813469574977;0.203678994692875;0.29695630461424116
936390.0;1.0066242406300003E7;0.14847391459330173;0.010328041075418374;0.2099058488079702;0.29694782918660345
936301.0;6750949.5013999995;0.17688329038575454;0.010422105305433953;0.1407738586211906;0.3537665807715091
936010.0;9863447.545500003;0.1484738737985254;0.01072966363054107;0.2056770784613037;0.2969477475970508
934962.0;6621188.9849999985;0.18909761080710463;0.01183729636151103;0.13806803352406638;0.37819522161420926
933959.0;6467877.7124999985;0.20359387812533133;0.012897368526742777;0.13487111738723642;0.40718775625066267
930983.0;6317664.6245;0.22670015344922015;0.016042707274229996;0.13173880599773793;0.4534003068984403
927013.0;6136187.5884000035;0.240952112945936;0.020238606073801315;0.12795456459323096;0.481904225891872
925636.0;6027532.605700003;0.2622646756006476;0.021693959385390663;0.12568884165012115;0.5245293512012952
925150.0;5914247.480000001;0.2460531856696681;0.022207613495363373;0.12332656886673436;0.4921063713393362
922702.0;5705821.914699998;0.27071602392265265;0.024794908271522212;0.11898038451792538;0.5414320478453053
922260.0;5797764.2082;0.2503479811282847;0.02526205871721756;0.12089760689142903;0.5006959622565694
920908.0;5621132.501600001;0.24603186277937536;0.026690989492285676;0.11721440249362225;0.4920637255587507
917001.0;5515966.184400002;0.2668068482884483;0.0308203034998235;0.11502142678462697;0.5336136965768966
912345.0;5399135.590900003;0.30044439849221116;0.035741236701537366;0.1125852222998226;0.6008887969844223
903674.0;5174402.4142;0.32556528236934085;0.04490562926856077;0.10789898424727955;0.6511305647386817
894170.0;5016415.338300001;0.35537169515880934;0.054950420752471564;0.10460456613881795;0.7107433903176187
890642.0;4168058.6443000003;0.42077995130142626;0.05867916910634754;0.08691424786925746;0.8415599026028525
890505.0;4267344.9821999995;0.4207760958692971;0.058823964606483876;0.08898461158500615;0.8415521917385942
889785.0;4922674.1581000015;0.3835188656289629;0.0595849336582953;0.10264983256456717;0.7670377312579258
889590.0;4086683.6708;0.4208802551415611;0.0597910294431609;0.08521738004164053;0.8417605102831222
889025.0;3993535.9988000006;0.4239537809554948;0.0603881787685407;0.08327502256936177;0.8479075619109896
887778.0;3765619.9659000007;0.4255469007298161;0.061706134890219644;0.0785224141568246;0.8510938014596322
886916.0;3652816.4263;0.42695585797115365;0.06261718394947166;0.0761701836250561;0.8539117159423073
886540.0;3907636.9297000007;0.42407703877116676;0.06301457889875095;0.08148381624991476;0.8481540775423335
882370.0;3503106.587;0.4376267933273058;0.06742185799049212;0.07304836620552885;0.8752535866546116
881707.0;4805071.052500001;0.37233919980649127;0.06812258365903513;0.10019751930734103;0.7446783996129825
880277.0;3399030.3836000008;0.44016632318383375;0.06963395274804948;0.0708781220435449;0.8803326463676675
878205.0;3297701.8079;0.4342685470157975;0.07182385257492903;0.06876517265962188;0.868537094031595
874744.0;3179154.8103999994;0.4382662806110935;0.0754817885309281;0.06629317694071288;0.876532561222187
874215.0;4674531.095900002;0.3897443888456852;0.07604088940371734;0.097475440969914;0.7794887776913704
872293.0;3054467.966300001;0.44384391348428187;0.0780722540114695;0.06369315035784248;0.8876878269685637
868709.0;4435464.684299999;0.4179191760615155;0.08186018884715303;0.09249031980722792;0.835838352123031
867457.0;4534004.243200001;0.40061260595271253;0.08318342947613622;0.09454511134881874;0.8012252119054251
864575.0;2953473.0963;0.4532943235775929;0.08622941948630361;0.06158715955641562;0.9065886471551858
864042.0;2711170.4287;0.46897048538117975;0.08679274796493623;0.05653455451690435;0.9379409707623595
857081.0;2474851.3345999997;0.4741223661188863;0.09414983903390751;0.051606721663848304;0.9482447322377726
856632.0;7198649.445899998;0.1531837272565583;0.0946243877898288;0.15010950076733431;0.3063674545131166
856406.0;7404059.287399999;0.15173343020739488;0.09486324751998072;0.15439279987670043;0.30346686041478976
856316.0;2354966.2841999987;0.4757216449473439;0.09495836865145715;0.04910682425944553;0.9514432898946878
853860.0;2584136.202399999;0.47283829273707395;0.09755411863930279;0.0538855792565354;0.9456765854741479
850385.0;7277256.671599999;0.15178340694129916;0.10122685121575375;0.1517486542634464;0.3035668138825983
849682.0;2853728.4605999994;0.4685026281755993;0.10196985294273074;0.059507239207234795;0.9370052563511986
843627.0;6991033.1938;0.15284789582241523;0.10836939128817263;0.1457801925841631;0.30569579164483046
843074.0;6890722.046999997;0.15921939944977295;0.10895385779602225;0.14368845908877484;0.3184387988995459
842669.0;6797359.390799996;0.1607588845679335;0.10938190288766617;0.141741618668524;0.321517769135867
837545.0;2262246.6089999992;0.48733095246600144;0.11479746597305747;0.047173391570414065;0.9746619049320029
836481.0;6657051.089;0.1752689665026235;0.11592200912740101;0.13881584636984573;0.350537933005247
830088.0;2143336.9903999995;0.48809419098261725;0.12267878016660995;0.04469383431198328;0.9761883819652345
828020.0;2016390.6548000001;0.49337908620954374;0.1248644523876461;0.04204669178832397;0.9867581724190875
822965.0;6386232.5823;0.18807636223773389;0.13020708927223879;0.1331686161296726;0.37615272447546777
820043.0;6259330.131900005;0.23176193540790405;0.13329535534084017;0.13052238872009314;0.4635238708158081
799972.0;5961844.265800003;0.22316534015463557;0.15450842456154443;0.12431907861571752;0.44633068030927114
794578.0;1671357.3723;0.4977772548922184;0.16020935104136502;0.034851901408068924;0.9955545097844368
793925.0;1840484.3785000008;0.497047927647096;0.16089950769529954;0.038378614391907234;0.994095855294192
793634.0;1752718.4275999998;0.4976727692263858;0.16120706602040666;0.036548479007071526;0.9953455384527716
785989.0;1351286.8281000003;0.4960932884925836;0.16928707768859877;0.028177645360282704;0.9921865769851672
785372.0;1571903.8822000006;0.4952736621496917;0.16993918588994272;0.032778052158890285;0.9905473242993834
781675.0;1471836.8301000006;0.49482870694073716;0.17384655059070223;0.030691408636813366;0.9896574138814743
781327.0;3625188.4370000004;0.4284681923938814;0.17421435229907775;0.07559407227080892;0.8569363847877628
770471.0;1920058.7472;0.48986263290024823;0.18568807455805666;0.040037935192177056;0.9797252658004965
768985.0;978915.1492000002;0.489370843751304;0.18725863012887856;0.02041278234817853;0.978741687502608
764753.0;1223195.5741999997;0.48828985000943753;0.19173143711119237;0.02550662848133993;0.9765797000188751
763460.0;1077821.2327999999;0.4863913544380604;0.19309801070007038;0.022475216828927436;0.9727827088761208
762381.0;892164.1796999999;0.4913706895788139;0.19423840737632667;0.01860381181549839;0.9827413791576278
760294.0;697683.7285999998;0.48672464081917666;0.19644416072511894;0.014548417308094766;0.9734492816383533
757884.0;803170.5950999998;0.48560406011672325;0.19899129324576553;0.016748077256370765;0.9712081202334465
753163.0;581836.9721999998;0.4794530581373883;0.2039809250424346;0.012132728240387308;0.9589061162747766
752795.0;0.0;0.4505289977097229;0.2043698647800271;0.0;0.9010579954194458
708711.0;4513016.783;0.41476622690333476;0.25096230878010317;0.09410747131693875;0.8295324538066695
707881.0;4394681.253400002;0.4187611048125724;0.251839536992608;0.09163988522252059;0.8375222096251448
636113.0;0.0;0.4264616304945025;0.3276912410348334;0.0;0.852923260989005
528648.0;0.0;0.3803738611834979;0.44127115652499255;0.0;0.7607477223669958
470518.0;3745308.115999999;0.3678583177029328;0.5027088384441565;0.07809886225711557;0.7357166354058656
469045.0;3880102.0812999983;0.3646891454463894;0.5042656542959874;0.08090964711192698;0.7293782908927788
461319.0;4141442.4178999984;0.3517360225946863;0.5124312749825083;0.08635923425354511;0.7034720451893726
458849.0;3549630.978299999;0.3593851454462891;0.5150418215908058;0.07401851389837484;0.7187702908925782
449121.0;3416921.8623;0.36056910536935416;0.5253233590019468;0.07125120326604782;0.7211382107387083
444775.0;3652536.7238999987;0.3527320529715606;0.5299166527507975;0.07616435114384652;0.7054641059431211
443017.0;4926271.738799998;0.34584551855311774;0.5317746855189703;0.10272485094779378;0.6916910371062355
424876.0;0.0;0.3606415354841122;0.5509479349202356;0.0;0.7212830709682244
398605.0;4023536.302199998;0.3468651276006974;0.5787137931982049;0.08390060249238566;0.6937302552013948
390984.0;4603659.067699997;0.33188585574365276;0.5867684392313367;0.09599758531776381;0.6637717114873055
306730.0;0.0;0.291368124410026;0.6758166149137251;0.0;0.582736248820052
228123.0;0.0;0.25496555788164543;0.7588964680466981;0.0;0.5099311157632909
152376.0;0.0;0.2149527480574993;0.8389535830016425;0.0;0.4299054961149986
