939955.0;7349277.578400002;0.14848434329422155;0.006560187367490979;0.15325046685285046;0.2969686865884431
939947.0;7858485.318899997;0.14848311646117132;0.006568642579177773;0.1638686974373181;0.29696623292234264
939944.0;7572310.102599999;0.14848078611298954;0.00657181328356032;0.1579012421287056;0.2969615722259791
939938.0;1.32722078762E7;0.14848032965070748;0.006578154692325416;0.27675809377151617;0.29696065930141496
939928.0;1.22471447771E7;0.1484804326087722;0.006588723706933908;0.25538301345717257;0.2969608652175444
939919.0;1.2490854833399994E7;0.14848005965610975;0.0065982358200815504;0.26046496600370295;0.2969601193122195
939893.0;7205521.6247999985;0.1484977701184715;0.006625715258063629;0.15025280255631784;0.296995540236943
939756.0;8084496.9141999995;0.1484800724632853;0.00677051075819997;0.1685815936539043;0.2969601449265706
939755.0;6931208.715600003;0.15631544991992616;0.006771567659660819;0.1445327054515062;0.3126308998398523
939166.0;1.1152055009599995E7;0.14848004082281419;0.007394082620100997;0.23254770531635638;0.29696008164562837
939159.0;1.1811672099999996E7;0.14847908074473767;0.0074014809303269416;0.24630233983240993;0.29695816148947535
938955.0;8830355.092699997;0.1484793237092545;0.007617088828340179;0.18413456642460022;0.296958647418509
938955.0;9032459.7184;0.14847865828462067;0.007617088828340179;0.18834894367613803;0.29695731656924135
938914.0;1.1577413766799996E7;0.14847628358770304;0.007660421788234996;0.24141747889960427;0.2969525671754061
938743.0;1.13778477064E7;0.14847758676383027;0.007841151938040209;0.23725603696221295;0.29695517352766054
938721.0;1.17333225912E7;0.1484759821520156;0.007864403770178892;0.24466856036589738;0.2969519643040312
938262.0;6744203.652400001;0.1639415814582733;0.008349521540708674;0.14063319112053624;0.3278831629165466
937720.0;9283256.248299997;0.14847750059102555;0.00892236213248894;0.19357866658185757;0.2969550011820511
936994.0;8911162.666499997;0.14847696096766974;0.009689672593065458;0.1858196025765198;0.2969539219353395
936032.0;8435608.148899995;0.14848003855488784;0.010706411798402388;0.1759031242480405;0.2969600771097757
935993.0;6650995.699000002;0.18950410596664613;0.010747630955375507;0.13868957663318437;0.37900821193329226
935570.0;1.25757486852E7;0.1484759083402776;0.011194700273314718;0.26223521107643294;0.2969518166805552
935486.0;1.0230338440800002E7;0.14847514902225709;0.01128347999602605;0.21332765368981835;0.29695029804451417
935035.0;6544678.873499999;0.20283847615732564;0.011760142554869039;0.1364726100036921;0.4056769523146513
934022.0;6423318.277200001;0.20334103984550525;0.012830783734709278;0.13394194384744604;0.4066820796910105
932173.0;6327137.198700002;0.21099749370609955;0.014784994535819447;0.13193633240805006;0.4219949874121991
930638.0;6220441.582000001;0.22138784185112206;0.01640733827822297;0.12971146705278233;0.4427756837022441
928680.0;6080430.873500003;0.2246809865946587;0.0184767513385657;0.12679190030446877;0.4493619731893174
927624.0;5980373.695800004;0.2343534965272714;0.019592839281222456;0.12470546268785587;0.4687069930545428
923120.0;5743518.8697000025;0.27559592759910634;0.02435312346088725;0.1197664585083351;0.5511918551982127
921961.0;5871821.937400005;0.2535925951381078;0.02557807225401147;0.12244189222463228;0.5071851902762156
919537.0;5639963.0792000005;0.2650263185503659;0.02814000139510993;0.11760706623199979;0.5300526371007318
916741.0;5531817.9449;0.28757095883636036;0.03109509787964429;0.11535197487879668;0.5751419176727207
913936.0;5379519.451499999;0.3035797226522702;0.03405970647732629;0.11217617767076454;0.6071594453045404
908747.0;5183336.9169;0.33084408738090243;0.03954396815767279;0.1080852905468126;0.6616881747618049
906698.0;5266932.4832999995;0.3237549972801703;0.041709559250952793;0.10982846318398184;0.6475099945603406
901805.0;5098702.6177;0.34245896569558965;0.04688097809888793;0.10632045778253055;0.6849179313911793
900190.0;4971109.6821;0.34454352670136146;0.04858787395815938;0.1036598320626237;0.6890870534027229
896425.0;4868215.9997000005;0.35174783542142346;0.05256710795825662;0.10151424636446563;0.7034956708428469
894011.0;4767666.841700002;0.3693556444123149;0.05511846808474659;0.09941754975166528;0.7387112888246298
893502.0;4668636.0513;0.37068078960315376;0.05565643092831883;0.09735251482820399;0.7413615792063075
891064.0;4147547.404700002;0.42072511576359634;0.05823315668986918;0.0864865382051581;0.8414502315271927
889400.0;4334159.632499999;0.4141558586168714;0.05999184072072224;0.09037786095432908;0.8283117172337428
889140.0;3850511.145000002;0.4207251157635964;0.06026663510054304;0.08029260349720278;0.8414502315271928
886836.0;3728090.1051;0.4300515349666137;0.0627017360663396;0.07773982449040262;0.8601030699332274
886744.0;4503148.8008;0.38302463678745996;0.06279897100073771;0.09390169967980666;0.7660492735749199
880461.0;3553666.7334000003;0.43584069135943365;0.06943948287925324;0.0741026692927767;0.8716813827188673
879270.0;3451451.9986999994;0.4385800029969949;0.07069825251912464;0.07197124131976691;0.8771600059939898
868708.0;3335546.9305;0.44732356412283725;0.08186124574861388;0.06955433630797819;0.8946471282456745
868607.0;3222107.553099999;0.44479318008236335;0.08196799279615964;0.06718884699823414;0.8895863601647267
863803.0;2973876.6128000002;0.45779716103096385;0.0870453474140792;0.062012622929612314;0.9155943220619277
861714.0;2877067.660700001;0.4577971610309638;0.08925321456579317;0.05999391878534865;0.9155943220619276
859378.0;2757505.205700001;0.4767594001439185;0.0917221363783369;0.057500748286431126;0.953518800287837
856139.0;2621136.0960000013;0.48045765782301403;0.09514544021002745;0.054657117806715;0.9609153156460281
854749.0;2451268.3184000007;0.4773837329200422;0.09661453324060784;0.05111495792191668;0.9547674658400844
851279.0;2329534.626900001;0.4816818501552761;0.10028198130975456;0.04857651181546857;0.9633637003105522
845334.0;2217341.914000001;0.4848784141195538;0.10656526049450306;0.04623701851888308;0.9697568282391076
837856.0;6594343.1393;0.1687228183920695;0.11446876961873337;0.13750823178264404;0.337445636784139
837387.0;7191888.026399994;0.15217826565671783;0.11496445640387164;0.1499685085835571;0.30435653131343565
835475.0;6388188.1466;0.16891562665429324;0.11698525199701532;0.13320939444274332;0.3378312533085865
835095.0;6512936.216;0.16886524330363392;0.117386874552138;0.13581069772331747;0.33773048660726784
833728.0;2131835.8128000004;0.49159981988579227;0.11883165884911887;0.04445400654418503;0.9831996397715845
829653.0;7077559.505099996;0.15416140591382205;0.12313853230207934;0.14758447844223874;0.3083228118276441
828980.0;6737914.531599998;0.16646933185088628;0.12384982698523087;0.14050204752330334;0.33293866370177255
828628.0;6836637.616899995;0.15969632424675242;0.12422185629944978;0.14256066604056342;0.31939264849350485
828021.0;6282696.008899998;0.177092314674188;0.12486339548618525;0.13100962457701593;0.354184629348376
824814.0;1989740.2595000002;0.4950574040232863;0.12825287847112862;0.04149096566722308;0.9901148080465726
823351.0;6156558.124099999;0.21400077071974408;0.129799125308351;0.12837934023583863;0.42800154143948815
811629.0;5926715.856199999;0.24149039656761534;0.1421881242324253;0.12358656509808676;0.4829807931352307
808332.0;5820685.8236;0.2370868357269747;0.14567272834884512;0.12137557880412363;0.4741736714539494
804404.0;6041053.518799998;0.23122254891994493;0.1498242372870608;0.12597078585793567;0.46244509783988985
802835.0;5598189.264799998;0.2551234550534383;0.15148251567913318;0.11673597972169568;0.5102469101068766
797216.0;1652602.5475999997;0.49802614220671004;0.15742124498764481;0.034460817303494366;0.9960522844134201
792312.0;1558967.5445;0.4964833386653634;0.16260428975164928;0.03250829778225361;0.9929666773307269
788163.0;1848771.0609;0.49370107361573284;0.16698937391271262;0.038551412048944106;0.9874021472314657
784151.0;1153588.3856999998;0.49217739934900956;0.1712296625736396;0.024055147839856017;0.9843547986980191
783534.0;3918919.892500002;0.4186182546305856;0.17188177077498357;0.08171909370380567;0.8372365092611712
781244.0;1756772.1752999998;0.490649089717642;0.17430207512032822;0.03663300959132303;0.981298179435284
777961.0;1268501.1465999999;0.4917745281873988;0.17777188261629615;0.02645136081009859;0.9835490563747976
773386.0;1436223.5531000001;0.4868543874344385;0.18260720679968123;0.02994878444440966;0.973708774868877
772472.0;3629591.5124000018;0.4249359833429949;0.1835732147348974;0.0756858871945807;0.8498719666859899
771472.0;1357330.2817;0.48755431573072566;0.1846301161957466;0.028303666193721565;0.9751086314614513
771177.0;3504768.1086000013;0.4373299247489871;0.18494190212669712;0.07308301300695524;0.8746598494979742
768447.0;1041521.7864999997;0.48401708664255727;0.18782724311481544;0.021718284323299298;0.9680341732851145
766167.0;832282.4996;0.48294717729546943;0.1902369784455516;0.017355131882898004;0.9658943545909389
764783.0;924893.0526999999;0.482759157408018;0.1916997300673669;0.019286289108444727;0.965518314816036
764577.0;3819439.319000001;0.417694207338694;0.19191745176830183;0.07964467969929566;0.835388414677388
763225.0;3352690.3155;0.43465054609787546;0.19334638254336994;0.06991181794160295;0.8693010921957509
763181.0;726455.3912;0.4815004542129972;0.19339288620764733;0.015148377056321157;0.9630009084259944
762838.0;4093654.2432000036;0.41112530203041214;0.19375540340871858;0.08536273357647936;0.8222506040608243
762352.0;3714643.8395000016;0.4193081256679861;0.1942690575186913;0.07745943686608923;0.8386162513359722
758321.0;638505.0596;0.48031948786470097;0.1985294273073744;0.013314396881565348;0.9606389757294019
755549.0;3196510.6334000006;0.4463828223016326;0.2014591581568484;0.06665508842779332;0.8927656446032652
752515.0;541441.4416;0.47602084323217825;0.20466579718906489;0.011290382328536972;0.9520416864643565
751408.0;0.0;0.4488183377225992;0.20583578710622494;0.0;0.8976366754451984
622916.0;0.0;0.39822708753244046;0.34163916961366025;0.0;0.7964541750648809
492663.0;0.0;0.3960174548605481;0.47930375559365096;0.0;0.7920349097210962
386866.0;0.0;0.34184712580596044;0.5911207594471137;0.0;0.6836942516119209
256598.0;0.0;0.27104980847457955;0.7288011989490172;0.0;0.5420996169491591
137202.0;0.0;0.21479128999042602;0.8549910057685681;0.0;0.42958257998085203
