939955.0;6791812.9358;0.14848434329422155;0.006560187367490979;0.14162596147513865;0.2969686865884431
939912.0;9331112.587699994;0.1484827245035917;0.006605634130307495;0.1945765886601409;0.2969654490071834
939888.0;9028718.788399994;0.14848198622923772;0.006630999765367876;0.18827093610833986;0.29696397245847544
939872.0;7917454.728099996;0.14848169305781955;0.0066479101887414625;0.16509835428365868;0.2969633861156391
939847.0;8015207.534599997;0.14848113846784425;0.006674332725262693;0.16713674010763824;0.2969622769356885
939824.0;8842106.038999997;0.14848059625225812;0.006698641458862224;0.1843796024825293;0.29696119250451625
939748.0;8335920.3303;0.14848005022914287;0.006778965969886763;0.17382438867477923;0.29696010045828575
939665.0;8472391.949699996;0.14847772497879094;0.006866688791137247;0.17667015673321843;0.2969554499575819
939566.0;8653712.570999999;0.14847617735677848;0.006971322035761318;0.1804511365054267;0.29695235471355697
939079.0;1.3714140139400007E7;0.1484757167409263;0.007486033047194878;0.28597346561320436;0.2969514334818526
939021.0;7729987.648299997;0.14848253226418687;0.007547333331924131;0.16118920577315363;0.29696506452837373
938846.0;1.2989065323600018E7;0.14847590906031896;0.007732291087572741;0.2708538769408189;0.2969518181206379
938819.0;1.2794243749400012E7;0.1484757866986808;0.00776082742701567;0.26679136917993257;0.2969515733973616
938577.0;1.0048265505199995E7;0.14847482803967008;0.008016597580541176;0.20953098631886777;0.29694965607934015
938220.0;1.2637290275300007E7;0.14847155982851215;0.00839391140206434;0.26351850420464623;0.2969431196570243
937842.0;6540933.6587999975;0.17079423596391724;0.008793420154265338;0.13639451308938774;0.3415884719278345
937244.0;9883717.3348;0.14847601645795463;0.009425447227853158;0.20609975329431904;0.29695203291590927
936618.0;9773282.372499999;0.14847582486201302;0.010087067542344758;0.20379691340988013;0.29695164972402605
936503.0;6674923.023799998;0.16583159667381625;0.010208611210342415;0.13918852005408827;0.3316631933476325
935888.0;6425119.0479999995;0.18400155231055415;0.010858605608764673;0.13397949433630033;0.3680031046211083
935307.0;6296021.053;0.19047672921467773;0.011472665357518057;0.13128748443567223;0.38095345842935546
933995.0;6188581.300100001;0.1925609682176001;0.012859320074152206;0.12904710201510997;0.3851219364352002
933111.0;1.271526597770001E7;0.14847093470826012;0.013793620965542899;0.2651444888906922;0.29694186941652023
932263.0;7488306.050099999;0.148484066810841;0.01468987340434302;0.15614955155424792;0.296968133621682
932151.0;5916710.8061;0.20963005843621604;0.01480824636795813;0.1233779352589829;0.4192601168724321
932041.0;6101505.484;0.20412980958719912;0.014924505528651542;0.12723135763390192;0.40825961917439824
931462.0;1.2503663940000009E7;0.14846952390121035;0.015536451474483228;0.26073206729977993;0.2969390478024207
931228.0;1.2402809850000005E7;0.14847040933405195;0.01578376641632194;0.25862901210671635;0.2969408186681039
931120.0;1.2251949366600009E7;0.14847029277534313;0.015897911774093654;0.2554832009349291;0.29694058555068625
927022.0;5730827.305799998;0.24229561037817954;0.02022909396065367;0.11950180826591061;0.4845912207563591
926504.0;5811248.9245;0.23008839613114704;0.020776568917373558;0.12117879630716519;0.4601767922622941
922074.0;5601410.491399996;0.2561236625294147;0.02545864238893551;0.11680315019866057;0.5122473250588294
918749.0;5474288.8768;0.27709190117507626;0.028972839746259096;0.1141523526778546;0.5541838023501525
916157.0;5379070.369399998;0.29026234836662823;0.031712328332780225;0.1121668132072855;0.5805246967332565
913921.0;5277155.459100003;0.3041502334629061;0.03407555999923903;0.11004163730854895;0.6083004669258122
913898.0;5191122.860500001;0.3014920830873833;0.03409986873283856;0.1082476465714506;0.6029841661747666
908577.0;4997900.514700001;0.322938536297995;0.039723641406017154;0.10421848664595224;0.64587707259599
900893.0;4825933.7664;0.3504605861978939;0.047844872231182396;0.1006325580728367;0.7009211723957878
898503.0;4663484.461100002;0.35500774414140956;0.050370866722611984;0.09724509153458603;0.7100154882828191
890172.0;4238763.929700002;0.40931220383605166;0.059175912792946664;0.08838862652497198;0.8186244076721033
889572.0;4567329.079600002;0.37915528984792907;0.05981005366945618;0.09524001594068024;0.7583105796958581
887894.0;4479521.239900002;0.383351850125281;0.061583534320761135;0.09340900707160242;0.766703700250562
886881.0;3493575.233;0.42888123423205127;0.06265417550060137;0.07284961409218742;0.8577624684641025
886664.0;4115012.3070000005;0.4159949564265176;0.06288352311760566;0.08580810160258881;0.8319899128530353
885109.0;4328554.946900002;0.3914175552043968;0.06452700488922616;0.09026098951008162;0.7828351104087936
884494.0;3881614.5325000016;0.42568820045992567;0.06517699928764842;0.08094118542981198;0.8513764009198513
881829.0;3380708.4544;0.43757652829042043;0.06799364168081153;0.0704960648721302;0.8751530565808409
876950.0;3236462.8055000002;0.4427554199123782;0.07315026390829478;0.06748818922726581;0.8855108398247564
876273.0;3114623.333700001;0.44290024495739555;0.07386578619728969;0.0649475373420611;0.8858004899147911
868816.0;2999057.095300003;0.44998759490550416;0.08174710039084215;0.0625376977628241;0.8999751898110083
866431.0;2889954.298800001;0.4712440152253345;0.0842678103749675;0.06026263680340161;0.942488030450669
860069.0;2668042.029200001;0.4754832897701922;0.09099181746889011;0.05563522158417956;0.9509665795403844
858324.0;2584108.0212;0.47618442940671923;0.09283611051807196;0.053884991609380935;0.9523688588134385
858001.0;2487145.3208999992;0.47538852568850426;0.09317748968992624;0.05186308143797016;0.9507770513770085
856743.0;2769304.4752;0.4728163293890421;0.09450707172767454;0.057746792001627294;0.9456326587780842
855357.0;2375398.433799999;0.4777328160281163;0.09597193715241153;0.04953288470302031;0.9554656320562326
847983.0;2237971.0272000004;0.4815482238580208;0.10376552852471353;0.046667186136711516;0.9630964477160416
833562.0;2141962.5012999997;0.4900741730301321;0.11900710449161983;0.04466517284233377;0.9801483460602642
832700.0;2027394.7073000001;0.48960021174347423;0.11991815355087183;0.04227615327823349;0.9792004234869485
828450.0;1919751.9081;0.491837756427086;0.12440998475948094;0.04003153684420038;0.983675512854172
826810.0;5982990.878899996;0.2091341839201152;0.1261433031552736;0.12476003737599829;0.4182683678402304
807578.0;5717843.366299999;0.24016788435748634;0.14646963205032543;0.1192310612749666;0.4803357687149727
801025.0;6329361.4938;0.18570852382799932;0.15339550732327023;0.13198271441755463;0.37141704765599864
798470.0;1786190.6498999998;0.49826150252983514;0.1560958905557399;0.03724645695651702;0.9965230050596703
798424.0;6141831.410500002;0.19768462242591275;0.156144508022939;0.12807225212951362;0.3953692448518255
796042.0;5553184.008399996;0.2576802945710708;0.15866204730268177;0.1157975097182761;0.5153605891421416
791299.0;1669200.0166000002;0.49744378493513874;0.16367493093148952;0.0348069152492709;0.9948875698702775
790831.0;4056218.0390000036;0.3962661032740567;0.16416956081516695;0.08458209687992699;0.7925322065481134
790347.0;1361206.8086999997;0.4954600489387343;0.16468110112221798;0.028384501291617945;0.9909200978774686
782803.0;3796545.657800004;0.4139461470775519;0.17265436574286433;0.07916729070024871;0.8278922941551038
779046.0;3314679.234300001;0.42812912255969027;0.17662514453127476;0.06911919364930487;0.8562582451193805
778915.0;3409961.336400002;0.4268522085907704;0.176763598622646;0.07110605922538031;0.8537044171815408
778419.0;3572128.975400002;0.4222433803989768;0.1772878217472272;0.0744876523302886;0.8444867607979536
776880.0;3935069.5667000026;0.4068679270796108;0.17891439309547413;0.08205585402946619;0.8137358541592216
776848.0;1207739.1611999995;0.4909504522446565;0.17894821394222132;0.0251843243524168;0.981900904489313
776799.0;3709821.3839000026;0.41605048112401066;0.17900000211380293;0.07735887683631855;0.8321009622480213
772656.0;1054917.9299999997;0.4927263847468264;0.18337874486610115;0.021997626778867525;0.9854527694936528
771560.0;1456246.7001;0.4889323914400261;0.18453710886719188;0.030366316180403946;0.9778647828800522
770130.0;3220916.0036000013;0.4393875562517526;0.18604847795620624;0.06716400026803448;0.8787751125035052
769220.0;3100264.4637000025;0.4393818359118625;0.187010258285579;0.06464811967719476;0.878763671823725
768410.0;912042.4531999999;0.4919555087448546;0.18786634846886685;0.019018322583612125;0.9839110174897092
764136.0;799175.8736999996;0.4894231160134004;0.19238354531253632;0.01666477751527834;0.9788462320268008
760119.0;692970.1613999997;0.48524115034815246;0.19662911848076756;0.01445012786859049;0.9704823006963049
760079.0;2982990.0442000018;0.46246827456534206;0.19667139453920154;0.062202660331490627;0.9249365491306841
758097.0;2890747.847900001;0.4625232427768439;0.19876617323460463;0.06027918424888157;0.9250464855536878
756799.0;2782682.0734000006;0.46722885169281725;0.2001380313307869;0.05802574774219496;0.9344577033856345
754831.0;2464985.6257;0.4699593864843778;0.20221801340573814;0.051400997430598096;0.9399187729687556
753430.0;564444.0981;0.4786337816751478;0.20369873235238786;0.011770044146977663;0.9572675633502956
753269.0;2645921.239300001;0.4690781827802513;0.20386889348758458;0.05517394884775546;0.9381563655605026
752688.0;2570411.3824;0.4641970464228913;0.20448295323633797;0.05359938308962874;0.9283940928457826
752254.0;2364051.0701000015;0.4724984845247052;0.20494164847034652;0.049296264332375356;0.9449969690494104
751545.0;471624.8260000001;0.47853672113058304;0.20569099160608859;0.00983453461824878;0.9570734422611661
751407.0;0.0;0.447713387486404;0.2058368440076858;0.0;0.895426774972808
674487.0;0.0;0.4198451340619275;0.28713370437620617;0.0;0.839690268123855
543433.0;0.0;0.36384604710335927;0.42564486842633714;0.0;0.7276920942067185
465667.0;0.0;0.3411029841050669;0.5078358674307359;0.0;0.6822059682101338
387497.0;0.0;0.3320227247354369;0.5904538546253179;0.0;0.6640454494708738
308458.0;0.0;0.29469465655330174;0.6739902891893778;0.0;0.5893893131066035
209164.0;0.0;0.2608877889310623;0.7789342628429381;0.0;0.5217755778621246
100191.0;0.0;0.22352967480154962;0.8941079857360579;0.0;0.44705934960309923
