939955.0;7658693.673399995;0.14848434329422155;0.006560187367490979;0.15970255149718338;0.2969686865884431
939926.0;8068304.776099995;0.1484801216060683;0.006590837509855606;0.1682439478517557;0.2969602432121366
939915.0;8852840.323899996;0.14847579217901993;0.0066024634259249475;0.1846034386561814;0.29695158435803987
939907.0;9056309.247699996;0.14847565935255974;0.006610918637611741;0.18884626487001802;0.2969513187051195
939076.0;7857220.314699998;0.14847835960174077;0.007489203751577425;0.1638423189964234;0.29695671920348155
937969.0;7347198.142399997;0.1639323256341009;0.00865919366873749;0.15320710551095096;0.3278646512682018
937084.0;7103479.066999993;0.17937324415242714;0.00959455146158903;0.14812496489405957;0.3587464883048543
936435.0;6806793.4807999935;0.19187680317614106;0.01028048050968016;0.14193834258885607;0.3837536063522821
936414.0;7023938.597499996;0.1867486557299593;0.010302675440357994;0.14646635097527178;0.3734973114599186
935540.0;7204234.319799997;0.17390237513356335;0.011226407317140193;0.15022595908903447;0.3478047502671267
934719.0;6651522.853999993;0.20461382919381013;0.012094123416497387;0.13870056910815767;0.40922765838762026
933419.0;6522871.302599995;0.20618083154205827;0.013468095315601345;0.13601786865181087;0.41236166308411654
932403.0;8696604.441900002;0.14847505258911378;0.014541907199824131;0.18134553723658656;0.29695010517822756
932386.0;8492966.9407;0.14847203779974985;0.014559874524658569;0.17709919577040367;0.2969440755994997
931629.0;6369785.6977999965;0.21716383102284256;0.015359948930521412;0.13282565824013687;0.4343276620456851
930727.0;6280800.916999997;0.2278258123962686;0.01631327404820739;0.13097010726183683;0.4556516247925372
927227.0;6185094.643399997;0.24248603967405472;0.020012429161179585;0.12897439666940338;0.48497207934810943
925818.0;5949938.682899999;0.2506780264763279;0.02150160331951611;0.12407081800532184;0.5013560529526558
923621.0;5863166.396999999;0.2631291557388757;0.023823615829001797;0.12226140297340803;0.5262583114777514
922117.0;5780149.406199998;0.2672521366234963;0.025413195626118993;0.12053029505686794;0.5345042732469926
921000.0;5680345.567399997;0.2758634919707431;0.02659375455788755;0.11844914017781427;0.5517269839414862
917407.0;5543267.260000001;0.290326862838375;0.030391201506718722;0.11559072118624021;0.58065372567675
899214.0;5420874.647199998;0.3392181231022945;0.0496194097839482;0.11303853495421275;0.678436246204589
898494.0;5287151.0533;0.3582452256842951;0.050380378835759625;0.11025006996894039;0.7164904513685902
894091.0;5199844.697899998;0.3637991526048189;0.05503391596787865;0.10842951827776531;0.7275983052096378
891340.0;4240041.971000003;0.41472348467365344;0.0579414518866748;0.08841527682138452;0.8294469693473069
890248.0;4992948.968899997;0.36708872389686675;0.05909558828192212;0.10411523476882567;0.7341774477937335
889848.0;5103643.682699998;0.36594218522427296;0.059518348866261804;0.10642349110926533;0.7318843704485459
886978.0;3638672.3826000034;0.4259210203886753;0.06255165605889901;0.07587524561555946;0.8518420407773506
885248.0;3794363.5938000036;0.4240387493096399;0.06438009558616811;0.07912178931278095;0.8480774986192798
884641.0;3542992.8618000024;0.4304119891250493;0.06502163477290358;0.07388009288463629;0.8608239782500986
883020.0;4874175.440599999;0.3902261599723718;0.06673487204094014;0.10163851532700843;0.7804523199447436
880650.0;3430079.8734000027;0.42974053075689017;0.06923972850315274;0.0715255800768866;0.8594810615137803
877503.0;4122022.8536000038;0.4201964875295057;0.07256579740044516;0.08595428869756286;0.8403929750590114
876558.0;3218897.6397000025;0.442677067447816;0.07356456928094766;0.06712191242924298;0.885354134895632
874784.0;3148280.828400001;0.449119650416299;0.07543951247249414;0.06564937867555927;0.898239300832598
861625.0;2865683.0829000003;0.47263115575610576;0.08934727879580875;0.05975652240942451;0.9452623115122115
859156.0;2750806.1156999995;0.47232483307049017;0.09195676850264542;0.05736105582563649;0.9446496661409803
857789.0;2666422.9524000003;0.47316302703162194;0.09340155279962628;0.0556014598609593;0.9463260540632439
855648.0;7186866.399299992;0.16366507040894787;0.09566437882730441;0.14986379533940122;0.32733014081789574
854312.0;2535128.895000001;0.48102578223779585;0.09707639917899895;0.052863656671882406;0.9620515644755917
849953.0;3337624.3563000024;0.4423842895835273;0.1016834326468406;0.0695976557322762;0.8847685791670546
848675.0;6912780.935199995;0.1691844670381763;0.10303415271380588;0.14414844102289584;0.3383689340763526
847974.0;7528648.546199994;0.15356763780654537;0.10377504063786117;0.15699079156666823;0.30713527561309073
845326.0;2422530.389100001;0.485755541337296;0.10657371570618986;0.05051570159575027;0.971511082674592
838604.0;4526729.6767;0.41225583006318606;0.11367820732601816;0.09439341879123268;0.8245116601263721
837378.0;3081942.2297;0.46788121347544237;0.11497396851701928;0.06426605614995229;0.9357624269508847
837158.0;6414660.753299994;0.20502319942258534;0.1152064868384061;0.13376141323538082;0.4100463988451707
835914.0;4613638.993999998;0.40353648952997356;0.11652127225570251;0.09620569126400366;0.8070729790599471
835726.0;2261144.8906;0.488824966374741;0.11671996973034215;0.04715041803902419;0.977649932749482
834794.0;6730532.673799996;0.19901309298085984;0.11770500189185361;0.1403481176789039;0.3980261859617197
833132.0;4750027.438899996;0.3981599719014662;0.11946157211978499;0.09904972493007311;0.7963199438029324
832687.0;2138402.1803;0.489307885631685;0.11993189326986288;0.04459093141525806;0.97861577126337
829595.0;2010021.6844000004;0.4891392069184304;0.1231998325868086;0.04191388313104307;0.9782784138368608
825980.0;6030549.491399998;0.2436651882439817;0.12702053136777847;0.12575175111802922;0.4873303764879634
822069.0;1841031.4169999997;0.4930643594306397;0.13115407298115966;0.03839002148663416;0.9861287188612794
820821.0;6179046.9268999975;0.22560121246243095;0.13247308600429947;0.1288482869440417;0.4512024249248619
819410.0;1750883.5888;0.49376185031811143;0.1339643739655577;0.03651021811684116;0.9875237006362229
819058.0;6497991.813199997;0.18883450225637374;0.1343364032797766;0.13549907026313435;0.3776690045127475
819009.0;5719031.570099994;0.2550175661295931;0.13438819145135822;0.1192558382391135;0.5100351322591862
815877.0;5630238.517899994;0.27112548290515154;0.13769840682673792;0.11740428527247457;0.5422509658103031
815456.0;3614298.585800004;0.42703163336636524;0.13814336234175542;0.07536699215816459;0.8540632667327305
808449.0;6287374.164799997;0.2170898204138857;0.14554907087792576;0.13110717560404372;0.4341796408277714
808345.0;5913870.252499998;0.2540269996409358;0.14565898862985407;0.12331870274793988;0.5080539992818716
802361.0;5564722.464399994;0.27149092554011567;0.15198348697157568;0.11603811483216618;0.5429818510802313
799398.0;3879122.793800004;0.42388868216986597;0.15511508600007187;0.08088922656515128;0.8477773643397319
796724.0;1644468.0750999998;0.49736980278015264;0.15794124050638264;0.034291193596275776;0.9947396055603053
790440.0;1366976.6662;0.49466080636625553;0.164582809286359;0.028504816975182312;0.9893216127325111
785944.0;1505345.3952999995;0.49411410570414893;0.169334638254337;0.03139014442488071;0.9882282114082979
783433.0;3522292.5915000024;0.4283786269214375;0.17198851782252933;0.07344844146670933;0.856757253842875
782277.0;3000008.761800001;0.4715827040744502;0.17321029591127102;0.06255754234398966;0.9431654081489004
779184.0;2743097.7116000005;0.4702471955456751;0.17647929212967758;0.05720031668979446;0.9404943910913502
774866.0;3400948.7076000017;0.4326349822621074;0.1810429926376244;0.07091812380500227;0.8652699645242148
766361.0;1108144.8479000002;0.4867105969573072;0.19003193956214687;0.02310753859404886;0.9734211939146143
766019.0;2920984.572200002;0.4486010409287424;0.1903933998617573;0.060909694127661375;0.8972020818574848
761703.0;952064.7842999999;0.48421067417270286;0.19495498656678242;0.019852886370349605;0.9684213483454057
761689.0;1289409.9492;0.4828377742708433;0.19496978318723432;0.0268873606380547;0.9656755485416866
761040.0;3256549.608200004;0.4394541021112197;0.19565571223532546;0.06790704834076616;0.8789082042224394
758874.0;2633001.0174999996;0.47509234985388427;0.1979449607995248;0.054904530527169496;0.9501846997077685
757909.0;818346.0889;0.4806534817459007;0.1989648707092443;0.017064523530819265;0.9613069634918014
757864.0;732631.5006;0.4837111443215278;0.1990124312749825;0.015277164088622956;0.9674222886430556
752037.0;3135066.3034000024;0.44555478164367573;0.2051709960873508;0.06537382341126494;0.8911095632873515
749311.0;570911.3735;0.47941840502129907;0.2080521094696257;0.011904902704671674;0.9588368100425981
748194.0;652912.4026;0.47870914162786626;0.20923266840139426;0.013614825327396322;0.9574182832557325
747993.0;0.0;0.4454384769459311;0.20944510559502497;0.0;0.8908769538918622
743391.0;4878564.6510000015;0.37748775796019857;0.21430896611785297;0.10173004113151643;0.7549755159203971
742592.0;5010036.877600001;0.36159472537757176;0.21515343038507148;0.10447155958550033;0.7231894507551435
740837.0;5340114.698100001;0.3542553802476337;0.21700829244886183;0.11135449189412173;0.7085107604952674
730616.0;4566387.575800001;0.40379982730535074;0.2278108822802015;0.09522038327674087;0.8075996546107015
729994.0;4442223.0436;0.40192728945277556;0.2284682749888497;0.09263124817832777;0.8038545789055511
729875.0;5107737.9627;0.3550609715403366;0.22859404626269075;0.10650886689140625;0.7101219430806732
724652.0;5218709.606000002;0.34709046078909095;0.2341142425927061;0.10882289789128796;0.6941809215781819
716478.0;4691292.6143000005;0.38291310358482306;0.24275335513368745;0.09782495974812862;0.7658262071696461
711665.0;4314688.511600003;0.4143424478668818;0.24784022186475466;0.08997184031675745;0.8286848957337636
667884.0;0.0;0.4171456619324281;0.29411242472219346;0.0;0.8342913238648562
590457.0;0.0;0.4126821097994238;0.3759451341313644;0.0;0.8253642195988476
502354.0;0.0;0.3600700908317131;0.4690613235365614;0.0;0.7201401816634262
400245.0;0.0;0.33369899497265687;0.5769804748024123;0.0;0.6673979899453137
295979.0;0.0;0.2630140697918587;0.6871793625193149;0.0;0.5260281395837174
164354.0;0.0;0.2230078482265993;0.8262940173035908;0.0;0.4460156964531986
