939955.0;6857337.954200002;0.14848434329422155;0.006560187367490979;0.1429923188556049;0.2969686865884431
939951.0;8434429.7549;0.14848420076823654;0.006564414973334376;0.17587855184228915;0.2969684015364731
939920.0;9022559.914799996;0.14848104796497438;0.006597178918620702;0.18814250848475117;0.29696209592994877
939885.0;8549046.6479;0.1484814566705188;0.0066341704697504235;0.17826859524098976;0.2969629133410376
939830.0;7727803.105299997;0.14848278254871972;0.0066923000500971296;0.16114365269245437;0.29696556509743943
939740.0;6653891.780600002;0.14870150317229178;0.0067874211815735575;0.13874996703924938;0.29740300634458355
939721.0;9253268.303099995;0.1484800408641639;0.006807502309329692;0.19295334435762088;0.2969600817283278
939568.0;1.070719032909999E7;0.1484762323803774;0.006969208232839619;0.22327118538011903;0.2969524647607548
939476.0;7854783.9228;0.1484800196942494;0.007066443167237746;0.1637915142483202;0.2969600393884988
939444.0;7628129.557299999;0.14848017161546542;0.00710026401398492;0.15906521469621185;0.29696034323093085
939441.0;8743547.081799995;0.14847670943916916;0.0071034347183674676;0.18232440643879533;0.2969534188783383
938304.0;8022471.776499997;0.14847793020432906;0.008305131679353006;0.16728821737198582;0.2969558604086581
937564.0;6515211.769000003;0.16538540657921677;0.009087238760381415;0.1358581485857837;0.33077081315843354
937327.0;8254932.144399998;0.14847677961561495;0.009337724406602676;0.17213558631749465;0.2969535592312299
936913.0;9613173.093999995;0.14847645422980987;0.009775281611394243;0.20045824217099348;0.29695290845961975
936865.0;6422816.991900002;0.17197213478877235;0.009826012881515005;0.13393149081918143;0.3439442695775447
936015.0;8137870.700800002;0.14847608023122658;0.010724379123236824;0.16969456804178085;0.29695216046245315
930057.0;6207696.723200004;0.22602950783223158;0.017021398026976352;0.12944570548094925;0.45205901566446316
928567.0;6286622.537000005;0.2067284120966971;0.01859618120364166;0.1310915023205108;0.4134568241933942
928043.0;6045865.475500003;0.23561976546265337;0.01914999756912664;0.12607112695988545;0.47123953092530674
925164.0;5936786.406700001;0.23468842355723818;0.022192816874911484;0.12379656078121708;0.46937684711447636
924848.0;5789011.083800004;0.2366713031508427;0.02252679773653983;0.12071508277441063;0.4733426063016854
924142.0;5623691.5539000025;0.24002568398389465;0.023272970167899365;0.11726776501197762;0.4800513679677893
920905.0;5513564.440200004;0.25738525320442357;0.026694160196668225;0.11497134452606696;0.5147705064088471
918878.0;5397195.247500004;0.2713504344816282;0.028836499457809552;0.11254476137985699;0.5427008689632564
915654.0;5284460.425200003;0.2826499295167011;0.03224394976758737;0.11019396377237166;0.5652998590334022
908766.0;5156317.846200002;0.31276587923455085;0.03952388702991665;0.10752187663918247;0.6255317584691017
899369.0;5026882.257100004;0.3310687303381973;0.049455590057516575;0.10482282707337917;0.6621374606763946
896921.0;4121703.812200001;0.404436081613165;0.05204288483367542;0.0859476359016963;0.80887216322633
893320.0;4036975.3763000015;0.4114474626788539;0.055848786994193385;0.08418084015628187;0.8228949253577078
892753.0;4730091.814500001;0.3662488091262161;0.05644805012249488;0.09863401825500051;0.7324976182524322
892016.0;3938481.821100001;0.41647023741366385;0.057226986499140736;0.08212700790469298;0.8329404748273277
888975.0;3716538.590100002;0.4224332603539205;0.060441023841583154;0.07749894706432603;0.844866520707841
888631.0;4584796.078800002;0.38242650530366024;0.06080459794411528;0.09560424572426955;0.7648530106073205
886984.0;4925048.710900004;0.3512367081626517;0.06254531465013391;0.10269934781573098;0.7024734163253034
885117.0;3558361.6799000013;0.4301357067029917;0.06451854967753937;0.07420057044500544;0.8602714134059835
879507.0;3348865.005500001;0.4354112038163568;0.07044776687290337;0.06983205084380278;0.8708224076327136
877341.0;3449263.1577000013;0.4338854928547446;0.07273701543710273;0.07192559861522378;0.8677709857094892
875928.0;3240084.680800001;0.4393225512175766;0.07423041720128265;0.06756371421250236;0.8786451024351531
873022.0;4482539.5545000015;0.40176291124992164;0.07730177284651042;0.09347194633558098;0.8035258224998433
872578.0;4369432.0777;0.40367418451216175;0.07777103709512748;0.09111337796756978;0.8073483690243235
872153.0;3110061.8103000005;0.44324516307338796;0.07822022021598839;0.06485241838878265;0.8864903261467759
863528.0;2977407.4705000003;0.45404975915618867;0.08733599531581272;0.06208624997460328;0.9080995183123773
862078.0;2863923.6171999997;0.4669871590527275;0.08886850243404407;0.05971983323323539;0.933974318105455
856030.0;2512631.816699999;0.4755133946907661;0.09526064246926003;0.05239453739920268;0.9510267893815322
855807.0;2635543.2324;0.47119818949525366;0.0954963314950294;0.05495754194442912;0.9423963789905073
854964.0;2745583.5286000003;0.4707565544741391;0.09638729942652527;0.057252152072483006;0.9415131089482782
852033.0;6195459.232900003;0.19759207549233226;0.09948507760827427;0.1291905237870241;0.39518415098466453
851307.0;2410926.7886999995;0.4767950870441854;0.10025238806885078;0.05027373806130702;0.9535901740883708
843533.0;6367927.921600004;0.16788635791126108;0.10846874002549246;0.1327869190488463;0.33577271582252216
841917.0;2278180.6420000005;0.48585058312154905;0.11017669278622477;0.047505655248040804;0.9717011662430981
832461.0;2182245.9962;0.4915131782487466;0.1201707530000148;0.04550518253499168;0.9830263564974931
828969.0;2080268.3662999996;0.49066267184971757;0.1238614529013002;0.04337869877873048;0.9813253436994351
827754.0;1942977.5551999998;0.49270016283191953;0.12514558817623198;0.04051584856369451;0.9854003256638391
825954.0;6079832.934700001;0.227906253443591;0.12704801080576053;0.1267794318136175;0.455812506887182
823801.0;5902573.825000003;0.2146087519903618;0.12932351965096886;0.12308314452202232;0.4292175039807236
822588.0;5747953.567200003;0.21976396961171474;0.13060554112297895;0.11985893283046763;0.4395279392234295
815880.0;1837023.9726999996;0.49576288066806823;0.13769523612235537;0.038306456441864756;0.9915257613361365
813145.0;5361542.405800003;0.25793261906160897;0.14058586161777792;0.11180131216639762;0.5158652381232179
808509.0;5250089.935300003;0.2774571554732189;0.1454856567902748;0.1094772547398244;0.5549143109464378
807165.0;3822422.8836999997;0.41728102704853437;0.14690613235365613;0.0797068943426103;0.8345620540970687
805066.0;5147466.013500004;0.2993670601344204;0.1491245685199786;0.10733729421195656;0.5987341202688408
800640.0;1621417.9979999997;0.4978971730556237;0.15380241438569717;0.033810542941992254;0.9957943461112474
799953.0;1734103.0438;0.4975441477730632;0.15452850568930057;0.03616030258734021;0.9950882955461264
797892.0;3917835.8994;0.4123921619931199;0.15670677960011076;0.08169648978840469;0.8247843239862398
796153.0;3511998.9946;0.42676101568086156;0.1585447312405275;0.07323379471895866;0.8535220313617231
795870.0;5499382.724400002;0.2531389055066094;0.15884383435394783;0.1146756209608675;0.5062778110132188
789768.0;4981144.340700001;0.3273860041213002;0.16529304706804965;0.10386907931158855;0.6547720082426004
789611.0;3737913.8803000012;0.42054364474995304;0.165458980597403;0.07794467430313556;0.8410872894999061
788685.0;1438941.3721999996;0.49499879982549494;0.16643767135014934;0.030005457640033765;0.9899975996509899
788662.0;1267206.0641999994;0.49632842529030935;0.16646198008374888;0.026424355164945616;0.9926568505806187
788564.0;4897233.1104000015;0.3329354053228883;0.1665655564269121;0.1021193243077135;0.6658708106457766
788312.0;1352696.9357999999;0.49587198653526887;0.1668318955950461;0.02820704956512222;0.9917439730705377
779563.0;1142099.4182000002;0.49236055225808173;0.17607872647601575;0.023815574682596735;0.9847211045161635
776758.0;2925841.9075000007;0.4663735994700782;0.17904333507369774;0.06101098148474439;0.9327471989401565
775603.0;3335564.543599999;0.43526382073598474;0.18026405626097855;0.06955470358432186;0.8705276414719695
775256.0;2813486.5378;0.46729422248274693;0.18063080106789323;0.058668096394847116;0.9345884449654939
772608.0;2692094.0836999994;0.46703233840407354;0.1834294761362219;0.056136765925317016;0.9340646768081471
770879.0;3637396.3855000013;0.4250138891228987;0.18525685876203019;0.07584863794573175;0.8500277782457974
770731.0;852941.6438;0.48996255450042364;0.18541328017823586;0.017785925720748885;0.9799251090008473
770626.0;1027645.8838;0.486766473766402;0.18552425483162502;0.021428937711459574;0.973532947532804
769181.0;936224.1331;0.4873414096386507;0.18705147744255213;0.01952256993233834;0.9746828192773014
768768.0;3196257.420400001;0.43346400279527003;0.18748797774588283;0.0666498083155579;0.8669280055905401
767945.0;2604192.0495999996;0.4659747505048702;0.18835780764816173;0.05430379287192026;0.9319495010097404
767658.0;4790971.987500003;0.3428218495713859;0.18866113836742546;0.09990351921408167;0.6856436991427718
761262.0;4671211.933000001;0.3802348888667344;0.19542108011101694;0.09740622828083545;0.7604697777334688
761177.0;3080272.5265000015;0.44280942746324203;0.1955109167351891;0.06423123874209474;0.8856188549264841
759550.0;2522526.4154999997;0.47123531916861816;0.19723049541199075;0.05260086405774098;0.9424706383372363
757589.0;736838.3099999999;0.4851450878710602;0.19930307917671602;0.015364886384812414;0.9702901757421204
753846.0;2320315.4835000006;0.4770552844691952;0.20325906134467459;0.04838427005905623;0.9541105689383904
752466.0;2422819.3744;0.47262536266330096;0.2047175853606465;0.050521727648197734;0.9452507253266019
751824.0;595416.9543000001;0.4788508697451523;0.20539611609851166;0.012415904181760782;0.9577017394903046
751686.0;0.0;0.44676930787325553;0.20554196850010886;0.0;0.8935386157465111
747746.0;4554419.014500002;0.3823917619030704;0.2097061602558547;0.09497080941220587;0.7647835238061408
659119.0;0.0;0.42120971747396235;0.30337616602653666;0.0;0.8424194349479247
545917.0;0.0;0.39558494531083677;0.42301952519758773;0.0;0.7911698906216735
461858.0;0.0;0.36756753989280505;0.5118616050951106;0.0;0.7351350797856101
360543.0;0.0;0.3190689868101826;0.6189415766010472;0.0;0.6381379736203652
255579.0;0.0;0.2669974417560312;0.7298781815376225;0.0;0.5339948835120624
151683.0;0.0;0.22560362491060154;0.8396860157140109;0.0;0.4512072498212031
