939955.0;6614152.757499999;0.14848434329422155;0.006560187367490979;0.1379213109193267;0.2969686865884431
939943.0;8551092.300999995;0.14848205640803122;0.00657287018502117;0.17831125212654741;0.29696411281606244
939765.0;7098484.2383;0.148478571186579;0.006760998645052327;0.1480208104622861;0.296957142373158
939575.0;8790012.189399991;0.1484784411991405;0.006961809922613675;0.1832933179210607;0.296956882398281
939471.0;1.1475917428200012E7;0.14847593221675187;0.007071727674541992;0.2393010312476585;0.29695186443350374
938915.0;6551056.387099999;0.15529001803880244;0.007659364886774146;0.1366055968076513;0.31058003607760487
938798.0;1.3580465519000007E7;0.14847164474090113;0.007783022357693503;0.28318602184554936;0.29694328948180226
937454.0;6411289.771800001;0.16740308055864903;0.009203497921074827;0.13369112000137037;0.33480616111729805
936786.0;6309519.217500002;0.17316804027527016;0.009909508096922091;0.13156895427936974;0.3463360805505403
935820.0;1.1812868261000007E7;0.14846955204791626;0.010930474908102419;0.24632728272369786;0.2969391040958325
935480.0;1.4014734449100008E7;0.1484673814121443;0.011289821404791145;0.2922415943923142;0.2969347628242886
935167.0;1.1053880898700004E7;0.14847589909532863;0.011620631562036946;0.2305005342620876;0.29695179819065726
935147.0;1.3049105460800007E7;0.1484677284066865;0.01164176959125393;0.2721058610926831;0.296935456813373
934061.0;1.3206237069800006E7;0.14845884054502645;0.012789564577736159;0.27538244061763717;0.2969176810900529
933516.0;7310509.9577;0.14847575019374384;0.013365575873898973;0.1524420668560248;0.2969515003874877
932238.0;1.2050243100500006E7;0.14846881569083456;0.01471629594086425;0.2512771304583122;0.2969376313816691
931386.0;1.2214259572500005E7;0.1484652702906911;0.015616775985507767;0.2546972762668516;0.2969305405813822
931348.0;1.264176886000001E7;0.1484618952552036;0.015656938241020036;0.26361189368256344;0.2969237905104072
928918.0;6092361.315700001;0.23510729447891748;0.01822520879088359;0.1270406792922545;0.47021458895783497
925702.0;5780683.248200001;0.25186048741218753;0.021624203888974614;0.12054142697219612;0.5037209748243751
920429.0;5628452.7706;0.28020663573360666;0.02719724529203244;0.11736704806045123;0.5604132714672133
917295.0;5465265.667100001;0.3041249956131797;0.030509574470333832;0.1139641966197544;0.6082499912263594
914039.0;5379594.7681;0.31927560164102486;0.03395084562685882;0.11217774820664222;0.6385512032820497
911489.0;5374014.418300001;0.3251181486155702;0.036645944352024284;0.11206138422352564;0.6502362972311404
910472.0;5288496.4958999995;0.32783178153963344;0.03772081313770792;0.11027812574780764;0.6556635630792669
907581.0;5198129.359699999;0.3419303501985252;0.040776315261022954;0.10839374926820539;0.6838607003970504
899688.0;4949194.7332000015;0.3727419258627179;0.049118438491505684;0.10320285161602145;0.7454838517254359
895299.0;4903132.683900002;0.38364767795936466;0.05375717900317282;0.10224234488809886;0.7672953559187293
893728.0;5046472.897100001;0.3592015076364565;0.05541757119816691;0.1052313399773916;0.718403015272913
890575.0;4786892.327700001;0.37914308066379704;0.05874998150422443;0.09981844829897724;0.7582861613275941
887397.0;4032213.3424000014;0.4286013249907013;0.06210881434680319;0.08408154006718345;0.8572026499814026
885462.0;3752637.3469000007;0.43322003375588214;0.06415391867354639;0.07825169470154504;0.8664400675117643
883854.0;3647575.942400001;0.43007977770390887;0.0658534162225919;0.07606090667971796;0.8601595554078177
880513.0;4520109.082100001;0.40096902764255954;0.06938452400328908;0.09425536315209405;0.8019380552851191
878073.0;4477211.774200001;0.40814024585694314;0.07196336356776112;0.09336084904614614;0.8162804917138863
875099.0;4835552.330400001;0.37797880944413353;0.07510658851232664;0.10083312872862288;0.7559576188882671
871755.0;4399248.061300002;0.42293910482810043;0.07864086699740637;0.09173511437058805;0.8458782096562009
869135.0;3380112.2422;0.45695170127491713;0.08140994882483127;0.0704836323851247;0.9139034025498343
868083.0;3181702.3242;0.4580429170353525;0.08252180916164463;0.06634629885303683;0.916085834070705
865535.0;2996001.5427999995;0.46420793219966167;0.08521479408388838;0.06247398199727794;0.9284158643993233
862621.0;2885002.9938999997;0.4670616287647721;0.08829460494080295;0.0601593899496311;0.9341232575295442
856436.0;3311328.996200001;0.4519569864757044;0.09483154047615525;0.06904933296607224;0.9039139729514089
852529.0;2490854.5743999993;0.4818780187434467;0.09896085448369307;0.051940428473034025;0.9637560374868934
850072.0;2749758.6600000006;0.47624026882225523;0.10155766137299956;0.05733921380465959;0.9524805376445105
845942.0;2436220.3772999994;0.4880420942585031;0.10592266440630674;0.050801171434177096;0.9760841885170062
836927.0;2642024.5017;0.48024665703233366;0.11545063107586227;0.055092692309268144;0.9604933140646673
827763.0;2395051.3447;0.4925811265398441;0.12513607606308433;0.04994269610806161;0.9851622530796882
820613.0;1921587.9959000002;0.4937621990829405;0.13269292150815612;0.04006982377914483;0.987524398165881
814207.0;2181370.4569000006;0.49268780881766816;0.13946343226635607;0.04548692539270231;0.9853756176353363
799700.0;1564125.7043000003;0.49772897144619527;0.1547959017588954;0.03261585806814823;0.9954579428923905
787052.0;1415401.5766999999;0.4950398904973903;0.16816359143571608;0.029514595155726707;0.9900797809947806
785079.0;1784780.3991000003;0.49302400877426056;0.17024885801797154;0.037217049767691454;0.9860480175485211
774171.0;1374295.3255999999;0.490835696208402;0.1817775391529146;0.028657428977902605;0.981671392416804
768782.0;1299498.5935;0.4904875948579551;0.18747318112543096;0.02709773362130293;0.9809751897159102
764959.0;1100226.5203000002;0.4881144262794532;0.19151371541025744;0.022942422038244745;0.9762288525589063
760706.0;810971.7281;0.4853009687785701;0.1960087173232491;0.01691075001726157;0.9706019375571402
756646.0;0.0;0.449157118808637;0.20029973725429684;0.0;0.898314237617274
755240.0;0.0;0.4479335579856912;0.2017857407082508;0.0;0.8958671159713824
746852.0;0.0;0.44278812120358385;0.21065103016185388;0.0;0.8855762424071677
736936.0;0.0;0.4351483068626969;0.22113126504763456;0.0;0.8702966137253938
722955.0;0.0;0.4328757096409996;0.2359078043717672;0.0;0.8657514192819992
716524.0;0.0;0.429698631031669;0.2427047376664884;0.0;0.859397262063338
698761.0;0.0;0.41880751108344527;0.2614784783155527;0.0;0.8376150221668905
692830.0;0.0;0.4164948133554293;0.26774696087984934;0.0;0.8329896267108586
688194.0;0.0;0.41125152326495096;0.27264675605234623;0.0;0.8225030465299019
684344.0;0.0;0.3954161875682586;0.27671582667661565;0.0;0.7908323751365172
663148.0;0.0;0.3897120202204289;0.29911791004077526;0.0;0.7794240404408578
648808.0;0.0;0.3792337188599408;0.3142738769893528;0.0;0.7584674377198816
648354.0;0.0;0.3637227537779706;0.3147537102525783;0.0;0.7274455075559412
638112.0;0.0;0.3545317692178721;0.3255784950145958;0.0;0.7090635384357442
626577.0;0.0;0.34846477168683937;0.3377698533654913;0.0;0.6969295433736787
619496.0;0.0;0.34369958523140826;0.3452537726097645;0.0;0.6873991704628165
616421.0;0.0;0.3362268562601829;0.3485037446018758;0.0;0.6724537125203658
608144.0;0.0;0.3329949251713286;0.3572517179933246;0.0;0.6659898503426572
598013.0;0.0;0.3080259642861921;0.36795918669318783;0.0;0.6160519285723842
587268.0;0.0;0.30110043567460204;0.3793155928900125;0.0;0.6022008713492041
581225.0;0.0;0.29476644845847594;0.3857024484179242;0.0;0.5895328969169519
577124.0;0.0;0.28957665513145836;0.39003680130886675;0.0;0.5791533102629167
564910.0;0.0;0.2749129547408847;0.4029457957516789;0.0;0.5498259094817693
563504.0;0.0;0.27109145177892585;0.4044317992056329;0.0;0.5421829035578517
549966.0;0.0;0.2619332733893629;0.41874013118260933;0.0;0.5238665467787258
542576.0;0.0;0.2588524575380547;0.4265506329782849;0.0;0.5177049150761094
541073.0;0.0;0.2547006163798106;0.42813915587394125;0.0;0.5094012327596212
532031.0;0.0;0.2502256502130197;0.4376956588829397;0.0;0.5004513004260394
529068.0;0.0;0.24144627149019063;0.4408272579114359;0.0;0.48289254298038126
514582.0;0.0;0.23952209409625153;0.45613753247329736;0.0;0.47904418819250305
507090.0;0.0;0.23277196174285245;0.4640558382179796;0.0;0.4655439234857049
488126.0;0.0;0.2236066133592405;0.4840989175215238;0.0;0.447213226718481
485929.0;0.0;0.21859586037078438;0.4864209300310095;0.0;0.43719172074156876
479884.0;0.0;0.2176991466228046;0.4928098993618429;0.0;0.4353982932456092
477881.0;0.0;0.21251428051315274;0.49492687298792387;0.0;0.4250285610263055
464365.0;0.0;0.20652400711388488;0.5092119531327616;0.0;0.41304801422776977
456993.0;0.0;0.20101861384475136;0.5170034307021419;0.0;0.40203722768950273
444111.0;0.0;0.19624345003754753;0.5306184353208013;0.0;0.39248690007509507
434115.0;0.0;0.19278288585827963;0.5411832223234498;0.0;0.38556577171655926
423837.0;0.0;0.19050166095824136;0.552046055538058;0.0;0.38100332191648273
417079.0;0.0;0.1860748793953268;0.5591885956104768;0.0;0.3721497587906536
403563.0;0.0;0.18203560725707735;0.5734736757553146;0.0;0.3640712145141547
388511.0;0.0;0.18069211661017484;0.5893821565440168;0.0;0.3613842332203497
381753.0;0.0;0.1790474586663632;0.5965246966164357;0.0;0.3580949173327264
