939955.0;7235866.267799996;0.14848434329422155;0.006560187367490979;0.15088556280474014;0.2969686865884431
939948.0;8545980.577899994;0.14848022690860102;0.006567585677716924;0.17820466015976688;0.29696045381720204
939889.0;7827770.955099997;0.14848070392014692;0.006629942863907026;0.16322822760321193;0.29696140784029385
939859.0;8434431.238799997;0.14847672350764696;0.006661649907732502;0.1758785827852444;0.2969534470152939
939819.0;8271053.317299995;0.14847636891472846;0.00670392596616647;0.17247175232113032;0.2969527378294569
939666.0;6935521.670399996;0.1487368670942904;0.006865631889676398;0.14462264113968282;0.2974737341885808
939580.0;8146237.8933;0.1484786203866577;0.006956525415309429;0.16986904453191112;0.2969572407733154
939466.0;6727000.131399996;0.15654423670708048;0.007077012181846237;0.14027445550378498;0.31308847341416096
938805.0;1.0800314484399999E7;0.14847346827943275;0.007775624047467559;0.2252130524715115;0.2969469365588655
938783.0;1.0338967830599995E7;0.14847600839385108;0.0077988758796062405;0.21559284295817818;0.29695201678770217
938413.0;6489254.214299998;0.18486688217283015;0.008189929420120444;0.13531686989087827;0.3697337643456603
938390.0;1.0673986409699997E7;0.14847572948604199;0.008214238153719976;0.2225788022043428;0.29695145897208397
938238.0;9573851.736499999;0.14847575991103365;0.008374887175769055;0.19963829540345363;0.2969515198220673
938011.0;6371285.762999999;0.18514739772148023;0.008614803807381822;0.13285693827953635;0.37029479544296046
936511.0;6611171.668799998;0.17771057614780433;0.01020015599865562;0.13785914790668616;0.35542115229560867
936337.0;1.0451268509199997E7;0.1484744970015274;0.010384056852843382;0.21793458760447157;0.2969489940030548
935661.0;8910530.20169999;0.14847593338241832;0.011098522240377441;0.1858064141338688;0.29695186676483665
935491.0;1.0144060704199998E7;0.14847575865991347;0.011278195488721804;0.21152855122404424;0.29695151731982694
935416.0;6243528.734300001;0.20270017055388162;0.011357463098285494;0.1301928908159392;0.40540034110776324
935390.0;9862876.394299999;0.14847177678867035;0.011384942536267574;0.2056651685576281;0.2969435535773407
935383.0;9712911.796600005;0.14847366520709146;0.011392340846493518;0.20253803880048435;0.2969473304141829
935000.0;9271121.193899998;0.14847294855747856;0.011797134105998761;0.19332562092774452;0.2969458971149571
933651.0;9101621.106999997;0.14847089632893928;0.013222894176684331;0.1897911282960648;0.29694179265787857
933152.0;9428240.102999996;0.14846912522386319;0.013750288005648082;0.19660193562862802;0.29693825044772637
932803.0;6089957.812499999;0.21362189010961316;0.014119146615484452;0.12699056035422918;0.4272437802192263
926354.0;5981326.0112000005;0.26409525371921716;0.02093510413650094;0.12472532080017831;0.5281905074384343
924718.0;5838721.2221;0.2680370065854961;0.022664194926450228;0.12175166110752249;0.5360740131709922
921350.0;5670790.994300004;0.28605267468295725;0.02622383904659033;0.11824990388927659;0.5721053493659145
917432.0;5534123.5846000025;0.3102755200700467;0.030364778970197494;0.115400053122767;0.6205510401400934
917066.0;5413819.892900001;0.31024269473198496;0.0307516049048683;0.11289142602024295;0.6204853894639699
911591.0;5324348.129700003;0.3282642212315801;0.036538140403017665;0.11102572026423141;0.6565284424631602
907920.0;5179946.821699999;0.3509022477595694;0.040418025665795075;0.108014598745267;0.7018044955191388
904638.0;5011679.2447000025;0.3655830251279062;0.04388677626030215;0.10450580696861166;0.7311660502558124
901218.0;4909358.636000001;0.37438509994192176;0.047501379256406406;0.10237217126297038;0.7487701998838435
892779.0;4089538.4267999995;0.41817547980442665;0.0564205706845128;0.08527690870756502;0.8363509596088533
892227.0;3861224.9585000006;0.41634280649116207;0.057003980290901556;0.0805160127919442;0.8326856129823241
888554.0;3590659.1882000007;0.4273959522458153;0.060885979356600665;0.0748740527257273;0.8547919044916306
886554.0;3749061.289999999;0.4258747931233499;0.06299978227829907;0.07817712514235078;0.8517495862466998
886473.0;3495436.0351;0.4318283248862742;0.06308539129662785;0.0728884163809163;0.8636566497725484
886192.0;4308036.282400003;0.41275598132549457;0.06338238060712648;0.08983312501860238;0.8255119626509891
880294.0;3324493.0812999997;0.4415000319276853;0.06961598542321505;0.06932383643471177;0.8830000638553706
878825.0;4727422.4574000025;0.4090690213715313;0.07116857366920253;0.09857835561096402;0.8181380427430626
877816.0;3169847.9595;0.4453692830846819;0.07223498724319936;0.06609910626776037;0.8907385661693638
871297.0;4642857.410700004;0.4105673789747121;0.07912492786647529;0.09681496693119812;0.8211347579494243
868407.0;2906388.737799999;0.4662609340144856;0.08217937308832948;0.060605335173730776;0.9325218680289712
868282.0;2820732.7471999996;0.46611190433552174;0.08231148577093564;0.05881919763733212;0.9322238086710435
867168.0;4816768.885800003;0.40337842886182856;0.08348887399832164;0.10044144782892266;0.8067568577236571
866245.0;2984443.4370000004;0.4648928742793674;0.08446439404668545;0.06223296713685269;0.9297857485587347
865340.0;3077595.8234;0.4611526685555638;0.08542088986875397;0.06417542291593689;0.9223053371111276
864237.0;2658777.1119;0.4706427335447442;0.08658665218007064;0.05544202532965907;0.9412854670894883
859338.0;4523858.249000003;0.4120503484580021;0.09176441243677087;0.09433354247946402;0.8241006969160042
849307.0;2568483.660999999;0.4773616214582296;0.1023661909905492;0.05355918536932754;0.9547232429164592
848052.0;2487456.6170999995;0.4836594288274887;0.10369260232391493;0.05186957272741605;0.9673188576549774
839966.0;2360480.5592;0.48725779258599483;0.11223870753634156;0.04922181042088661;0.9745155851719897
832509.0;2216473.9596;0.49097110120571946;0.12012002172989404;0.04621891954036606;0.9819422024114389
826619.0;2018980.2817000004;0.4914938059622274;0.12634517133429582;0.04210069186209532;0.9829876119244548
817424.0;1921245.4252000009;0.49628046756887734;0.1360633802668042;0.04006268033965095;0.9925609351377547
815548.0;1849050.6965000005;0.4961109532557413;0.1380461274073573;0.038557243137209804;0.9922219065114826
814716.0;6186391.640500001;0.2048274885984079;0.13892546942278383;0.12900144224074858;0.4096549771968158
798409.0;5981709.247100002;0.2461660389568662;0.15616036154485172;0.12473331220885264;0.4923320779137324
798290.0;1724948.7349;0.49919512879655875;0.15628613281869277;0.03596941278930572;0.9983902575931175
796926.0;5805455.604699998;0.26496620574221663;0.1577277464112911;0.12105799137708778;0.5299324114844333
793931.0;5405159.833399999;0.28629927829618285;0.16089316628653444;0.11271084253469746;0.5725985565923657
791422.0;5520988.965;0.2638535210813947;0.1635449320518051;0.11512616408208755;0.5277070421627894
787435.0;1580167.9814999998;0.4976897610559556;0.16775879817621084;0.03295037890289101;0.9953795221119112
786963.0;5642580.782900002;0.25851954768258195;0.16825765566573167;0.11766165177592953;0.5170390953651639
786618.0;5136472.589;0.32023183277802136;0.16862228666972465;0.1071080543419197;0.6404636655560427
784093.0;3975150.501600002;0.41467931789609286;0.17129096285836887;0.08289163984920127;0.8293586357921857
781213.0;1464981.9182999998;0.49144375286363723;0.17433483906561456;0.030548466909224685;0.9828875057272745
780641.0;5001643.7831000015;0.34952386848820505;0.1749393867012203;0.1042965429751269;0.6990477369764101
776423.0;4782548.345800001;0.4055579618654634;0.17939739706308222;0.09972786561964941;0.8111159237309268
774522.0;1274899.7525;0.4903512383303543;0.18140656674015654;0.02658478744025669;0.9807024766607086
773446.0;1104465.8547;0.49135645371747483;0.18254379271203028;0.023030822560474954;0.9827129074349497
772557.0;3556090.2183;0.42585018156457505;0.18348337811072524;0.07415320489826632;0.8517003631291501
771804.0;5275175.279599999;0.30570791391783414;0.18427922491074467;0.11000034570817178;0.6114158278356683
771368.0;2755893.5089999996;0.466666803304699;0.1847400339476749;0.05746714045640081;0.933333606609398
767197.0;2143144.2339000003;0.48853033337516616;0.18914836994087694;0.044689814866085545;0.9770606667503323
766209.0;2653077.2535999995;0.474431120884639;0.19019258858419594;0.05532316930113765;0.948862241769278
764695.0;4899697.5672;0.38228738626634085;0.19179273739592162;0.1021707142778309;0.7645747725326817
763816.0;851896.5824999998;0.4861195139576974;0.19272175378000808;0.017764133628885927;0.9722390279153948
762723.0;4070176.4774;0.40981847422915013;0.19387694707671624;0.08487316456358929;0.8196369484583003
762016.0;2912766.0422;0.4618792941267413;0.19462417640953664;0.060738317615356786;0.9237585882534826
761708.0;975492.2216;0.4852788734399;0.19494970205947817;0.020341405910548078;0.9705577468798
758385.0;3813389.3299000007;0.411419063433759;0.1984617856138801;0.07951852258464881;0.822838126867518
757949.0;731372.5477000001;0.47858028224866805;0.19892259465081033;0.015250911832178351;0.9571605644973361
757322.0;3631497.148400001;0.4238394984584273;0.19958527186676278;0.07572562438011168;0.8476789969168546
755420.0;571206.5954999999;0.47697724845580564;0.20159549844529795;0.011911058807614118;0.9539544969116113
753995.0;2529944.7995999996;0.4702701115901917;0.20310158302700806;0.05275555556510221;0.9405402231803834
752944.0;0.0;0.44881833772259927;0.20421238646236056;0.0;0.8976366754451985
747394.0;3431404.9908999996;0.43029611544329355;0.21007818957007363;0.071553212027557;0.8605922308865871
745946.0;4624487.8151;0.4046783714752603;0.21160858288538326;0.09643191579840753;0.8093567429505206
744014.0;4514628.4432000015;0.4080336404556338;0.21365051650774392;0.09414107838585452;0.8160672809112676
735287.0;4417859.823700001;0.4091918170205105;0.2228740955565749;0.0921232152752453;0.818383634041021
733402.0;3268574.2499;0.4364498420643531;0.22486635481027561;0.06815779161921828;0.8728996841287062
679936.0;0.0;0.4279876715077872;0.2813746483160389;0.0;0.8559753430155744
582812.0;0.0;0.40538370428981846;0.38402514579955654;0.0;0.8107674085796369
507905.0;0.0;0.3815186420534965;0.46319446352738747;0.0;0.763037284106993
383829.0;0.0;0.33001716374190315;0.5943305691837127;0.0;0.6600343274838063
272580.0;0.0;0.2922316477724763;0.7119097998017253;0.0;0.5844632955449526
133529.0;0.0;0.215271441508907;0.8588730048342673;0.0;0.430542883017814
