939955.0;6468391.856500001;0.14848434329422155;0.006560187367490979;0.1348818385509412;0.2969686865884431
939947.0;6900835.5369;0.14848423292607782;0.006568642579177773;0.14389935016373467;0.29696846585215564
939942.0;7972661.5612999955;0.14848154082675014;0.006573927086482019;0.1662495521899989;0.29696308165350027
939938.0;8120064.5239999965;0.14847935024062126;0.006578154692325416;0.16932326557315655;0.2969587004812425
939930.0;7448863.5165;0.14848383875343554;0.006586609904012209;0.15532707796775222;0.2969676775068711
939930.0;8281820.298199996;0.14847923929027565;0.006586609904012209;0.17269627028659276;0.2969584785805513
939922.0;7055658.403700003;0.14848140322015624;0.006595065115699003;0.14712778674998248;0.2969628064403125
939892.0;9693383.46570001;0.14847578509928605;0.006626772159524479;0.20213082519406445;0.2969515701985721
939870.0;8207112.979799997;0.14847845284790606;0.006650023991663161;0.17113843942498894;0.2969569056958121
939680.0;7236634.611900001;0.14847969385581689;0.0068508352692245094;0.15090158466413697;0.29695938771163377
939672.0;7732860.824500001;0.14847958260191693;0.006859290480911303;0.1612491185454369;0.29695916520383386
939366.0;9581842.0363;0.14847755426157336;0.007182702327931158;0.1998049127561909;0.2969551085231467
939224.0;8663972.709699994;0.1484775731017446;0.007332782335371744;0.18066508556762714;0.2969551462034892
939193.0;6341735.792700001;0.16447391857339985;0.007365546280658069;0.13224074890641044;0.3289478371467997
939181.0;8942744.738899998;0.14847730497260833;0.00737822909818826;0.18647816626361005;0.29695460994521666
938935.0;9413597.881200004;0.14847370416752564;0.007638226857557162;0.1962966093836095;0.2969474083350513
938867.0;9222456.537800001;0.1484727802168811;0.007710096156894908;0.19231084346329316;0.2969455604337622
938687.0;8046746.421899997;0.1484762722960972;0.007900338419847764;0.1677944032794512;0.2969525445921944
938181.0;9153757.9028;0.14846899185486398;0.00843513055903746;0.19087830839115946;0.29693798370972796
937658.0;6174356.321899999;0.17819691463424514;0.00898789002306159;0.12875047632273864;0.3563938292684903
937332.0;8876228.303399997;0.14847498597132716;0.009332439899298429;0.18509113540445152;0.2969499719426543
937271.0;8442378.963299995;0.14847373446514323;0.00939691088841023;0.17604431233853035;0.29694746893028645
937259.0;8350741.428799994;0.14847136252119303;0.00940959370594042;0.17413344493781546;0.29694272504238606
936971.0;6058257.150099999;0.18462538159625705;0.00971398132666499;0.12632952377471246;0.3692507631925141
936480.0;8574399.079099996;0.14846697905563508;0.010232919943941947;0.17879725562642318;0.29693395811127016
935677.0;7899642.237199996;0.1484750311750029;0.011081611817003853;0.16472692015055962;0.2969500623500058
935226.0;5911700.329299999;0.19790551632848982;0.011558274375846842;0.12327345452593613;0.39581103265697964
935141.0;5986716.129399999;0.19288326276266254;0.011648111000019024;0.12483771798775627;0.3857665255253251
934426.0;7827925.833799996;0.14847191662607553;0.012403795544526202;0.16323145720405735;0.29694383325215107
934204.0;8519876.437699998;0.14846674264130788;0.012638427668834724;0.17766032479758118;0.29693348528261576
933396.0;5840159.308599999;0.20550972650095792;0.013492404049200877;0.12178164873897995;0.41101945300191584
932709.0;5724060.1368;0.21095711225430855;0.014218495352804277;0.11936069619095378;0.4219142245086171
929988.0;5590667.793199999;0.22591606356615299;0.01709432422777495;0.11657913858706388;0.45183212713230597
917732.0;5452851.345099998;0.2659542616145214;0.030047708531942732;0.11370532755107836;0.5319085232290428
916137.0;5368353.5156999985;0.273458435783133;0.031733466361997205;0.1119433405169158;0.546916871566266
915011.0;5291717.373099998;0.277241526981005;0.0329235374069134;0.11034528893892538;0.55448305396201
909028.0;5212121.238099996;0.31802823926192414;0.039246978847174166;0.10868551425790314;0.6360564785238483
907235.0;5141759.497099994;0.3184156688870406;0.04114200316647677;0.1072182993457162;0.6368313377740812
906418.0;5062829.652099996;0.3311604635819799;0.042005491659990575;0.10557241844574532;0.6623209271639598
905990.0;4944783.962099995;0.32778803646601923;0.04245784548523403;0.10311087621802538;0.6555760729320385
902219.0;4818178.423999995;0.3467924953168041;0.04644342089409636;0.1004708401582899;0.6935849906336082
902073.0;4755540.071399997;0.34942595032748563;0.046597728507380344;0.09916467684135978;0.6988519006549713
899376.0;4697862.671199997;0.3569020975190599;0.049448191747290635;0.09796196155224247;0.7138041950381198
896637.0;4646196.998699996;0.3599471176062118;0.05234304484855659;0.09688460553371861;0.7198942352124236
892798.0;4142123.422800001;0.42254530899562015;0.05640048955675667;0.08637343487636023;0.8450906179912403
890729.0;3913170.957900002;0.42418429283476256;0.05858721867925366;0.08159921431403465;0.8483685856695251
890172.0;4482963.611099998;0.382174934413475;0.059175912792946664;0.09348078895599206;0.76434986882695
890023.0;4049370.555100002;0.4241053051669415;0.05933339111061319;0.0844393100422755;0.848210610333883
889170.0;4563553.231699996;0.38150703518764195;0.06023492805671756;0.095161280249006;0.7630140703752839
888897.0;3570102.4481;0.4272444954886094;0.06052346215552939;0.07444539426458047;0.8544889909772188
886790.0;3468675.4213000014;0.43022453744791017;0.06275035353353865;0.07233039193370097;0.8604490748958203
886244.0;3816229.746500001;0.4256364083892333;0.06332742173116232;0.0795777522389057;0.8512728167784666
885734.0;3384125.3422000012;0.43168501869767006;0.06386644147619541;0.07056731536511376;0.8633700373953401
885399.0;4370724.895499997;0.3953927183448464;0.06422050346557989;0.09114033639025713;0.7907854366896928
879554.0;3715484.8353000004;0.42666110414151864;0.07039809250424346;0.07747697369166102;0.8533222082830373
878641.0;4231694.055899997;0.41333453249469415;0.07136304353799877;0.08824120231233565;0.8266690649893883
876988.0;3317914.0416000015;0.44543876761879536;0.0731101016527825;0.06918664731718116;0.8908775352375907
876890.0;4302541.7185999965;0.40901212102308376;0.07321367799594572;0.08971854988403696;0.8180242420461675
876393.0;3265869.241800001;0.44766975286174376;0.07373895802198778;0.0681013855643723;0.8953395057234875
874885.0;3180745.6475;0.44385110443972325;0.07533276542494836;0.06632634979691013;0.8877022088794465
871743.0;3099538.2193000014;0.44763584222965047;0.07865354981493655;0.06463297569982254;0.8952716844593009
866616.0;2829907.2284;0.46892882108186923;0.0840722836047104;0.05901050807730857;0.9378576421637385
866395.0;3011836.612200001;0.453189593811405;0.08430585882755808;0.06280418204106589;0.90637918762281
863325.0;2914294.647800002;0.4593249108673773;0.08755054631236511;0.06077019279211194;0.9186498217347546
861186.0;2737872.853899999;0.4718362042712792;0.08981125853712155;0.05709136558906065;0.9436724085425584
855802.0;2656147.3525999994;0.477888215214179;0.09550161600233364;0.05538718839689439;0.955776430428358
852085.0;2579352.4903999995;0.47816970992677715;0.09943011873231011;0.053785827125871;0.9563394198535543
847165.0;2456996.618600001;0.4817843040640066;0.10463007391968818;0.05123440703382714;0.9635686081280131
844131.0;2343206.484700001;0.48316521192986245;0.10783671295190464;0.0488616035905777;0.9663304238597249
841841.0;2285131.4111000006;0.4860664870610732;0.11025701729724931;0.04765059583549284;0.9721329741221464
840411.0;2218686.3609000007;0.4858220778236518;0.11176838638626366;0.04626505353496268;0.9716441556473036
834989.0;2162696.759800001;0.4896722229697109;0.11749890610698802;0.04509753299761105;0.9793444459394218
833123.0;2101862.5788000007;0.49085968695843457;0.11947108423293262;0.04382899108455808;0.9817193739168691
824167.0;1998797.972700001;0.49205615483205467;0.12893669371629807;0.04167984120794276;0.9841123096641093
818464.0;1899426.7292000006;0.4942930998346335;0.13496420274752105;0.03960770700214253;0.988586199669267
808438.0;1791527.8940000008;0.4963707573586361;0.1455606967939951;0.037357751589398594;0.9927415147172722
802135.0;1652837.6745000004;0.49901484437252724;0.1522223467017276;0.03446572027617575;0.9980296887450545
797367.0;1590738.4855;0.49800281170179955;0.1572616528670566;0.033170799842988714;0.9960056234035991
789421.0;1370746.1488;0.4959112501667788;0.16565979187496432;0.028583419934735985;0.9918225003335576
788907.0;1713164.3118999999;0.49546583199085253;0.16620303922584082;0.03572367866005615;0.9909316639817051
780402.0;2050433.1809999999;0.4907632784427619;0.17519198615036324;0.0427565619731614;0.9815265568855238
778721.0;1223313.6635000003;0.4939509288274128;0.17696863750605077;0.025509090932943145;0.9879018576548256
776891.0;1014000.7550999997;0.4928858213473383;0.1789027671794048;0.021144403303657616;0.9857716426946767
776637.0;1475083.5191000002;0.49115662755169853;0.1791712201504605;0.03075911006728298;0.9823132551033971
769274.0;2127912.5195;0.48571246490651604;0.18695318560669313;0.04437219625420594;0.9714249298130321
768907.0;1308267.113;0.48984913187988305;0.1873410684428248;0.027280578763923858;0.9796982637597661
768535.0;1993229.9828999997;0.4842399230249962;0.1877342357862607;0.04156373496114784;0.9684798460499924
766921.0;915842.0912999997;0.49059001476910213;0.18944007474407132;0.01909755435931866;0.9811800295382043
763661.0;826547.3183999998;0.4884845173241584;0.1928855735064397;0.01723553928525699;0.9769690346483167
757285.0;762911.3734;0.4847562210665327;0.1996243772208142;0.015908573719480196;0.9695124421330654
753818.0;1161307.0311;0.4793622102752467;0.20328865458557838;0.024216100531927173;0.9587244205504935
752771.0;621218.4637000001;0.4792272048026842;0.20439523041508748;0.012953928949348761;0.9584544096053684
752439.0;0.0;0.4478023124879763;0.2047461217000894;0.0;0.8956046249759526
684702.0;0.0;0.4359037784095617;0.2763374559536316;0.0;0.8718075568191234
617458.0;0.0;0.4123760896528506;0.34740773778697515;0.0;0.8247521793057012
528245.0;0.0;0.3691545940163496;0.44169708781371475;0.0;0.7383091880326992
455876.0;0.0;0.3358369259448954;0.5181839896339104;0.0;0.6716738518897908
360738.0;0.0;0.30695160416457257;0.6187354808161816;0.0;0.6139032083291451
269519.0;0.0;0.25222027873502695;0.7151449751733847;0.0;0.5044405574700539
178037.0;0.0;0.20945436568156922;0.8118324346147912;0.0;0.41890873136313844
