939955.0;6774378.173600001;0.14848434329422155;0.006560187367490979;0.14126240391208358;0.2969686865884431
939948.0;7955944.889699997;0.14848014089141512;0.006567585677716924;0.16590096857758305;0.29696028178283024
939947.0;7129605.8878999995;0.14848421118983504;0.006568642579177773;0.1486697732044811;0.2969684223796701
939944.0;9249237.271700002;0.1484800887864945;0.00657181328356032;0.19286928746395243;0.296960177572989
939942.0;7576782.356199998;0.14848007089977278;0.006573927086482019;0.15799449958765618;0.29696014179954555
939621.0;8085330.147799997;0.14847678786441748;0.006913192455414612;0.16859896861856372;0.29695357572883496
939322.0;7095873.4148;0.14848025366340262;0.007229205992208523;0.14796636838740498;0.29696050732680523
938431.0;6747007.974900002;0.15885721743023118;0.008170905193825158;0.14069166812426165;0.31771443486046236
937455.0;8702918.12;0.14847638962403417;0.009202441019613978;0.18147719291376863;0.29695277924806834
936482.0;6683864.025700001;0.18713343161167081;0.010230806141020248;0.1393749618778853;0.37426686322334163
936129.0;8580409.342;0.1484718076586273;0.010603892356700015;0.17892258435234326;0.2969436153172546
933894.0;8412750.759599997;0.1484732828377642;0.012966067121697976;0.17542649160709123;0.2969465656755284
932864.0;6491703.0999000035;0.2055382732961816;0.01405467562637265;0.13536793516327633;0.4110765465923632
930910.0;6425337.587699998;0.21630036875301764;0.016119861080871985;0.13398405142516973;0.4326007375060353
929735.0;6232841.6767;0.2308100215429014;0.017361720297369796;0.1299700394473507;0.4616200430858028
927830.0;6102218.057099999;0.22595043736702988;0.01937511758028752;0.12724621653113047;0.45190087473405977
927225.0;5942291.007300003;0.2556874050024526;0.020014542964101285;0.1239113452076848;0.5113748100049051
924875.0;5964087.6311;0.24011590067474262;0.022498261397096903;0.12436585828567534;0.48023180134948523
923972.0;5821919.368900002;0.24460417444657206;0.02345264341624373;0.12140130124977802;0.48920834889314413
921395.0;5732593.664800002;0.2602215597755254;0.026176278480852116;0.11953864118431554;0.5204431195510508
919595.0;5687821.7799;0.26694706564930554;0.028078701110380674;0.11860503754918095;0.5338941312986111
917033.0;5547696.141600003;0.2767364939523564;0.030786482653076323;0.11568307423259011;0.5534729879047128
913506.0;5414049.966200001;0.31165570873676707;0.03451417410549145;0.11289622361296674;0.6233114174735341
910747.0;5450641.9457;0.3074640660911951;0.03743016523597439;0.1136592561534611;0.6149281321823902
908013.0;5233887.1473;0.3176516461421652;0.0403197338299361;0.10913938686113439;0.6353032922843304
907090.0;5074886.6032;0.32461128805020784;0.04129525387829991;0.10582383545444943;0.6492225761004157
902626.0;5069282.0090999985;0.34031284849532156;0.046013261999530736;0.10570696591820136;0.6806256969906431
899820.0;4852388.466199999;0.34715897373175114;0.04897892749867359;0.10118420346267984;0.6943179474635023
895861.0;5034868.640199998;0.3471297726642989;0.05316320038217557;0.1049893627533128;0.6942595453285978
894851.0;4622519.014200001;0.3616682745065913;0.05423067085763326;0.0963908614697546;0.7233365490131826
890836.0;4744362.905300001;0.35463099346687516;0.058474130222942795;0.0989316055082058;0.7092619869337503
883932.0;4070603.656600002;0.4315847924857825;0.06577097790864567;0.0848820722978709;0.863169584971565
878314.0;3751075.882700001;0.44517502184629554;0.07170865031569647;0.0782191343423708;0.8903500436925911
877796.0;3945196.233000002;0.4358678181358915;0.07225612527241636;0.08226701986469047;0.871735636271783
877764.0;3618368.9077000017;0.44005325544818436;0.07228994611916352;0.0754518683551461;0.8801065108963687
874445.0;3373091.8856999995;0.4475020700129668;0.07579780206772202;0.07033724072966993;0.8950041400259336
872117.0;3244339.4869000004;0.45237715820268737;0.07825826866857895;0.06765243735763293;0.9047543164053747
867699.0;4358513.880600002;0.4272368930070884;0.08292765932261072;0.09088570677337188;0.8544737860141768
865852.0;4564302.415000004;0.4225364437990055;0.0848797563207992;0.09517690255871737;0.845072887598011
864689.0;3042194.1843000003;0.4659777067492392;0.0861089327197668;0.06343721189294105;0.9319554134984784
863363.0;2874202.511800001;0.45794320400856453;0.08751038405685284;0.05993417340196315;0.9158864080171291
861568.0;2855753.4117000005;0.4590086115958156;0.08940752217907716;0.05954946440530615;0.9180172231916311
860162.0;4227501.596000003;0.4274285019356895;0.09089352563303113;0.08815377923842369;0.854857003871379
853510.0;2656825.3390000006;0.4695072500479542;0.0979240341506;0.05540132607657946;0.9390145000959084
849486.0;2575525.9685000014;0.47268554775512284;0.10217700562905718;0.053706034756982816;0.9453710955102457
842206.0;2347861.7847000007;0.4846005416525258;0.10987124826403935;0.04895867801602012;0.9692010833050516
840469.0;2202723.5093000005;0.48708540736686023;0.1117070861015344;0.0459321889188278;0.9741708147337205
837184.0;2544303.0016000005;0.48303180050574307;0.11517900740042403;0.053054959300529864;0.9660636010114861
835073.0;2155148.9678;0.4878812993757002;0.11741012638427668;0.044940143018069666;0.9757625987514004
829276.0;2016952.1248000003;0.49113701758546807;0.1235369841528195;0.04205839981522947;0.9822740351709361
815490.0;1795076.3506;0.4965804120882701;0.13810742769208656;0.03743174561462839;0.9931608241765402
812057.0;1925875.3865000003;0.4949062633521049;0.14173577040718185;0.04015922639103713;0.9898125267042098
807559.0;1659881.1455000003;0.49893846406334263;0.14648971317808154;0.03461259392566029;0.9978769281266853
797643.0;1828109.6598000003;0.49551680113517166;0.15696994806386222;0.03812057114919158;0.9910336022703433
790505.0;1436197.9547;0.49303132523022897;0.1645141106914038;0.029948250654971326;0.9860626504604579
783752.0;1342882.012;0.4926661076489043;0.17165136625651845;0.02800238432579368;0.9853322152978086
779609.0;1181542.6962000001;0.4914798663848384;0.17603010900881666;0.024638063791658626;0.9829597327696769
774190.0;983117.1167000002;0.4889225761102679;0.18175745802515847;0.020500403678874776;0.9778451522205358
762317.0;791753.9985;0.48104478789512173;0.19430604906982102;0.01651001320991771;0.9620895757902435
758106.0;541530.0779;0.47582449370077134;0.198756661121457;0.011292230612835694;0.9516489874015427
757263.0;0.0;0.44893167981083376;0.19964762905295289;0.0;0.8978633596216675
721799.0;0.0;0.4354537763334349;0.2371295824605089;0.0;0.8709075526668698
710625.0;0.0;0.4206728143721568;0.24893939938403783;0.0;0.8413456287443136
694198.0;0.0;0.41403851501760774;0.2663011196814076;0.0;0.8280770300352155
693841.0;0.0;0.41234313739333645;0.2666784335029308;0.0;0.8246862747866729
685232.0;0.0;0.3962360683158537;0.27577729817938157;0.0;0.7924721366317073
674205.0;0.0;0.38763626594240796;0.28743175058816567;0.0;0.7752725318848159
668295.0;0.0;0.38129364238730074;0.29367803822178445;0.0;0.7625872847746015
651776.0;0.0;0.374365385407111;0.31113699345355234;0.0;0.748730770814222
645846.0;0.0;0.3676213418196198;0.3174044191163881;0.0;0.7352426836392396
642243.0;0.0;0.3629692044774076;0.3212124350798278;0.0;0.7259384089548152
630275.0;0.0;0.3585027994528791;0.333861431763271;0.0;0.7170055989057582
618579.0;0.0;0.35029864096774604;0.3462229512493632;0.0;0.7005972819354921
607744.0;0.0;0.33013320512160227;0.35767447857766427;0.0;0.6602664102432045
606937.0;0.0;0.31996138437767335;0.3585273980565696;0.0;0.6399227687553467
596698.0;0.0;0.3119729248897848;0.36934901211420457;0.0;0.6239458497795696
590156.0;0.0;0.2996946343661929;0.37626326147108;0.0;0.5993892687323858
578560.0;0.0;0.2953675043521041;0.3885190908110873;0.0;0.5907350087042083
575545.0;0.0;0.2884451179641585;0.39170564871554764;0.0;0.576890235928317
569854.0;0.0;0.28196411805939914;0.39772047492924045;0.0;0.5639282361187983
553502.0;0.0;0.2715114790078776;0.41500292761704655;0.0;0.5430229580157552
547720.0;0.0;0.26498114026484776;0.4211139318636766;0.0;0.5299622805296955
526192.0;0.0;0.2639622377045437;0.44386690651283817;0.0;0.5279244754090874
515221.0;0.0;0.24488454748600866;0.45546217243981474;0.0;0.4897690949720173
512004.0;0.0;0.24041994375918757;0.45886222443936664;0.0;0.48083988751837514
498017.0;0.0;0.2330107876855498;0.4736451051722644;0.0;0.4660215753710996
489371.0;0.0;0.22654724477147142;0.48278307520276653;0.0;0.45309448954294285
462594.0;0.0;0.22124691665672153;0.5110837256199255;0.0;0.44249383331344305
452375.0;0.0;0.2125661376452185;0.5218842016483435;0.0;0.425132275290437
448214.0;0.0;0.2062217288149287;0.526281968626937;0.0;0.4124434576298574
434698.0;0.0;0.19960528873064362;0.5405670487717749;0.0;0.39921057746128724
421182.0;0.0;0.19564149331582928;0.5548521289166126;0.0;0.39128298663165856
407666.0;0.0;0.19241266481185146;0.5691372090614504;0.0;0.3848253296237029
392191.0;0.0;0.18954248319089625;0.5854927591680917;0.0;0.3790849663817925
379732.0;0.0;0.18567487957199005;0.5986606944688119;0.0;0.3713497591439801
366216.0;0.0;0.1811572998874619;0.6129457746136496;0.0;0.3623145997749238
352700.0;0.0;0.176696203631822;0.6272308547584875;0.0;0.353392407263644
337740.0;0.0;0.17282817499938807;0.6430421006127914;0.0;0.34565634999877615
320273.0;0.0;0.17225350697438693;0.6615029984294444;0.0;0.34450701394877387
299999.0;0.0;0.16623512168970686;0.6829306186467011;0.0;0.3324702433794137
