939955.0;7181296.544399999;0.14848434329422155;0.006560187367490979;0.149747650200696;0.2969686865884431
939947.0;7611440.7604;0.14848421118983504;0.006568642579177773;0.15871721233967356;0.2969684223796701
939936.0;1.0946958390900008E7;0.14848018214090217;0.006580268495247114;0.2282709376707728;0.29696036428180433
939779.0;1.0003480074300002E7;0.14848025827566935;0.006746202024600439;0.20859710021640215;0.2969605165513387
939737.0;9586391.563000003;0.14848005676387568;0.006790591885956105;0.19989978154884394;0.29696011352775137
939729.0;9477247.774700003;0.14847882633733786;0.006799047097642898;0.19762386580982988;0.2969576526746757
939575.0;9720945.646500003;0.14847593672501158;0.006961809922613675;0.20270556427964423;0.29695187345002316
939573.0;8532522.266700001;0.14848031460837857;0.0069639237255353734;0.17792402135514318;0.29696062921675714
939425.0;7826495.015699997;0.1484800441040699;0.007120345141741055;0.1632016211365708;0.2969600882081398
939329.0;9219273.7884;0.1484800389054002;0.007221807681982578;0.19224447533034097;0.2969600778108004
939321.0;8998100.460100003;0.14847990645944506;0.0072302628936693715;0.18763246885000437;0.2969598129188901
938875.0;7450266.4793;0.14848229357076181;0.007701640945208114;0.15535633318389877;0.29696458714152363
937873.0;6807800.841000003;0.16403447171518856;0.008760656208979012;0.14195934852029538;0.3280689434303771
937275.0;9098380.936200004;0.14847656822085128;0.009392683282566833;0.18972356278605584;0.29695313644170257
937223.0;1.0678380969400004E7;0.14847437139912917;0.009447642158530991;0.2226704395548789;0.29694874279825834
936214.0;1.0840936150600003E7;0.14847231509090314;0.010514055732527833;0.22606011386538072;0.2969446301818063
934990.0;9835759.041200003;0.14847173225160026;0.011807703120607253;0.20509970522085033;0.2969434645032005
934258.0;6575994.822300004;0.1904406788642476;0.012581354989948867;0.13712562436086456;0.3808813577284952
932739.0;6324507.465800004;0.20238112179328777;0.014186788308978801;0.1318814960257902;0.40476224358657553
931491.0;8896445.830700004;0.14848003563909998;0.015505801332118601;0.18551272044655723;0.29696007127819996
931250.0;6482379.454900003;0.2021693544606128;0.015760514584183257;0.1351735142921393;0.4043387089212256
926795.0;6184482.762600004;0.22484543701861848;0.02046901059226644;0.1289616374536496;0.44969087403723695
922416.0;6056290.360300002;0.22888012344133185;0.025097182089325085;0.12628851138242822;0.4577602468826637
920656.0;5909023.662800003;0.2577635077223372;0.026957328660419673;0.12321763946297819;0.5155270154446744
917278.0;5762885.050900004;0.2560582316749699;0.03052754179516827;0.12017029089572238;0.5121164633499398
913421.0;5589562.283400002;0.28325006705002337;0.03460401072966363;0.11655608599568294;0.5665001341000467
896365.0;4332631.008100002;0.40742314974968324;0.05263052204590757;0.0903459853855479;0.8148462994993665
894230.0;4020547.443200001;0.4126469687969038;0.05488700666482061;0.08383827744992801;0.8252939375938076
891798.0;4621800.9509000005;0.4015972719279261;0.057457391017605865;0.09637588808838739;0.8031945438558522
890687.0;3890426.147700002;0.4157700841832524;0.05863160854060932;0.08112492922350084;0.8315401683665048
887585.0;3772334.0810000016;0.4237982708856939;0.061910116872163544;0.07866241992781399;0.8475965417713878
887511.0;3644040.3010000014;0.428570133225777;0.06198832758026638;0.07598717988284656;0.857140266451554
883994.0;3509342.6864000014;0.4312901655281334;0.06570545001807301;0.07317840417649892;0.8625803310562667
880521.0;3361207.6331000016;0.4355536600799083;0.06937606879160228;0.07008942490835714;0.8711073201598166
876349.0;5516105.642800004;0.3591883216493076;0.07378546168626514;0.11502433483438819;0.7183766432986152
872442.0;5380429.575600001;0.3564823745870065;0.07791477569380297;0.11219515599097786;0.712964749174013
869790.0;3133152.6292999997;0.45010252823105507;0.08071767836797504;0.06533391861162971;0.9002050564621101
868629.0;2877253.5335999997;0.465996643321694;0.08194474096402096;0.059997794691299434;0.931993286643388
868460.0;5279090.563300004;0.348553848223933;0.08212335731090448;0.11008198897834172;0.697107696447866
865474.0;3230541.5512;0.4465272588521157;0.08527926507300018;0.06736471654901285;0.8930545177042314
861785.0;2791672.1455999995;0.47078750296725835;0.08917817456207287;0.058213212802126824;0.9415750059345167
860751.0;2682964.1736000003;0.47043546871677283;0.09027101067259095;0.05594638490211799;0.9408709374335457
859247.0;5146963.765000002;0.3632821413985743;0.09186059046970815;0.10732682109860898;0.7265642827971486
857656.0;6883525.820599999;0.15035775083530337;0.09354212069391922;0.14353840011445881;0.30071550167060673
856001.0;2531963.1390999993;0.4776899382143515;0.09529129261162465;0.05279764289509388;0.955379876428703
855835.0;7037821.306899998;0.15025371249848596;0.09546673825412562;0.14675583952350482;0.3005074249969719
851387.0;4728511.5095000025;0.3843992640726618;0.10016783595198285;0.09860106501892578;0.7687985281453236
850898.0;6742662.7304;0.15064397081489123;0.10068466076633811;0.14060105911662638;0.30128794162978245
849632.0;4966638.301700004;0.37702784208763956;0.1020226980157732;0.10356659281203533;0.7540556841752791
849201.0;4826238.722600003;0.3717297112382543;0.1024782225453992;0.10063891715772928;0.7434594224765086
843681.0;2440645.0378;0.4837663156845792;0.10831231860928678;0.05089343646023672;0.9675326313691583
840596.0;2331305.1687000003;0.48602124118421297;0.11157285961600656;0.0486134319555147;0.9720424823684259
838216.0;2214317.6898;0.4876300813424276;0.11408828509282766;0.04617395602524697;0.9752601626848552
835561.0;6657846.6504999995;0.15957315760672977;0.11689435847138228;0.13883243577880253;0.31914631521345954
829772.0;2102369.0708000003;0.4901817014742601;0.1230127610282383;0.04383955268529083;0.9803634029485202
827233.0;1913264.7405000003;0.4934991392876599;0.12569623383733441;0.03989626348533658;0.9869982785753199
826237.0;6524806.991;0.184406742384387;0.1267489076923402;0.13605823250360688;0.368813484768774
826134.0;6385666.307800002;0.1865494100548647;0.12685776854280767;0.1331568079171557;0.3730988201097294
823522.0;1843498.0987000004;0.4935582829374518;0.12961839515854578;0.03844145785137476;0.9871165658749036
822521.0;1779514.4784000001;0.49450313711344185;0.13067635352085583;0.037107242402671395;0.9890062742268837
819479.0;6303451.2952;0.18551665085695854;0.13389144776475911;0.13144242321350888;0.3710333017139171
819376.0;6164310.612000001;0.18764670379195822;0.13400030861522658;0.12854099862705767;0.37529340758391644
819163.0;2007440.2457;0.4912539247778209;0.13422542862638745;0.041860053801329115;0.9825078495556419
789180.0;3568121.3850000016;0.4298504836086507;0.165914505127029;0.07440408423897577;0.8597009672173014
786908.0;1648878.2065999997;0.4940444247620182;0.16831578524607838;0.034383155657042655;0.9880888495240364
785980.0;4111124.8079000018;0.4103345683898511;0.16929658980174642;0.08572703770949056;0.8206691367797022
785108.0;1504948.3527;0.4934532406699762;0.17021820787560693;0.031381865112640656;0.9869064813399524
783014.0;1239054.9737;0.495027574033113;0.17243135953462516;0.025837335867399776;0.990055148066226
782965.0;1402085.2788;0.4947358348895318;0.17248314770620676;0.029236917676796745;0.9894716697790636
782082.0;3960950.017900002;0.41576314814770815;0.1734163916961366;0.08259552492724521;0.8315262962954163
780721.0;3474183.783600001;0.4281498804638922;0.17485483458435236;0.07244525480084191;0.8562997609277844
778283.0;3748328.0758000016;0.4243110318088147;0.1774315603459027;0.07816183582755024;0.8486220636176294
778154.0;3833833.4989000014;0.42219913235756446;0.17756790063435227;0.07994483366219975;0.8443982647151289
775442.0;1131245.44;0.4876269902105285;0.1804342173961753;0.023589242610006434;0.975253980421057
774614.0;4418567.1891;0.39877841425753663;0.18130933180575842;0.09213796557915326;0.7975568285150733
771361.0;2754746.7020000014;0.46486740736506715;0.18474743225790086;0.05744322671708903;0.9297348147301343
771030.0;808542.4894000002;0.4897128596285892;0.18509726664144197;0.016860094430926644;0.9794257192571784
767431.0;906283.5928000002;0.48765689173420823;0.18890105499903823;0.018898236216561;0.9753137834684165
766794.0;3655153.8617000016;0.42442877214687635;0.18957430122959915;0.07621892488737302;0.8488575442937527
766751.0;1022801.0919999998;0.48373033010850897;0.18961974799241568;0.021327911917123403;0.9674606602170179
764472.0;3002411.202799999;0.46272982410936414;0.192028426421691;0.0626076391325391;0.9254596482187283
762815.0;669099.8484;0.48456339960782535;0.19377971214231812;0.013952373283578607;0.9691267992156507
760083.0;5424840.424100001;0.33952934991403083;0.19666716693335815;0.11312123113147322;0.6790586998280617
757949.0;4199675.534800001;0.4039935278582939;0.19892259465081033;0.0875735375991489;0.8079870557165878
755072.0;5049755.635900001;0.36317213205838766;0.20196330015367348;0.10529979313462907;0.7263442641167753
753966.0;2484801.896399999;0.4714526755511752;0.20313223316937268;0.05181421528822574;0.9429053511023504
753421.0;2585007.4913999997;0.46937985342109084;0.2037082444655355;0.053903747769642914;0.9387597068421817
752985.0;0.0;0.44758962360425214;0.20416905350246575;0.0;0.8951792472085043
747993.0;5192066.841800001;0.32468635291544884;0.20944510559502497;0.10826733089734278;0.6493727058308977
747353.0;4621058.1768;0.3793100355925385;0.21012152252996844;0.0963603994262193;0.758620071185077
743314.0;4704040.582499998;0.375220422690581;0.21439034753033837;0.09809078615857973;0.750440845381162
742527.0;4921866.4093;0.36931734272560107;0.21522212898002668;0.10263298902050728;0.7386346854512021
729025.0;4515570.375;0.38958388999135984;0.22949241250441257;0.09416071997464381;0.7791677799827197
658729.0;0.0;0.4174207413236304;0.3037883575962679;0.0;0.8348414826472608
600725.0;0.0;0.40279676650899926;0.3650928699313648;0.0;0.8055935330179985
549898.0;0.0;0.374325830233138;0.41881200048194706;0.0;0.748651660466276
463310.0;0.0;0.3542594871899052;0.5103269841739575;0.0;0.7085189743798104
330446.0;0.0;0.29833882986599325;0.6507511398682255;0.0;0.5966776597319865
260312.0;0.0;0.2878866704820757;0.7248758669234232;0.0;0.5757733409641514
177899.0;0.0;0.2320557641511398;0.8119782870163883;0.0;0.4641115283022796
