939564.0;7116547.682899996;0.15631528168600387;0.006973435838683016;0.1483974775956729;0.31263056337200773
939273.0;8216797.6225000005;0.14847576563872864;0.007280994163790133;0.17134038798377527;0.29695153127745727
939109.0;6908295.114399997;0.15946042810676256;0.007454326003369402;0.14405490065454202;0.3189208562135251
938887.0;8130620.122600002;0.14847739594377998;0.007688958127677924;0.16954337569909825;0.29695479188755997
938877.0;7665418.588500001;0.15087399707986907;0.0076995271422864164;0.15984278247466754;0.30174799415973813
937190.0;6659096.134699998;0.17147736538913785;0.009482519906739015;0.13885849058962338;0.3429547307782757
936970.0;8419044.6476;0.14847418275135565;0.009715038228125838;0.1755577346121391;0.2969483655027113
936217.0;7232009.457399997;0.14848004681978444;0.010510885028145286;0.1508051388463228;0.2969600936395689
935258.0;7864198.547299999;0.1484730627893223;0.011524453529099667;0.1639878322652243;0.2969461255786446
935035.0;8042188.079299999;0.148473038426614;0.011760142554869039;0.167699350653656;0.296946076853228
934336.0;6832536.832899996;0.16775141052538234;0.01249891667600263;0.14247515463406685;0.3355028210507647
933534.0;6455618.854999998;0.1996960349574413;0.013346551647603688;0.13461549013477295;0.3993920699148826
933459.0;6580848.701899997;0.19817698884859997;0.013425819257167378;0.13722683965812488;0.39635397769719993
932252.0;6763654.318199997;0.16889652041935876;0.014701499320412361;0.14103878521909213;0.33779304083871753
931229.0;6304820.728499999;0.20848177903095;0.01578270951486109;0.13147097925732543;0.4169635580619
930585.0;6214854.424899998;0.212514293530621;0.016463354055647975;0.1295949611207609;0.425028587061242
928845.0;6112949.390699999;0.22304561299168127;0.018302362597525584;0.12746999116293745;0.44609122598336254
927830.0;6011751.7985000005;0.22716420302138468;0.01937511758028752;0.1253597731063199;0.45432840604276936
927102.0;5884206.775099999;0.23072138822909227;0.020144541843785738;0.12270014647332188;0.46144277645818454
924486.0;5767354.374100001;0.24609667323186124;0.02290939606536724;0.12026348724864405;0.4921933464637225
918083.0;5569033.3011;0.27099156515019046;0.029676736119184664;0.11612800635276188;0.5419831303003809
915581.0;5467286.932;0.28354830051207836;0.03232110357422936;0.11400634495151268;0.5670966010241567
908520.0;5347112.300999999;0.3093214504923043;0.03978388478928556;0.11150040908119703;0.6186429009846086
896217.0;4860597.345500003;0.4149976999224456;0.05278694346211325;0.10135537873421424;0.8299953998448912
893219.0;5210647.354700001;0.40322409302625467;0.055955534041739155;0.10865478017326335;0.8064481860525093
889650.0;4707067.595299999;0.4098835012057729;0.059727615355509946;0.09815390680136687;0.8197670024115458
888801.0;4320144.091799999;0.42464814988757116;0.06062492469577092;0.09008560254762757;0.8492962997751423
886638.0;3940616.1790000014;0.43065389812970367;0.06291100255558774;0.08217151450294251;0.8613077962594073
886622.0;3819282.9807000007;0.428691407652623;0.06292791297896132;0.0796414196622095;0.857382815305246
882976.0;3392598.7423;0.43578268656691893;0.0667813757052175;0.07074400654425392;0.8715653731338379
882115.0;4178758.2602;0.42293544970126157;0.06769136786300867;0.08713736110920915;0.8458708994025231
880153.0;3308184.4673;0.4385342484831708;0.06976500852919479;0.06898376182430808;0.8770684969663416
877972.0;3178901.028599999;0.4399289491096622;0.0720701106153069;0.06628788496760206;0.8798578982193244
876338.0;3524426.1292999997;0.4328985504120881;0.07379708760233449;0.07349293096386192;0.8657971008241762
876316.0;3737231.134200001;0.4288131573948901;0.07382033943447316;0.07793043737202895;0.8576263147897802
874819.0;3051140.2835999993;0.4451615768957485;0.07540252092136442;0.06362376001003303;0.890323153791497
873740.0;4550146.0053;0.42279757095654136;0.0765429175976207;0.09488170668778416;0.8455951419130827
871269.0;4450294.2309;0.4227869996204936;0.07915452110737907;0.09279955223387427;0.8455739992409872
870152.0;2932786.4512999994;0.45354742078772003;0.08033508003914763;0.06115579225941941;0.9070948415754401
868043.0;4060769.9536000015;0.42223066269969006;0.08256408522007859;0.08467701546615296;0.8444613253993801
860582.0;2838237.0420999997;0.4590860889131603;0.09044962701947447;0.05918420512776073;0.9181721778263205
859256.0;5051954.462500001;0.40313084657822984;0.0918510783565605;0.10534564406342906;0.8062616931564597
858592.0;2747443.5463000005;0.46118701759197667;0.09255286092656437;0.057290938004547584;0.9223740351839533
858124.0;2567819.8328;0.47864385907233203;0.0930474908102418;0.0535453429228456;0.9572877181446641
856563.0;2655569.1318000006;0.4629577803220405;0.0946973139906274;0.05537513107471564;0.925915560644081
855698.0;2451226.3205;0.4751976404563244;0.09561153375426196;0.05111408216267187;0.9503952809126488
850660.0;2288945.0616999995;0.4820891809149246;0.10093620331402021;0.047730119806200004;0.9641783618298492
843100.0;6259076.909299996;0.20078349248918181;0.10892637835804017;0.13051710840767397;0.40156698497836363
841388.0;6134423.789799996;0.20086295452704128;0.110735793659014;0.12791778506544718;0.40172590905408256
839034.0;2188122.4647999997;0.4840711585757875;0.11322373969785302;0.04562772132153077;0.968142317151575
836755.0;2031970.1796999995;0.48701549466278077;0.11563241812712834;0.0423715631023818;0.9740309893255615
832819.0;6422663.482999994;0.18564562881773305;0.11979238227703079;0.13392828978202626;0.3712912576354661
830836.0;5983178.245199997;0.2153746098946882;0.12188821787389474;0.12476394442300275;0.4307492197893764
827911.0;6734069.8260999955;0.1647520237075235;0.12497965464687866;0.14042187598174682;0.329504047415047
823433.0;5147751.7104;0.3811193946278878;0.12971245938856138;0.10734325169319682;0.7622387892557756
823328.0;1900134.7806;0.49400449701456745;0.12982343404195054;0.039622471610833404;0.9880089940291349
821153.0;6543431.964099996;0.17238878296760013;0.13212219471929754;0.13644660888376772;0.34477756593520026
819061.0;4924416.5792000005;0.38916465159899294;0.13433323257539406;0.10268616631903221;0.7783293031979859
812856.0;5233481.042200003;0.3777054253087732;0.14089130613996334;0.10913091857353713;0.7554108506175464
807177.0;4803876.065299998;0.40033474246937917;0.14689344953612596;0.10017260089266283;0.8006694849387583
802803.0;4611474.416899998;0.4073848688345497;0.15151633652588034;0.0961605545213;0.8147697376690994
798876.0;1777819.3087000004;0.4981748245128217;0.15566678856263516;0.037071893955814075;0.9963496490256434
796303.0;4122455.318299998;0.41450913140544476;0.15838619602140014;0.08596330664748576;0.8290182628108895
794340.0;1593537.5895000002;0.49659227682699264;0.1604608935890471;0.03322916802818701;0.9931845536539853
790044.0;1318479.7021;0.49690288584476544;0.16500134226485527;0.027493536300315088;0.9938057716895309
788691.0;1634368.1745000007;0.49570567127091353;0.16643132994138424;0.03408058589155846;0.9914113425418271
787785.0;1538386.6046000004;0.49409990219400207;0.1673888826649136;0.032079134695909534;0.9881998043880041
783122.0;1250160.8256;0.49381151518316135;0.17231721417685344;0.026068920124534906;0.9876230303663227
781471.0;3722698.6344000003;0.42801961165034236;0.17406215848871545;0.07762739909988167;0.8560392233006847
778655.0;1455421.3814;0.4911566275516986;0.17703839300246682;0.030349106260826392;0.9823132551033972
777264.0;3499098.1107;0.4344888435590507;0.17850854293450805;0.07296477964102772;0.8689776871181014
774331.0;1163691.1201999995;0.49021340489514437;0.18160843491917875;0.02426581463834051;0.9804268097902887
773588.0;3608268.2364000003;0.4303250791350279;0.1823937127045897;0.07524124457944303;0.8606501582700558
772855.0;1014797.6425999999;0.4911557174622244;0.18316842147539217;0.021161020362967384;0.9823114349244488
770822.0;1397923.6650000003;0.4886471426436306;0.1853171021452986;0.029150137819741722;0.9772942852872613
768967.0;3358768.9217000008;0.4344031739029136;0.18727765435517385;0.07003857179298864;0.8688063478058272
768028.0;1990829.3792000005;0.48681146684989257;0.18827008482691124;0.04151367648481068;0.9736229336997851
765211.0;896967.0757999998;0.4848540749946832;0.19124737624212343;0.01870396398171048;0.9697081499893664
761945.0;755376.4273999999;0.4844170463291768;0.19469921641325694;0.0157514516105528;0.9688340926583536
759486.0;2554987.3465999984;0.4716124547297707;0.1972981371054851;0.05327775410475375;0.9432249094595414
756316.0;617191.3740000001;0.481489082101228;0.20064851473637707;0.012869954249795004;0.962978164202456
753425.0;2321561.443199999;0.4784944589462774;0.2037040168596921;0.04841025137540572;0.9569889178925548
751794.0;522165.9587;0.47898595932447124;0.20542782314233715;0.010888441223206964;0.9579719186489425
751419.0;0.0;0.4483236213467447;0.2058241611901556;0.0;0.8966472426934894
749494.0;5112882.855900002;0.36891234979246645;0.2078586965022903;0.10661615053614511;0.7378246995849329
748301.0;5226570.818200002;0.3582802624377481;0.2091195799450834;0.10898682345088585;0.7165605248754962
746720.0;5022384.2565;0.3796411686829704;0.21079054115468598;0.10472903272631559;0.7592823373659408
739992.0;4765417.790099998;0.3834177225357133;0.2179013741832794;0.0993706515084026;0.7668354450714266
737506.0;4909031.2988;0.37803371961505483;0.2205288312149505;0.1023653454793225;0.7560674392301097
734330.0;4661705.048299999;0.393291358395737;0.22388555025460757;0.09720798641242738;0.786582716791474
725254.0;4478784.863100001;0.4011066748455058;0.2334779879132749;0.09339365180883326;0.8022133496910115
725254.0;4566393.347399999;0.3936408192109486;0.2334779879132749;0.0952205036287598;0.7872816384218972
713246.0;4392206.706700001;0.4117390784433416;0.24616926065515207;0.09158828485323547;0.8234781568866832
627949.0;0.0;0.41533045388096185;0.3363197845612062;0.0;0.8306609077619237
535146.0;0.0;0.39232414980882097;0.4344034108323945;0.0;0.7846482996176419
469881.0;0.0;0.3636524660615252;0.5033820846747175;0.0;0.7273049321230504
402882.0;0.0;0.3338255780015201;0.574193425650153;0.0;0.6676511560030401
327913.0;0.0;0.31757376521821684;0.6534282712685565;0.0;0.6351475304364337
244251.0;0.0;0.25762009222984616;0.7418507612861223;0.0;0.5152401844596923
128385.0;0.0;0.21076332390337346;0.8643097059488756;0.0;0.4215266478067469
