939955.0;7205507.496000001;0.14848434329422155;0.006560187367490979;0.15025250793617695;0.2969686865884431
939947.0;8004560.263499999;0.14848421118983504;0.006568642579177773;0.16691471838517954;0.2969684223796701
939889.0;7888148.3392;0.14848419918838535;0.006629942863907026;0.16448724418027985;0.2969683983767707
939875.0;1.0556054025999999E7;0.14848051155591352;0.006644739484358915;0.2201196226909424;0.29696102311182704
939585.0;1.0338509553999998E7;0.1484788792737314;0.006951240908005183;0.21558328676681815;0.2969577585474628
939385.0;7070877.585300001;0.15067614496312598;0.0071626212001750225;0.1474451440222364;0.30135228992625196
939249.0;1.0717752005699994E7;0.14847638688416329;0.007306359798850514;0.2234914222472713;0.29695277376832657
939185.0;6897640.896;0.15836241758127972;0.007374001492344863;0.14383273406383512;0.31672483516255945
939174.0;9681548.4175;0.1484767063201003;0.007385627408414204;0.20188403540520028;0.2969534126402006
938802.0;9171096.5168;0.14848004758032463;0.007778794751850106;0.19123986102837254;0.29696009516064925
938794.0;9325926.4506;0.14847991512224168;0.0077872499635369;0.19446844497890714;0.29695983024448336
938506.0;9066936.961799996;0.14848046408402096;0.00809163758426147;0.18906787878104928;0.2969609281680419
938363.0;7630816.6389000015;0.14848155137735466;0.008242774493162904;0.1591212469395554;0.29696310275470933
937656.0;7410042.839900002;0.1484807692041656;0.008990003825983289;0.1545175716252542;0.2969615384083312
937653.0;6744008.128600001;0.17263373592389716;0.008993174530365836;0.14062911396964473;0.3452674718477943
937047.0;7787736.261999996;0.14848032114009524;0.00963365681564045;0.16239340603844782;0.2969606422801905
935975.0;6583938.738800005;0.19232575765978133;0.010766655181670793;0.1372912745080087;0.38465151531956265
935781.0;1.1443845677500004E7;0.14847575239436522;0.010971694065075538;0.23863225656672796;0.29695150478873045
935267.0;8146712.8441;0.14848020903656844;0.011514941415952025;0.16987894842124662;0.2969604180731369
934294.0;6457663.050400003;0.19498046378251188;0.012543306537358296;0.13465811662370977;0.38996092756502376
933257.0;6224070.987300003;0.2063374732289256;0.013639313352258915;0.1297871490569916;0.4126749464578512
932152.0;6360378.849600003;0.19233163956580776;0.01480718946649728;0.13262950237816482;0.3846632791316155
929434.0;6086193.314300004;0.20633475825342767;0.017679847637085404;0.12691206133164343;0.41266951650685535
924124.0;5978477.101200002;0.23347227202184512;0.023291994394194653;0.12466591403769534;0.46694454404369024
922543.0;5858417.5585;0.2455001502946258;0.024962955603797236;0.12216237804077076;0.4910003005892516
920525.0;5713448.457000002;0.26370034520781693;0.02709578275179092;0.1191394166344131;0.5274006904156339
915027.0;5590653.181700002;0.30494761538280235;0.03290662698353981;0.11657883390144383;0.6098952307656047
912350.0;5491995.961700002;0.3068217940304574;0.035735952194233124;0.11452158883727032;0.6136435880609148
909230.0;5383389.4777000025;0.31527202929112585;0.039033484752082626;0.11225687721103315;0.6305440585822517
904116.0;5253184.051900003;0.33811702902907353;0.04443847882286543;0.10954177466146145;0.6762340580581471
900876.0;5131359.098700002;0.35467499470584524;0.047862839556016834;0.10700142552468392;0.7093499894116905
896446.0;4326278.475200003;0.40784003682200415;0.052544913027578785;0.0902135194904667;0.8156800736440083
890978.0;4084822.7852;0.40774574630702565;0.05832405021550221;0.08517857601173182;0.8154914926140513
890628.0;3966572.1331;0.419600034519396;0.05869396572679943;0.0827127598214112;0.839200069038792
888783.0;3855826.2364000003;0.4289370861673215;0.0606439489220662;0.08040343619194401;0.857874172334643
887818.0;4921946.8314999975;0.3861726093492106;0.06166385883178568;0.10263466602067002;0.7723452186984212
887612.0;3732853.8192;0.4288529311821492;0.06188158053272061;0.07783915961579292;0.8577058623642984
886540.0;3598647.6445000013;0.431776814153482;0.06301457889875095;0.07504063163696706;0.863553628306964
884001.0;3469681.1948000006;0.4302166797492862;0.06569805170784707;0.07235136477855257;0.8604333594985724
883995.0;4784069.158499998;0.3860864825263912;0.06570439311661216;0.09975957829532181;0.7721729650527824
877305.0;4576930.548999999;0.4040663966276483;0.0727750638896933;0.09544023013211961;0.8081327932552966
876694.0;3340602.6481000013;0.43984308963769747;0.07342083068227218;0.0696597604226903;0.8796861792753949
872126.0;3234624.0812000004;0.44490027164329565;0.07824875655543131;0.06744984731482848;0.8898005432865913
871950.0;5025976.1165000005;0.3815845866725706;0.07843477121254076;0.1048039318189132;0.7631691733451412
870479.0;4688772.986299998;0.3910218693584433;0.07998947326144994;0.09777241932314444;0.7820437387168866
870188.0;3133988.663;0.4497827841684179;0.08029703158655706;0.06535135196524346;0.8995655683368358
867820.0;2868840.9319000007;0.4683447157083379;0.08279977424584796;0.0598223713079507;0.9366894314166758
864542.0;3011232.7255;0.4587283867914928;0.08626429723451164;0.06279158952190818;0.9174567735829856
863789.0;4485874.8513;0.4056567681091444;0.08706014403453108;0.09354149545605438;0.8113135362182888
855723.0;2753504.1862;0.47598951245921384;0.09558511121774073;0.05741731721450309;0.9519790249184277
854194.0;2629719.0868;0.47740144354086855;0.09720111355137916;0.054836094220799485;0.9548028870817371
853186.0;2494700.2697;0.4753845215985449;0.09826647022391514;0.052020620654348704;0.9507690431970898
836655.0;6890228.425999996;0.15330465426236878;0.11573810827321325;0.14367816587996737;0.30660930852473756
833770.0;2214345.4609999997;0.4883027939740474;0.11878726898776319;0.04617453512289564;0.9766055879480948
833684.0;2322016.0398000004;0.48735371632533425;0.11887816251339622;0.04841973082973803;0.9747074326506685
829415.0;2085740.8641000004;0.48941434672427647;0.12339007484976146;0.043492813783063175;0.9788286934485529
823507.0;1993537.5369000002;0.49134668322159536;0.12963424868045853;0.04157014821654331;0.9826933664431907
818725.0;6742167.907399997;0.16162183244425726;0.1346883514662394;0.1405907408431701;0.3232436648885145
817193.0;6596785.336799996;0.17866689217742177;0.13630752450426037;0.13755915759174958;0.35733378435484353
811137.0;6331421.585599996;0.19129320177582249;0.14270811975116313;0.1320256723854285;0.38258640355164497
810196.0;5378002.5449;0.31371909655806857;0.1437026640258222;0.1121445464468596;0.6274381931161371
808993.0;5672489.867799996;0.2802972001512001;0.1449741164832238;0.11828532956944997;0.5605944003024002
808425.0;5768083.107499997;0.2526461443696066;0.14557443651298616;0.12027868312777222;0.5052922887392132
808261.0;6476272.921199999;0.1696520296207173;0.14574776835256542;0.13504617808386646;0.3393040592414346
807376.0;6068195.097999997;0.213928380354634;0.14668312614541695;0.12653675436833028;0.427856760709268
806629.0;5175097.2019;0.33104624737739385;0.1474726315366713;0.10791347227528673;0.6620924947547877
804379.0;6177231.875799997;0.19159864509260252;0.149850659823582;0.12881043867589978;0.38319729018520504
802339.0;1630930.0798;0.4983192514080843;0.15200673880371438;0.03400889318268487;0.9966385028161686
801666.0;5506164.168999998;0.28307109555761084;0.15271803348686588;0.1148170307171054;0.5661421911152217
795001.0;5296759.192299998;0.2879981447245626;0.1597622817234258;0.11045042323790175;0.5759962894491252
793860.0;5901160.321699999;0.2144555599500754;0.16096820629025474;0.12305366951059259;0.4289111199001508
791219.0;1772326.8694000004;0.4973719125243276;0.16375948304835747;0.03695736312228565;0.9947438250486552
788124.0;1908511.3676999998;0.4953083962172156;0.16703059306968573;0.039797144001420676;0.9906167924344312
782468.0;3927946.944200002;0.4181248980513763;0.1730084277322488;0.08190732987703116;0.8362497961027526
782108.0;1283020.9282;0.49451357091997467;0.17338891225815453;0.026754133876575402;0.9890271418399493
780078.0;1516698.6500000006;0.49176805041151683;0.1755344222236784;0.03162688763732763;0.9835361008230337
774310.0;3835752.890100002;0.41327524993545706;0.1816306298498566;0.07998485767739519;0.8265504998709141
769259.0;4773655.562499998;0.38698910649879703;0.18696903912860588;0.09954242927195285;0.7739782129975941
768671.0;944757.5025000001;0.48941482770115285;0.18759049718758522;0.019700511618500987;0.9788296554023057
767391.0;5065714.730899998;0.3754721562367056;0.18894333105747219;0.10563257941643814;0.7509443124734112
764647.0;4898982.433499998;0.379761787769235;0.19184346866604238;0.10215580198581059;0.75952357553847
764480.0;3639393.308100003;0.42449761444661865;0.19201997121000422;0.07589027868081825;0.8489952288932373
762533.0;4621540.231399997;0.39835228802594685;0.1940777583542776;0.09637045144721185;0.7967045760518937
762391.0;1075419.9183999998;0.488181632280438;0.1942278383617182;0.02242514353275176;0.976363264560876
760260.0;3462613.559500002;0.42458109438338976;0.19648009537478783;0.07220398724413289;0.8491621887667795
759625.0;836540.0456999998;0.48878939994509846;0.19715122780242708;0.01744391216375039;0.9775787998901969
759247.0;3178916.9958000006;0.4426665700747991;0.19755073655462807;0.06628821792289304;0.8853331401495982
754217.0;3049326.875;0.45075135575147585;0.20286695090269954;0.06358594599204552;0.9015027115029517
754013.0;653113.5138;0.4774141058274735;0.20308255880071277;0.013619018989284928;0.954828211654947
753958.0;0.0;0.44501454690648146;0.20314068838105948;0.0;0.8900290938129629
750935.0;4012949.285600002;0.4086025558096101;0.20633570149720662;0.08367983722406912;0.8172051116192202
750365.0;3331422.1712000025;0.4369158028284958;0.20693813532989067;0.06946832495766016;0.8738316056569916
750212.0;3392325.2279000017;0.4348056089490736;0.20709984125340059;0.07073830309802487;0.8696112178981472
745864.0;3748375.9314000015;0.4198063603044976;0.2116952488051729;0.07816283373421021;0.8396127206089952
740084.0;4423089.837599999;0.4074501792942913;0.21780413924888126;0.09223227389539829;0.8149003585885826
657920.0;0.0;0.42005280436071124;0.3046433908780949;0.0;0.8401056087214225
511836.0;0.0;0.3793659956778646;0.4590397838847893;0.0;0.7587319913557292
396546.0;0.0;0.3354035079685383;0.5808899533060935;0.0;0.6708070159370766
288844.0;0.0;0.2957751018665654;0.6947203544424739;0.0;0.5915502037331308
124811.0;0.0;0.2139182614531384;0.8680870717699506;0.0;0.4278365229062768
