939955.0;7198105.558399998;0.14848434329422155;0.006560187367490979;0.15009815937868742;0.2969686865884431
939931.0;8078635.4231;0.14848228840890612;0.00658555300255136;0.1684593671849832;0.29696457681781224
939887.0;7096971.114399996;0.1484920526444922;0.006632056666828725;0.1479892581169558;0.2969841052889844
939385.0;6789554.934099998;0.15631544991992613;0.0071626212001750225;0.1415788766003345;0.31263089983985226
939022.0;7725906.459999999;0.14848014203212503;0.007546276430463282;0.16110410298507452;0.29696028406425007
936443.0;6605266.750499998;0.17404030354252592;0.010272025297993367;0.13773601587410889;0.34808060708505184
935045.0;6408359.500999999;0.19131985107388025;0.011749573540260547;0.13363001666661192;0.3826397021477605
929264.0;6161184.547299998;0.23965950654737844;0.017859520885429768;0.1284758125091601;0.4793190130947569
926130.0;6046610.551999999;0.23028218685334012;0.021171850063731158;0.1260866636327417;0.46056437370668024
926032.0;6230933.5039;0.230278675043806;0.02127542640689438;0.1299302493633164;0.460557350087612
923613.0;5917919.6329;0.24114166558177713;0.02383207104068859;0.12340314226327251;0.48228333116355426
912643.0;5806175.2080000015;0.30941332813433015;0.03542628006620431;0.121072996871233;0.6188266562686603
912218.0;5652445.959299998;0.30964980559919847;0.035875463187065214;0.11786736490524834;0.6192996111983969
904338.0;5495338.6367;0.33385042296093803;0.044203846698556905;0.114591291811314;0.6677008459218761
900627.0;5355129.004100001;0.3403433866262688;0.04812600801976828;0.11166757700751224;0.6806867732525376
894357.0;5249464.847;0.35321442066861314;0.05475278017929276;0.10946422011529462;0.7064288413372263
893290.0;5137992.807800002;0.3677887188739357;0.05588049403801886;0.10713975463332026;0.7355774377478714
891370.0;4324443.685300002;0.42279446374464763;0.057909744842849324;0.09017525961992126;0.8455889274892953
890074.0;4151216.7387000006;0.42436636117857757;0.059279489136109885;0.0865630528207159;0.8487327223571551
889771.0;3801380.9807000007;0.4259177099999609;0.05959973027874719;0.07926811904479059;0.8518354199999219
888719.0;3640972.1127;0.42744873394141114;0.06071159061556055;0.07592320062987214;0.8548974678828223
887718.0;5023217.543400001;0.3893999085887809;0.0617695489778706;0.10474640880241086;0.7787998171775617
885403.0;4791196.756700001;0.41632627869399996;0.0642162758597365;0.09990820620330836;0.8326525573879999
883944.0;3537207.2194;0.4318989879530825;0.06575829509111547;0.07375944804718317;0.863797975906165
881591.0;4915908.9037;0.39889118613159075;0.06824518422849364;0.10250876041371716;0.7977823722631815
879091.0;3312361.4345;0.441572403555342;0.07088743788061663;0.06907086183741827;0.883144807110684
866679.0;2869733.9766000006;0.47027784245175375;0.0840056988126769;0.059840993480774554;0.9405556849035075
865867.0;3168431.054200001;0.45607460941811767;0.08486390279888645;0.06606956031628491;0.9121492188362353
865590.0;3068500.6119000004;0.45512012942079394;0.08515666450354167;0.06398576544367092;0.9102402588415879
861819.0;2657176.7823;0.47189713113677273;0.08914223991240401;0.055408654531549716;0.9437942622735455
851853.0;2524419.467100001;0.4801258694996402;0.09967531987122713;0.05264033882765978;0.9602517389992804
849823.0;6965113.159699998;0.15055902814082525;0.101820829836751;0.14523969628581374;0.3011180562816505
842785.0;6868654.2420000015;0.15136028458101639;0.10925930231820767;0.14322829121749908;0.30272056916203277
842160.0;6645666.337399999;0.15858491793627658;0.10991986573123841;0.1385784463697652;0.31716983587255315
836138.0;2408530.5960000004;0.4866689526493775;0.11628452632847229;0.05022377156514098;0.973337905298755
835402.0;6579650.604800002;0.15892639531770048;0.1170624058036573;0.13720185639440263;0.31785279063540095
820277.0;6443139.848300001;0.16371739770602198;0.13304804039900145;0.1343552722314167;0.32743479541204396
820059.0;2301924.7252;0.4988300918253983;0.13327844491746657;0.0480007776320541;0.9976601836507966
817731.0;2136453.9727999996;0.49387736585830627;0.1357389115183235;0.0445503065095151;0.9877547317166125
811385.0;2009758.9078999993;0.4983580200180489;0.1424460081888725;0.041908403596371324;0.9967160400360978
794784.0;1856669.2663000005;0.49806456228689444;0.15999162934043007;0.03871610900751419;0.9961291245737889
793889.0;1651375.2684000009;0.49846891625212886;0.1609375561478901;0.03443522552139712;0.9969378325042577
789908.0;3738931.413700001;0.4228690731990378;0.16514508086353077;0.0779658923707517;0.8457381463980757
784549.0;5984669.443199999;0.23795658690825824;0.17080901579222163;0.12479503955952909;0.4759131738165165
780130.0;3866008.5757;0.41943386050172854;0.17547946334771425;0.08061576294579603;0.8388677210034571
777908.0;1309875.0654999998;0.49439827404430475;0.17782789839372115;0.027314108518198814;0.9887965480886095
776399.0;1505827.1714000003;0.49043374031026377;0.1794227626981426;0.031400190638465116;0.9808674806205275
775838.0;3502610.599900001;0.43076042690288197;0.180015684417679;0.07303802365773188;0.8615208538057639
771374.0;3380603.6334000016;0.4293850427560106;0.18473369253890984;0.07049387909713199;0.8587700855120212
769240.0;1128734.8685000003;0.488531596074529;0.18698912025636202;0.02353689103526483;0.977063192149058
766696.0;5169085.1836;0.36500053207928135;0.1896778775727624;0.10778810694497036;0.7300010641585627
763308.0;2728042.4376000008;0.4697681083810289;0.19325865972211947;0.05688637729310074;0.9395362167620578
759679.0;1017692.0160000001;0.48272505679278177;0.1970941551235412;0.021221375148871804;0.9654501135855635
759470.0;2837872.2972000004;0.46873698246589635;0.1973150475288587;0.05917659930179881;0.9374739649317927
757638.0;3173622.761500001;0.4443121443975219;0.19925129100513442;0.0661778201498537;0.8886242887950438
757388.0;4904304.738600003;0.39425791276645583;0.19951551637034673;0.10226678510389367;0.7885158255329117
756867.0;4415701.2211000025;0.40704273575335725;0.20006616203144917;0.09207820311552338;0.8140854715067145
751413.0;2540225.3037;0.4724039606514646;0.2058305025989207;0.0529699292958534;0.9448079213029292
750435.0;707934.5165000001;0.4808949016024919;0.20686415222763122;0.01476217138317579;0.9617898032049838
750338.0;2441006.3942999993;0.4803976776956688;0.20696667166933358;0.05090097162974616;0.9607953553913376
750300.0;0.0;0.44745202931480454;0.20700683392484584;0.0;0.8949040586296091
749824.0;4735479.808200003;0.39790873808766397;0.20750991902021007;0.09874637114154167;0.7958174761753279
746205.0;4571034.812500002;0.4070319861746044;0.21133484540702333;0.09531728956259732;0.8140639723492088
627204.0;0.0;0.40379031410631117;0.3371071761495389;0.0;0.8075806282126223
622587.0;4423331.082499998;0.3991289592011611;0.34198689019427964;0.09223730444338837;0.7982579184023222
619218.0;4832322.9920999985;0.38188362290147954;0.3455475912158806;0.10076578910281316;0.7637672458029591
617848.0;3937142.645699998;0.3970007652523538;0.346995546217244;0.08209908281232042;0.7940015305047076
612479.0;4194014.265399998;0.3850926853657547;0.3526700501605433;0.08745548624385922;0.7701853707315094
609772.0;3537369.8963000006;0.3996023953596151;0.3555310824150621;0.07376284025962926;0.7992047907192302
607863.0;3793694.4263999998;0.3984012429532544;0.3575487073038232;0.07910783553088072;0.7968024859065088
605349.0;4541222.0486999955;0.37787768357863893;0.3602057575763981;0.09469562030030781;0.7557553671572779
602681.0;4082139.813599998;0.3817528333504684;0.3630255706739438;0.085122629471971;0.7635056667009368
592588.0;3660650.4523000005;0.3849539713740951;0.37369287711829474;0.07633354228569045;0.7699079427481902
585307.0;5166702.651499998;0.366638668557254;0.3813881766547378;0.10773842530582663;0.733277337114508
583739.0;3268836.1947000003;0.39021059193845803;0.3830453981453493;0.06816325381090467;0.7804211838769161
564084.0;3079868.6747000003;0.37518765394850023;0.40381879635834034;0.06422281744133024;0.7503753078970005
561885.0;2824156.722400001;0.3743821702770626;0.4061429226707477;0.05889059591999258;0.7487643405541252
561657.0;4311344.770699997;0.35647534590365537;0.4063838962038213;0.08990211511608374;0.7129506918073107
552613.0;5257687.954899998;0.34696430480657175;0.4159425130157415;0.10963569208804469;0.6939286096131435
546449.0;3158872.3598;0.35598677713755;0.422457253620416;0.06587023808853165;0.7119735542751
540887.0;2664499.4048000006;0.36235730974223573;0.4283357395456592;0.05556134917462735;0.7247146194844715
533592.0;2990097.9848;0.3437744987380494;0.4360458357025541;0.06235087833029279;0.6875489974760988
529760.0;4926917.911899998;0.3370993277902277;0.44009588210052825;0.10273832524212903;0.6741986555804554
527465.0;0.0;0.3684556771005807;0.4425214709531772;0.0;0.7369113542011614
488614.0;4388162.662599998;0.3257445304263416;0.4835831496086294;0.0915039566128489;0.6514890608526832
482308.0;3575780.2948;0.33014062371461206;0.49024797022074446;0.07456379129724273;0.6602812474292241
479774.0;3896745.8948999983;0.3286895128856947;0.4929261585225363;0.08125671145630668;0.6573790257713894
477338.0;3793435.0606999984;0.32865151287244476;0.495500770481165;0.07910242711975639;0.6573030257448895
474709.0;3441439.4503999995;0.3259099736713085;0.4982793644217375;0.07176245512479837;0.651819947342617
463306.0;3311170.9465;0.325614417445108;0.5103312117798009;0.06904603724209764;0.651228834890216
461329.0;0.0;0.35253909924054;0.5124207059678998;0.0;0.70507819848108
455840.0;2781585.6438;0.3281599066253381;0.518222038086501;0.058002884495259616;0.6563198132506762
440181.0;2920147.2093999996;0.3161737510421098;0.5347720580619386;0.060892233059052024;0.6323475020842196
403621.0;1736623.2320000003;0.34472911942860346;0.5734123754705853;0.03621285469386864;0.6894582388572069
378526.0;1650580.3303;0.3514595236144497;0.599935317630596;0.03441864911185963;0.7029190472288994
377097.0;0.0;0.31531668905052196;0.6014456298181495;0.0;0.6306333781010439
323038.0;1187263.2215;0.31387984347973447;0.6585806658901964;0.02475735077783059;0.6277596869594689
301661.0;954238.6809;0.3130963753413775;0.6811740484187697;0.01989821744749098;0.626192750682755
268754.0;0.0;0.2678026514388187;0.7159535047909343;0.0;0.5356053028776374
140605.0;0.0;0.19227554241498696;0.8513943700972983;0.0;0.3845510848299739
