939955.0;6975463.532100001;0.14848434329422155;0.006560187367490979;0.14545552694202182;0.2969686865884431
939954.0;7505209.716999999;0.14848398899070242;0.006561244268951829;0.15650203447740813;0.29696797798140484
939933.0;7629949.294199999;0.14847969136887862;0.006583439199629662;0.15910316067477906;0.29695938273775724
938609.0;6805389.854199999;0.1526293130178115;0.007982776733794002;0.14190907353085117;0.305258626035623
938537.0;8378770.836699997;0.14847828399590393;0.008058873638975143;0.17471792685463805;0.29695656799180786
937180.0;1.1048114848600004E7;0.14847344211150032;0.009493088921347507;0.2303802979721536;0.29694688422300064
936412.0;8099542.1579;0.1484791962908238;0.010304789243279691;0.16889532389423656;0.2969583925816476
936412.0;8727245.9811;0.14847618956137404;0.010304789243279691;0.1819844884991285;0.2969523791227481
933192.0;6635678.609500002;0.20757721909680873;0.013708011947214114;0.13837017774102647;0.41515443819361747
931945.0;6531114.258500003;0.2384631767004115;0.015025968068893066;0.1361897545040525;0.476926353400823
927426.0;6426010.663500001;0.2438871928836722;0.019802105770470597;0.13399808670679808;0.4877743857673444
923798.0;6424422.752499999;0.2551461830138658;0.023636544270431492;0.13396497486696413;0.5102923660277316
921609.0;6323754.383300002;0.26518375900584146;0.025950101568230386;0.13186579240819338;0.5303675180116829
921223.0;6052123.888500002;0.264241263614073;0.02635806553211818;0.1262016302241555;0.528482527228146
920677.0;6213378.176100002;0.25232109270025876;0.02693513372974184;0.12956417771172826;0.5046421854005175
920057.0;5995478.012200001;0.27395519854430667;0.027590412635468346;0.125020424738901;0.5479103970886133
916761.0;5890375.6141;0.29899620825007484;0.031073959850427307;0.12282878189994784;0.5979924165001497
915914.0;5984075.547300001;0.2924453817998824;0.031969155387766575;0.12478265537306099;0.5848907635997648
913175.0;5733584.672800001;0.30909169156196326;0.03486400848903253;0.1195593061322692;0.6181833831239265
908022.0;5470328.991899999;0.33766614314443943;0.040310221716788455;0.11406977936324852;0.6753322862888789
906598.0;5535721.0063;0.32927777051940443;0.041815249397037714;0.1154333632840276;0.6585555410388089
901677.0;5387505.987799998;0.35077237752719503;0.04701626148587663;0.11234271654529412;0.7015447550543901
893862.0;5372043.494300002;0.3617098652280437;0.055275946402413116;0.11202028562302932;0.7234197304560874
889725.0;4542059.743899999;0.4208612181615503;0.059648347745946254;0.09471308830027264;0.8417224363231006
889708.0;4515156.5318;0.42593718148734244;0.05966631507078069;0.0941520903286783;0.8518743629746849
884883.0;4148881.9552000016;0.43311718998694426;0.06476586461937808;0.08651436685701971;0.8662343799738885
883345.0;3716976.820600001;0.43889131157276556;0.06639137906616414;0.07750808524532377;0.8777826231455311
883124.0;3944910.5648000017;0.4345046995662491;0.06662495428901181;0.08226106298191553;0.8690093991324982
874272.0;5096982.080700001;0.3869117855080249;0.07598064602044893;0.10628458036523684;0.7738235710160498
873746.0;5276800.672000003;0.3834742556491296;0.0765365761888556;0.11003423912714562;0.7669485112982593
871498.0;3315769.5633000005;0.4534149397880571;0.0789124906728446;0.06914192968376412;0.9068298795761142
870016.0;3653357.936200002;0.4499773223593513;0.08047881863782312;0.07618147543491027;0.8999546447187026
868404.0;3541259.705100001;0.4509207230250009;0.08218254379271203;0.07384395231563873;0.9018414460500018
867720.0;3242515.0083000003;0.4585314298698978;0.08290546439193289;0.06761439250298833;0.9170628597397956
866667.0;4955366.978100001;0.4010142226601889;0.08401838163020708;0.1033315580640178;0.8020284453203778
866036.0;5095763.768800002;0.3973343866118406;0.08468528645200293;0.10625917557334329;0.7946687732236812
862892.0;3134262.8268000004;0.46074189643586416;0.08800818464491282;0.06535706895305565;0.9214837928717283
862134.0;4834329.698100001;0.40793954505888635;0.08880931595223651;0.10080763384579042;0.8158790901177727
855500.0;3095515.1186;0.46677779514879797;0.0958208002435101;0.06454908418070462;0.9335555902975959
851401.0;3087616.2087999997;0.46859716488852937;0.10015303933153097;0.0643843725336665;0.9371943297770587
849214.0;2765120.3510999987;0.4842065586683096;0.10246448282640816;0.05765954274959468;0.9684131173366192
847783.0;3014200.4687999994;0.47397864512507415;0.10397690881688337;0.06285347425021957;0.9479572902501483
836418.0;2658786.059899999;0.4864917179254876;0.11598859391943452;0.0554422119174104;0.9729834358509752
825720.0;2506561.996799999;0.49247461465575937;0.12729532574759925;0.052267966763726664;0.9849492293115187
821649.0;2418647.8815999995;0.49188113353861973;0.13159797159471634;0.050434741789757404;0.9837622670772395
815684.0;2297548.138799999;0.4926963536615566;0.1379023888086818;0.04790951506891547;0.9853927073231132
804511.0;1923749.0176;0.49816073561902274;0.1497111488307499;0.04011488638303633;0.9963214712380455
797380.0;2216635.675199999;0.4924885038783628;0.15724791314806555;0.046222291707348845;0.9849770077567256
787320.0;1723903.5482;0.49492862470696414;0.1678803418442085;0.03594761808254513;0.9898572494139283
780046.0;1365811.1565;0.49149633753461625;0.17556824307042557;0.02848051323869378;0.9829926750692325
771864.0;1627054.9885999993;0.4911438981577822;0.1842158108230937;0.0339280880247408;0.9822877963155644
764949.0;1218911.6238000004;0.48746240250258316;0.19152428442486594;0.025417297606057182;0.9749248050051663
764558.0;1042411.1166000001;0.487711307553342;0.19193753289605797;0.021736829037600457;0.975422615106684
757782.0;863676.9799;0.4831098609758774;0.19909909719477215;0.01800978381449984;0.9662197219517548
752849.0;624460.5353999999;0.4777973829722193;0.20431279210114126;0.013021534097786162;0.9555947659444386
752307.0;0.0;0.44744250337424435;0.2048856326929215;0.0;0.8948850067484887
744254.0;0.0;0.444844202044257;0.2133968601571401;0.0;0.889688404088514
734524.0;0.0;0.442301166076109;0.22368051137120282;0.0;0.884602332152218
717667.0;0.0;0.4291694644811461;0.24149669929673775;0.0;0.8583389289622922
708640.0;0.0;0.42365871355308493;0.2510373487838235;0.0;0.8473174271061699
704855.0;0.0;0.41283782922278733;0.2550377208131377;0.0;0.8256756584455747
697879.0;0.0;0.4108106147760247;0.26241066540402175;0.0;0.8216212295520494
685951.0;0.0;0.41074162883433013;0.275017386029031;0.0;0.8214832576686603
677829.0;0.0;0.3903790045193031;0.28360153969404817;0.0;0.7807580090386061
668092.0;0.0;0.37964539592664714;0.29389258921833683;0.0;0.7592907918532943
656809.0;0.0;0.3689000217868187;0.30581760840109834;0.0;0.7378000435736374
647707.0;0.0;0.36154479156561264;0.31543752549774773;0.0;0.7230895831312253
643029.0;0.0;0.35673000421687373;0.3203817105316003;0.0;0.7134600084337475
641523.0;0.0;0.35427148009119497;0.3219734041316392;0.0;0.7085429601823899
623492.0;0.0;0.34027679570136954;0.3410303943722111;0.0;0.6805535914027391
611854.0;0.0;0.32479057078230344;0.3533306135735741;0.0;0.6495811415646069
607689.0;0.0;0.31915877609552656;0.357732608158011;0.0;0.6383175521910531
601092.0;0.0;0.31331188398152215;0.3647049870952332;0.0;0.6266237679630443
588226.0;0.0;0.30671648347485986;0.378303081290519;0.0;0.6134329669497197
577090.0;0.0;0.2860935509948324;0.39007273595853564;0.0;0.5721871019896648
566352.0;0.0;0.28211237619969143;0.40142174384513435;0.0;0.5642247523993829
554979.0;0.0;0.2795786780704075;0.4134418841593723;0.0;0.559157356140815
548532.0;0.0;0.2598594014741775;0.42025572787746707;0.0;0.519718802948355
536711.0;0.0;0.2588176465502241;0.43274936004616543;0.0;0.5176352931004482
532475.0;0.0;0.24398142733910727;0.43722639463432267;0.0;0.48796285467821454
520715.0;0.0;0.24071616338617202;0.44965555581390926;0.0;0.48143232677234404
518854.0;0.0;0.23376049554057754;0.4516224494325496;0.0;0.4675209910811551
513592.0;0.0;0.22901781713571584;0.4571838649195381;0.0;0.4580356342714317
505433.0;0.0;0.22838192570161017;0.4658071239386067;0.0;0.45676385140322034
501617.0;0.0;0.22350787597717928;0.46984025991320727;0.0;0.44701575195435855
482565.0;0.0;0.22009466474200645;0.4899763465453062;0.0;0.4401893294840129
472510.0;0.0;0.2153857345975365;0.5006034907341449;0.0;0.430771469195073
469500.0;0.0;0.2091079627798505;0.503784764131301;0.0;0.418215925559701
449226.0;0.0;0.20238852668362237;0.5252123843485577;0.0;0.40477705336724473
439450.0;0.0;0.19820284762589;0.5355446530298195;0.0;0.39640569525178
425934.0;0.0;0.19296114774162024;0.5498297331746572;0.0;0.3859222954832405
416859.0;0.0;0.18947743136673498;0.5594211139318637;0.0;0.37895486273346995
403343.0;0.0;0.1858998230379382;0.5737061940767014;0.0;0.3717996460758764
396567.0;0.0;0.18476577920478546;0.5808677583754156;0.0;0.3695315584095709
386435.0;0.0;0.1816363151390538;0.5915762839767397;0.0;0.3632726302781076
372919.0;0.0;0.1811378187799329;0.6058613641215775;0.0;0.3622756375598658
366161.0;0.0;0.1757031889420452;0.6130039041939964;0.0;0.3514063778840904
350138.0;0.0;0.17336211477054003;0.6299386363011831;0.0;0.34672422954108006
336622.0;0.0;0.16992095477244706;0.6442237164460208;0.0;0.3398419095448941
323106.0;0.0;0.16682166854105826;0.6585087965908587;0.0;0.3336433370821165
