939955.0;6423789.864800001;0.14848434329422155;0.006560187367490979;0.13395177760581084;0.2969686865884431
939954.0;6924342.195799994;0.1484839024859984;0.006561244268951829;0.1443895216686405;0.2969678049719968
939954.0;7502428.058299999;0.1484836331189176;0.006561244268951829;0.15644403006951185;0.2969672662378352
939952.0;7187057.810199998;0.1484817213456949;0.006563358071873527;0.14986778672623807;0.2969634426913898
939950.0;8453247.8182;0.14848161867662774;0.006565471874795226;0.17627095462681144;0.29696323735325547
939948.0;7423995.779000006;0.14848014089141512;0.006567585677716924;0.1548085246350207;0.29696028178283024
939947.0;6644573.989400002;0.14848010045013643;0.006568642579177773;0.13855566823420298;0.29696020090027286
939944.0;9249237.271700002;0.1484800887864945;0.00657181328356032;0.19286928746395243;0.296960177572989
939942.0;7576782.356199998;0.14848007089977278;0.006573927086482019;0.15799449958765618;0.29696014179954555
939937.0;8724062.4231;0.14848004605814424;0.006579211593786265;0.18191810350488263;0.2969600921162885
939933.0;7629949.294199999;0.14847969136887862;0.006583439199629662;0.15910316067477906;0.29695938273775724
939918.0;9669882.361700006;0.14847885854015977;0.0065992927215424;0.20164076952245077;0.29695771708031954
939913.0;1.4337390873900002E7;0.14847625451264193;0.006604577228846646;0.29896977239432615;0.29695250902528386
939908.0;7390624.495000004;0.14847669823058685;0.006609861736150892;0.15411265149675332;0.2969533964611737
939873.0;7252831.849000001;0.14847791298623672;0.006646853287280614;0.1512393367929444;0.29695582597247344
939765.0;7098484.2383;0.148478571186579;0.006760998645052327;0.1480208104622861;0.296957142373158
939764.0;1.0921421944200004E7;0.14847617719970158;0.006762055546513176;0.22773844011073496;0.29695235439940315
939755.0;6390908.827300001;0.15631544991992616;0.006771567659660819;0.1332661273097476;0.3126308998398523
939737.0;1.1642490400600001E7;0.14847611057932006;0.006790591885956105;0.24277448636117765;0.2969522211586401
939735.0;1.0053681229100002E7;0.1484758552296132;0.006792705688877803;0.20964391744810712;0.2969517104592264
939723.0;7939902.3214;0.14847627439419486;0.0068053885064079936;0.1655664416726912;0.2969525487883897
939597.0;9229623.374599995;0.14847598456715946;0.006938558090474993;0.19246028959235018;0.2969519691343189
939549.0;1.2920411702100001E7;0.14847494059266472;0.006989289360595754;0.2694222805105876;0.29694988118532945
939412.0;1.1145657058099996E7;0.1484716783933014;0.007134084860732095;0.2324142923320437;0.2969433567866028
939377.0;6969501.675300005;0.14847809564309644;0.0071710764118618165;0.14533120760203735;0.2969561912861929
939289.0;8958129.553800002;0.14847598961490013;0.007264083740416546;0.18679897739650286;0.29695197922980027
939205.0;9167750.379900001;0.1484758015214634;0.007352863463127878;0.19117008586522105;0.2969516030429268
938955.0;7624641.286300001;0.1484765823690583;0.007617088828340179;0.15899247568839017;0.2969531647381166
938955.0;1.0930225522999994E7;0.1484743455931452;0.007617088828340179;0.22792201632576864;0.2969486911862904
938919.0;1.0242820737600002E7;0.1484757926222092;0.007655137280930749;0.213587940199831;0.2969515852444184
938919.0;1.1043491810899997E7;0.14847414176580367;0.007655137280930749;0.23028389629481233;0.29694828353160735
938914.0;9086341.810900003;0.14847250835321593;0.007660421788234996;0.18947251748901225;0.29694501670643186
938824.0;7258848.963199999;0.14847663955667087;0.007755542919711424;0.15136480838527708;0.29695327911334174
938808.0;8604750.677600004;0.14847485974768268;0.00777245334308501;0.17943016091408398;0.29694971949536536
938798.0;1.3580465519000007E7;0.14847164474090113;0.007783022357693503;0.28318602184554936;0.29694328948180226
938734.0;6344414.6546;0.16373416512341843;0.007850664051187851;0.13229660974884422;0.32746833024683686
938696.0;7799487.194600001;0.14847196826537115;0.007890826306700122;0.1626384418106984;0.2969439365307423
938624.0;9478653.548400005;0.14847000788465142;0.007966923211881263;0.19765317964013723;0.29694001576930285
938485.0;6332426.650799999;0.16417136374785338;0.008113832514939303;0.13204663046048756;0.32834272749570675
938407.0;1.1353658788400007E7;0.1484696305430106;0.00819627082888554;0.2367516386813453;0.2969392610860212
938271.0;1.0432263093899999E7;0.1484672323192343;0.00834000942756103;0.21753827807113496;0.2969344646384686
938041.0;7742393.6869;0.14846937926314827;0.008583096763556347;0.16144790211261872;0.29693875852629653
937548.0;1.0712255626700005E7;0.1484602786655591;0.009104149183755001;0.2233768092613332;0.2969205573311182
937504.0;9936681.845300004;0.14846368666226323;0.009150652848032367;0.2072041932714692;0.29692737332452646
937464.0;6255984.615900003;0.1712035494555948;0.009192928906466334;0.13045262650422979;0.3424070989111896
937000.0;6287759.899300003;0.17079423596391727;0.009683331184300363;0.13111521911465773;0.34158847192783454
936217.0;6197746.128600003;0.17982011973171455;0.010510885028145286;0.12923821117261133;0.3596402394634291
936033.0;7267161.041500002;0.14847577648542531;0.010705354896941539;0.15153813560913057;0.29695155297085063
935401.0;6241266.773499996;0.17863238041148297;0.011373316620198233;0.1301457233841875;0.35726476082296593
935341.0;8128049.8909;0.14846766189470265;0.011436730707849185;0.16948978006282742;0.2969353237894053
935046.0;1.0509240086300015E7;0.14846288218697468;0.011748516638799698;0.21914343720363286;0.29692576437394935
934838.0;6144460.681000002;0.19517719916331353;0.011968352142656331;0.12812707886959915;0.39035439832662705
934814.0;8864418.962399997;0.1484661954542956;0.011993717777716713;0.18484488167377278;0.2969323909085912
934705.0;9037056.3191;0.1484640122406108;0.012108920036949276;0.18844479407717357;0.2969280244812216
934645.0;8712315.506099999;0.14846395995044845;0.012172334124600228;0.18167315146774327;0.2969279199008969
934356.0;7644919.619400001;0.14846764031303727;0.012477778646785646;0.15941532868059533;0.29693528062607455
934061.0;1.3206237069800006E7;0.14845884054502645;0.012789564577736159;0.27538244061763717;0.2969176810900529
933768.0;6297118.156699997;0.1695447107849144;0.013099236705764974;0.1313103617392462;0.3390894215698288
933551.0;1.1016540789600004E7;0.1484598440624415;0.013328584322769252;0.22972190138411194;0.296919688124883
933516.0;7310509.9577;0.14847575019374384;0.013365575873898973;0.1524420668560248;0.2969515003874877
930746.0;9778185.235200003;0.14846337665644593;0.016293192920451255;0.20389915012494167;0.29692675331289187
930655.0;5965241.105899998;0.21896050508035775;0.01638937095338853;0.12438991106497467;0.4379210101607155
930487.0;1.0294237580900004E7;0.1484589755412311;0.016566930398811196;0.21466010751910383;0.2969179510824622
928921.0;6008196.505000003;0.20883060890369648;0.018222038086501042;0.12528563651495275;0.41766121780739296
927416.0;5926622.706999998;0.23177128707133668;0.019812674785079087;0.12358462270875188;0.46354257414267336
926874.0;5855840.559099998;0.2510519869913717;0.020385515376859353;0.12210864128135233;0.5021039739827434
926738.0;5872937.025999995;0.24462352553002978;0.020529253975534845;0.12246514455749191;0.48924705106005956
926273.0;5831456.198800003;0.23513112792051943;0.021020713154829722;0.12160016754906804;0.47026225584103887
925702.0;5780683.248200001;0.25186048741218753;0.021624203888974614;0.12054142697219612;0.5037209748243751
925015.0;5828199.847599998;0.24105509687036603;0.022350295192578015;0.12153226463802487;0.48211019374073205
924953.0;5691136.460100002;0.2588943365080338;0.022415823083150665;0.1186741567629675;0.5177886730160676
924049.0;5791588.224200001;0.24417087912594326;0.02337126200375834;0.12076882247402487;0.4883417582518865
923602.0;5788914.843399998;0.24720897980918446;0.023843696956757934;0.12071307592597232;0.49441795961836893
923472.0;5588460.833999998;0.2724190847097601;0.023981094146668328;0.11653311807360288;0.5448381694195202
923123.0;5691030.922699998;0.25014542123731476;0.0243499527565047;0.1186719560492717;0.5002908424746295
921764.0;5541993.193199998;0.28384863698438695;0.02578628184179876;0.11556415376790292;0.5676972739687739
920606.0;5673758.52;0.25989109558555795;0.027010173733462133;0.11831178408009409;0.5197821911711159
919879.0;5545770.722400001;0.2722044978684052;0.0277785410954995;0.1156429245188067;0.5444089957368105
919554.0;5511939.024699997;0.26802723240909315;0.02812203407027549;0.1149374506254014;0.5360544648181863
918428.0;5408762.5638000015;0.2838686580553517;0.02931210511519169;0.11278596830180251;0.5677373161107034
918388.0;5361907.452200001;0.3008399140972702;0.029354381173625658;0.11180892427937415;0.6016798281945404
916984.0;5464696.586900001;0.2817489700158733;0.030838270824657933;0.11395232990150947;0.5634979400317466
915404.0;5337373.300100002;0.30160236603175866;0.03250817513279967;0.1112973270205886;0.6032047320635173
915313.0;5473241.371399998;0.2815577823464602;0.03260435316573695;0.11413050962051072;0.5631155646929203
914474.0;5347697.768199999;0.3009810901719711;0.03349109349138942;0.11151261750859276;0.6019621803439422
913291.0;5343682.655300003;0.2959973241842086;0.03474140791957402;0.11142889255470072;0.5919946483684172
913139.0;5290160.048199997;0.3156100888096018;0.03490205694162311;0.1103128148943107;0.6312201776192036
913034.0;5351274.263199999;0.2888643146651652;0.03501303159501227;0.11158719620324675;0.5777286293303304
912006.0;5383220.809799997;0.2697347870983984;0.036099526296765244;0.11225336007153977;0.5394695741967968
911984.0;5592707.862;0.2675926924816284;0.03612277812890393;0.11662167902626717;0.5351853849632568
911677.0;5235062.519999999;0.32504088254693786;0.03644724687738463;0.10916389626536893;0.6500817650938757
909790.0;5269576.3875;0.30792088085835917;0.03844161993400707;0.10988359507261199;0.6158417617167183
908844.0;5263084.793400002;0.3039085808452637;0.03944144871597041;0.10974822941036406;0.6078171616905274
908354.0;5249553.827500001;0.3140774897382454;0.039959330431786524;0.10946607557700774;0.6281549794764908
908013.0;5233887.1473;0.3176516461421652;0.0403197338299361;0.10913938686113439;0.6353032922843304
907863.0;5169926.776199997;0.33356314733979325;0.04047826904906348;0.1078056562152862;0.6671262946795865
907705.0;5111888.988800002;0.3120113163444221;0.040645259479877655;0.10659542596894243;0.6240226326888442
907306.0;5133745.790499998;0.3075774444454249;0.04106696316275649;0.10705119390377717;0.6151548888908498
907090.0;5074886.6032;0.32461128805020784;0.04129525387829991;0.10582383545444943;0.6492225761004157
905289.0;5111106.618299999;0.31992979745342753;0.04319873340928932;0.10657911162469591;0.6398595949068551
905260.0;5298393.717799997;0.30264516594156526;0.04322938355165395;0.1104845071044159;0.6052903318831305
903119.0;5002609.588199997;0.34970361414485074;0.04549220957933208;0.10431668238078742;0.6994072282897015
902772.0;4996554.326599998;0.32659725215802216;0.04585895438624675;0.10419041532158105;0.6531945043160443
900569.0;4930246.303399999;0.3547088495497918;0.048187308304497536;0.10280773037015731;0.7094176990995836
899898.0;4988104.636400001;0.3475677213248513;0.04889648918472735;0.10401421855202135;0.6951354426497026
899820.0;4852388.466199999;0.34715897373175114;0.04897892749867359;0.10118420346267984;0.6943179474635023
898752.0;4979274.852;0.34324854876688937;0.050107698258860536;0.10383009588593956;0.6864970975337787
898023.0;4731611.690700004;0.35631788059820596;0.0508781794238196;0.0986657114023506;0.7126357611964119
895981.0;4216755.848300001;0.41107399751362356;0.05303637220687366;0.08792970403727082;0.8221479950272471
895075.0;4497205.1162;0.4086941021751678;0.05399392493040304;0.09377775927477239;0.8173882043503355
894851.0;4622519.014200001;0.3616682745065913;0.05423067085763326;0.0963908614697546;0.7233365490131826
892199.0;4286275.131100001;0.40756616784431504;0.05703357353180533;0.08937935162925832;0.8151323356886301
892160.0;3996434.5667000003;0.422678851839421;0.05707479268877846;0.08333546482088118;0.845357703678842
891417.0;3952516.9171000016;0.4209331983784643;0.05786007047418941;0.08241967408737279;0.8418663967569286
890836.0;4744362.905300001;0.35463099346687516;0.058474130222942795;0.0989316055082058;0.7092619869337503
890079.0;4203189.960300001;0.4127782355137984;0.059274204628805637;0.08764682199245818;0.8255564710275968
890070.0;3869101.1535;0.422678851839421;0.059283716741953284;0.08068025077967805;0.845357703678842
889524.0;4529039.872500002;0.37777179705317715;0.059860784939576944;0.09444159204106507;0.7555435941063543
889110.0;3932618.3201;0.4211535448250914;0.060298342144368515;0.08200473952442615;0.8423070896501827
888482.0;3772670.679500001;0.42875187425759614;0.06096207626178181;0.07866943883228679;0.8575037485151923
888240.0;3923464.3362000007;0.41974636464083603;0.061217846415307316;0.08181385650343896;0.8394927292816721
887670.0;4125552.7933000005;0.4177722856843909;0.06182028024799136;0.08602789660000171;0.8355445713687818
887668.0;3765769.2715000003;0.43031817543974954;0.061822394050913054;0.07852552754486303;0.8606363508794991
886785.0;3669907.830000001;0.43033900423553184;0.0627556380408429;0.07652658132105467;0.8606780084710637
886648.0;4242169.379499999;0.40908532259206803;0.06290043354097924;0.0884596385075956;0.8181706451841361
886612.0;4461328.326200002;0.3842886433092518;0.06293848199356981;0.09302964018986522;0.7685772866185036
883854.0;3647575.942400001;0.43007977770390887;0.0658534162225919;0.07606090667971796;0.8601595554078177
883798.0;3533548.9352;0.4348238575283777;0.06591260270439946;0.07368316384706285;0.8696477150567554
883293.0;3744681.8743999996;0.42741545374473905;0.0664463379421283;0.07808580358345156;0.8548309074894781
881702.0;3647285.5445;0.429812171509875;0.06812786816633938;0.07605485117109503;0.85962434301975
881598.0;3716199.1882999996;0.4285645767556853;0.0682377859182677;0.07749186970417107;0.8571291535113706
881454.0;3402839.4496999993;0.43429393428547963;0.06838997972862998;0.0709575504161803;0.8685878685709593
879056.0;3355379.360200002;0.44010709386877195;0.07092442943174636;0.06996789112039736;0.8802141877375439
877365.0;3301974.625099999;0.44248269837083676;0.07271164980204235;0.06885427138037252;0.8849653967416735
876975.0;3378545.190400001;0.4385470680978405;0.07312384137177354;0.07045095551078288;0.877094136195681
876364.0;3106834.4418999995;0.44238850244854094;0.07376960816435241;0.06478511984022055;0.8847770048970819
873363.0;3102048.4284999995;0.45105403347288;0.07694136944836086;0.06468531971972032;0.90210806694576
872621.0;3000193.413500001;0.45221949955716384;0.07772559033231095;0.06256139278492462;0.9044389991143277
870234.0;3022305.082700001;0.4509001338677922;0.080248414119358;0.0630224753323787;0.9018002677355844
870094.0;4393624.2645;0.3985167140309135;0.08039638032387689;0.09161784441093665;0.797033428061827
867833.0;2986810.0287999995;0.457838224236878;0.08278603452685693;0.062282316381636414;0.915676448473756
867692.0;2946161.0094999983;0.4681750398638894;0.08293505763283666;0.06143468460852928;0.9363500797277788
867393.0;2938815.24;0.45431214344311643;0.08325107116963057;0.061281507293717175;0.9086242868862329
867176.0;2915562.953099999;0.453294323577593;0.08348041878663484;0.06079664006903992;0.906588647155186
866620.0;2858816.272300001;0.4567708721057383;0.084068055998867;0.059613332562665565;0.9135417442114766
864394.0;2825699.1579;0.47171008875113646;0.08642071865071732;0.05892275948409036;0.9434201775022729
862342.0;2822401.3479;0.4632371836097312;0.08858948044837987;0.05885399205536004;0.9264743672194624
861657.0;2799088.6983;0.4587622497255259;0.08931345794906158;0.05836786612030524;0.9175244994510517
861041.0;2758791.9216000014;0.4621204687401416;0.08996450924894468;0.05752757946953429;0.9242409374802832
859974.0;2567628.3487;0.4753035584542929;0.09109222310767078;0.05354135000960932;0.9506071169085858
857434.0;2641955.7397;0.4738241276349227;0.09377675281822774;0.05509125845288031;0.9476482552698454
857010.0;2674776.147000001;0.46525651577740024;0.0942248790376278;0.0557756444605348;0.9305130315548005
856471.0;2459073.111900001;0.47825078409567245;0.09479454892502552;0.051277707013212465;0.9565015681913449
856280.0;2581194.200099999;0.47391714415817604;0.09499641710404771;0.05382423129122215;0.9478342883163521
856048.0;4366659.407800002;0.40594012605101804;0.09524161824296473;0.09105556099820501;0.8118802521020361
855066.0;2513669.346099999;0.47690779850094184;0.09627949547751864;0.052416172432473276;0.9538155970018837
853560.0;2375406.0125;0.4804779812101481;0.09787118907755754;0.049533042737507506;0.9609559624202962
853510.0;2656825.3390000006;0.4695072500479542;0.0979240341506;0.05540132607657946;0.9390145000959084
853357.0;2459069.8574999995;0.47682642479554704;0.09808574007410993;0.0512776391509887;0.9536528495910941
852899.0;2668527.7081000004;0.4688910503455845;0.09856980094317887;0.055645349180718326;0.937782100691169
851943.0;2593095.5261999997;0.47223375088456293;0.0995801987397507;0.05407240313689493;0.9444675017691259
851639.0;2636494.1108;0.47056626739080337;0.09990149678384885;0.054977370091776355;0.9411325347816067
851576.0;2372270.6966999993;0.4793413136654145;0.09996808157588236;0.049467663711480044;0.958682627330829
851428.0;2431031.7904;0.47705163933582256;0.10012450299208804;0.050692976668603326;0.9541032786716451
849486.0;2575525.9685000014;0.47268554775512284;0.10217700562905718;0.053706034756982816;0.9453710955102457
849078.0;2554837.871399999;0.4687933759133972;0.10260822142508365;0.053274637180139264;0.9375867518267944
847812.0;2506460.7615000005;0.4741369709426466;0.10394625867451875;0.05226585575936994;0.9482739418852932
847002.0;2354149.699999999;0.4848665029321348;0.1048023488578066;0.04908979647562056;0.9697330058642696
846698.0;2352945.1986000007;0.48416071504461317;0.10512364690190475;0.04906467966653213;0.9683214300892263
846065.0;2281206.8737000003;0.4865216454292494;0.1057926655266223;0.04756875960297671;0.9730432908584988
845678.0;2329188.0314999996;0.4855310225799339;0.10620168639197093;0.048569284451106205;0.9710620451598678
845178.0;2272519.1336999997;0.48348724462423653;0.10673013712239553;0.04738759891110009;0.9669744892484731
843350.0;2361086.5087999995;0.4831314940384345;0.10866215299282787;0.049234445956570026;0.966262988076869
842377.0;2363461.571;0.48203987425469735;0.10969051811423414;0.049283971829973475;0.9640797485093947
841059.0;2194187.2437;0.488193401858292;0.11108351423963338;0.04575418683979014;0.976386803716584
841054.0;2125879.6034000004;0.4857787266818926;0.11108879874693763;0.04432980496634476;0.9715574533637852
840715.0;2304199.8206999986;0.48306055060828473;0.1114470883421655;0.048048218954522895;0.9661211012165695
840275.0;2213249.9198000003;0.48419805414261424;0.11191212498493916;0.046151690401279755;0.9683961082852285
837760.0;2029041.8835;0.4898966744595387;0.1145702321589749;0.042310500942877534;0.9797933489190774
836556.0;2075418.4499000001;0.48539293083414053;0.11584274151783733;0.043277566123912585;0.9707858616682811
836136.0;2125477.8304;0.4840161733792241;0.11628664013139399;0.044321427013660014;0.9680323467584482
829276.0;2016952.1248000003;0.49113701758546807;0.1235369841528195;0.04205839981522947;0.9822740351709361
828848.0;1971952.4111999997;0.49159111343342776;0.12398933797806296;0.04112004539278758;0.9831822268668555
827879.0;2010779.6865999997;0.4910362218584732;0.12501347549362582;0.0419296893364539;0.9820724437169464
826950.0;1958337.7472;0.49156542679830106;0.12599533695075474;0.04083614624871704;0.9831308535966021
826763.0;1930426.3861999996;0.49301231374846666;0.12619297752393355;0.0402541258993537;0.9860246274969333
825089.0;1819302.6711;0.4941504684879004;0.1279622305693951;0.0379369238293775;0.9883009369758008
822732.0;1886914.3184999996;0.4940408558514604;0.13045334731261665;0.03934679254343906;0.9880817117029208
822408.0;1837132.2301999999;0.49402986360311046;0.13079578338593179;0.03830871387631846;0.9880597272062209
820613.0;1921587.9959000002;0.4937621990829405;0.13269292150815612;0.04006982377914483;0.987524398165881
820247.0;1805744.4300000002;0.49552825847629534;0.1330797474428269;0.037654201241189345;0.9910565169525907
818687.0;1713740.6014000003;0.4955103397615484;0.13472851372175165;0.035735695709892046;0.9910206795230968
818015.0;1794290.6801;0.49456426601423426;0.13543875150344234;0.03741536245728632;0.9891285320284685
813402.0;1688176.8017000004;0.4998727861231467;0.1403142379423397;0.03520262777270159;0.9997455722462933
811990.0;1692046.3851;0.4977734137809847;0.14180658280505876;0.03528331807950384;0.9955468275619694
811030.0;1708130.4949999996;0.49694297305002233;0.142821208207474;0.035618711228666146;0.9938859461000447
810498.0;1631256.5470999999;0.499685817804676;0.14338347978464575;0.03401570082678369;0.999371635609352
810177.0;1525000.7665;0.4993895910816177;0.14372274515357836;0.03180000713321264;0.9987791821632354
809640.0;1710875.2264999999;0.4968493465852762;0.14429030123805436;0.035675945613852116;0.9936986931705524
809568.0;1624158.5877999999;0.4993746413773981;0.1443663981432355;0.03386769096257275;0.9987492827547962
807559.0;1659881.1455000003;0.49893846406334263;0.14648971317808154;0.03461259392566029;0.9978769281266853
807042.0;1586903.7111;0.49775546373159973;0.14703613123334058;0.03309083538923035;0.9955109274631995
806493.0;1698828.3023999995;0.49754011310674234;0.1476163701353468;0.03542473769269643;0.9950802262134847
803725.0;1524783.7414;0.49902913801548365;0.1505418733789774;0.03179548162746885;0.9980582760309673
803157.0;1790920.7680999995;0.49518814249106774;0.15114219340873972;0.03734509152497442;0.9903762849821355
802270.0;1537093.1898999999;0.4982454921990558;0.15207966500451298;0.03205216382639278;0.9964909843981116
801276.0;1595164.2461999995;0.49757320840545755;0.15313022505659707;0.03326308781091734;0.9951464168109151
800896.0;1456318.9339000003;0.49898048910939563;0.15353184761171976;0.030367822432338848;0.9979609782187913
799768.0;1703487.4081999997;0.49573124490366494;0.15472403245955765;0.0355218914784053;0.9914624898073299
799700.0;1564125.7043000003;0.49772897144619527;0.1547959017588954;0.03261585806814823;0.9954579428923905
799664.0;1478601.4794;0.4969489737336337;0.154833950211486;0.030832468169843877;0.9938979474672675
799455.0;1367190.8238;0.49673499376830704;0.15505484261680347;0.028509282686516514;0.9934699875366141
797951.0;1578656.0279000003;0.4958141821392049;0.15664442241392065;0.03291885096118681;0.9916283642784098
797493.0;1340704.1261000007;0.4970661557392817;0.1571284832829896;0.027956970061960715;0.9941323114785634
796090.0;1397593.0877;0.4952095851537362;0.158611316032561;0.02914324447206019;0.9904191703074724
796056.0;1354225.8212999997;0.49533304901700836;0.1586472506822299;0.028238930578478982;0.9906660980340167
794632.0;1378812.6485000008;0.4950662381146198;0.16015227836247914;0.028751626242322838;0.9901324762292396
793064.0;1366191.5524;0.49474293428740024;0.1618094998530907;0.028488445426400937;0.9894858685748005
791894.0;1511218.1177;0.4934960150465208;0.16304607456228426;0.03151260509395959;0.9869920300930416
791312.0;1310189.4262;0.49459086796757357;0.1636611912124985;0.02732066370998757;0.9891817359351471
790586.0;1612837.2477;0.49339944899899857;0.16442850167307502;0.03363161324782917;0.9867988979979971
790505.0;1436197.9547;0.49303132523022897;0.1645141106914038;0.029948250654971326;0.9860626504604579
789431.0;1273565.3983000005;0.4935249470273419;0.16564922286035583;0.02655696288173165;0.9870498940546838
785324.0;1272561.2222000002;0.4930264806160704;0.1699899171600635;0.02653602334658879;0.9860529612321408
785302.0;1227439.024;0.4921729933341731;0.17001316899220217;0.0255951148197561;0.9843459866683462
784341.0;1109415.3727999995;0.49307265805566053;0.17102885129607825;0.023134032155082033;0.9861453161113211
783302.0;1231272.8617999998;0.4919411576292901;0.17212697191390058;0.025675059743106785;0.9838823152585802
782861.0;1532762.1573;0.4915859099554636;0.17259306545813508;0.03196185117173736;0.9831718199109272
781436.0;1110180.8171999997;0.4919381941829212;0.1740991500398452;0.02314999354862018;0.9838763883658423
781313.0;1047060.8685999999;0.4945476831781375;0.17422914891952965;0.021833787773632454;0.989095366356275
780904.0;1272371.7316;0.491625806624806;0.17466142161701695;0.02653207200271799;0.983251613249612
780046.0;1365811.1565;0.49149633753461625;0.17556824307042557;0.02848051323869378;0.9829926750692325
779653.0;1296103.2013;0.49088696182139024;0.1759836053445393;0.027026931364312688;0.9817739236427805
779609.0;1181542.6962000001;0.4914798663848384;0.17603010900881666;0.024638063791658626;0.9829597327696769
778371.0;1119176.2853000003;0.4886197194080998;0.177338553017348;0.02333757112630437;0.9772394388161996
777370.0;1094972.1891999997;0.4934700610414823;0.17839651137965803;0.022832856344816434;0.9869401220829646
776744.0;861358.0302;0.4894628542046222;0.17905813169414964;0.017961428024377318;0.9789257084092444
775893.0;1505963.5033999998;0.4864119614062513;0.1799575548373323;0.031403033495116535;0.9728239228125026
775475.0;1131869.2271000003;0.48747486575760945;0.18039933964796726;0.023602250101324055;0.9749497315152189
774190.0;983117.1167000002;0.4889225761102679;0.18175745802515847;0.020500403678874776;0.9778451522205358
774014.0;819996.7006999998;0.48849272222025814;0.18194347268226793;0.017098942836151567;0.9769854444405163
772093.0;1152068.0802;0.4845599165516257;0.18397378038855924;0.024023445740547825;0.9691198331032514
771781.0;1018715.3875;0.4870844858306551;0.1843035336443442;0.021242714955195058;0.9741689716613102
770771.0;882529.1094999998;0.4878052521974753;0.1853710041198019;0.01840289696494903;0.9756105043949506
770334.0;881029.1057999999;0.48550407983231125;0.185832870058193;0.018371618207975473;0.9710081596646225
766798.0;817744.9369999999;0.48784575366811067;0.18957007362375577;0.017051988038950614;0.9756915073362213
766736.0;720194.8887;0.4847162635525123;0.1896356015143284;0.015017830220850112;0.9694325271050246
765573.0;712534.2773;0.4839953443269348;0.19086477791329604;0.014858087680048725;0.9679906886538696
764424.0;825022.2978000002;0.4821317850810813;0.19207915769181177;0.017203738864546656;0.9642635701621626
763437.0;712111.2147;0.4866977727905468;0.19312231943366992;0.014849265786976061;0.9733955455810936
762831.0;713029.6711;0.48259000987234807;0.19376280171894453;0.01486841785608523;0.9651800197446961
762601.0;609226.3204999999;0.4823917719288941;0.19400588905493985;0.012703863344347302;0.9647835438577882
762588.0;815166.9364000001;0.48030877391240623;0.1940196287739309;0.01699823040205606;0.9606175478248125
762317.0;791753.9985;0.48104478789512173;0.19430604906982102;0.01651001320991771;0.9620895757902435
762076.0;750895.5586999999;0.4807283924290374;0.19456076232188568;0.015658014505632506;0.9614567848580748
760196.0;570744.5970000001;0.4825020761958041;0.19654773706828219;0.0119014250055084;0.9650041523916082
760032.0;526179.9853000001;0.4797678600736123;0.19672106890786145;0.010972143525079156;0.9595357201472245
759790.0;746808.5242999999;0.47946101107372663;0.19697683906138694;0.015572789812026632;0.9589220221474533
759324.0;518609.0214000001;0.4770369732189723;0.19746935514214267;0.010814270354577183;0.9540739464379446
759174.0;505052.0862;0.481037153206675;0.19762789036127007;0.010531574997607667;0.96207430641335
758106.0;541530.0779;0.47582449370077134;0.198756661121457;0.011292230612835694;0.9516489874015427
758026.0;446934.3532000001;0.4788207440289564;0.19884121323832493;0.009319677689380218;0.9576414880579128
757883.0;524079.3939999999;0.47592361616376677;0.19899235014722638;0.010928341043276292;0.9518472323275335
757877.0;0.0;0.4482183675248836;0.19899869155599148;0.0;0.8964367350497672
756930.0;0.0;0.44813563303195164;0.19999957723941567;0.0;0.8962712660639033
755894.0;0.0;0.4471824781921552;0.20109452715285542;0.0;0.8943649563843104
755763.0;0.0;0.4460704134256491;0.20123298124422667;0.0;0.8921408268512983
750230.0;0.0;0.4441431022660996;0.2070808170271053;0.0;0.8882862045321992
749086.0;0.0;0.4440052220256616;0.20828991229831678;0.0;0.8880104440513232
746852.0;0.0;0.44278812120358385;0.21065103016185388;0.0;0.8855762424071677
745786.0;0.0;0.44270734895558567;0.21177768711911912;0.0;0.8854146979111713
744116.0;0.0;0.4416191550548554;0.2135427125587373;0.0;0.8832383101097108
742295.0;0.0;0.43984140489951135;0.2154673301189437;0.0;0.8796828097990227
739898.0;0.0;0.4395376386283395;0.21800072292059922;0.0;0.879075277256679
738261.0;0.0;0.4376430599956325;0.21973087061200935;0.0;0.875286119991265
736936.0;0.0;0.4351483068626969;0.22113126504763456;0.0;0.8702966137253938
733233.0;0.0;0.4342159670533037;0.22504497115715913;0.0;0.8684319341066074
732629.0;0.0;0.4335184620134015;0.22568333963951204;0.0;0.867036924026803
727735.0;0.0;0.4292800558893208;0.23085581538890804;0.0;0.8585601117786416
722930.0;0.0;0.42281892289656337;0.23593422690828844;0.0;0.8456378457931267
712189.0;0.0;0.4205521150151877;0.24728640549926967;0.0;0.8411042300303754
708993.0;0.0;0.41598595180301695;0.2506642625681437;0.0;0.8319719036060339
705995.0;0.0;0.41515064242028515;0.2538328531477696;0.0;0.8303012848405703
704855.0;0.0;0.41283782922278733;0.2550377208131377;0.0;0.8256756584455747
701837.0;0.0;0.41177224495357734;0.2582274494219806;0.0;0.8235444899071547
700515.0;0.0;0.41136791521705945;0.25962467315322324;0.0;0.8227358304341189
700419.0;0.0;0.4031512635869046;0.25972613569346475;0.0;0.8063025271738092
696019.0;0.0;0.4011705588780312;0.26437650212120123;0.0;0.8023411177560624
695142.0;0.0;0.3969229203749237;0.26530340470236596;0.0;0.7938458407498474
685232.0;0.0;0.3962360683158537;0.27577729817938157;0.0;0.7924721366317073
684365.0;0.0;0.3950759223318053;0.2766936317459378;0.0;0.7901518446636105
683157.0;0.0;0.39029738977382533;0.2779703687106436;0.0;0.7805947795476507
681809.0;0.0;0.3895673496009347;0.27939507187986834;0.0;0.7791346992018694
681217.0;0.0;0.38877682914807216;0.2800207575446911;0.0;0.7775536582961443
680354.0;0.0;0.3862341599540446;0.2809328635054039;0.0;0.7724683199080892
679446.0;0.0;0.3860094409334667;0.281892530031855;0.0;0.7720188818669333
679124.0;0.0;0.38567082872033925;0.2822328523022484;0.0;0.7713416574406785
673378.0;0.0;0.3806738217936418;0.288305808096288;0.0;0.7613476435872836
673278.0;0.0;0.37976666861002983;0.2884114982423729;0.0;0.7595333372200597
672251.0;0.0;0.3778980885954878;0.289496936042665;0.0;0.7557961771909756
671554.0;0.0;0.3774392373787259;0.29023359636087687;0.0;0.7548784747574518
666580.0;0.0;0.36996575796745335;0.2954906242271408;0.0;0.7399315159349067
660199.0;0.0;0.36535906186801215;0.30223471244881955;0.0;0.7307181237360243
659970.0;0.0;0.3640427828469887;0.302476742883354;0.0;0.7280855656939774
657101.0;0.0;0.3630078387537319;0.30550899317453034;0.0;0.7260156775074638
652359.0;0.0;0.35673872421798414;0.31052081990187724;0.0;0.7134774484359683
647872.0;0.0;0.35128791043639823;0.31526313675670764;0.0;0.7025758208727965
643992.0;0.0;0.3508802051553788;0.3193639144248025;0.0;0.7017604103107576
643838.0;0.0;0.34968708099530776;0.3195266772497733;0.0;0.6993741619906155
641101.0;0.0;0.34816065385153466;0.32241941654811757;0.0;0.6963213077030693
639587.0;0.0;0.3470967423999528;0.3240195653598432;0.0;0.6941934847999056
638193.0;0.0;0.34448911542364785;0.325492885996267;0.0;0.6889782308472957
635592.0;0.0;0.3441076335960423;0.3282418866959358;0.0;0.6882152671920846
633830.0;0.0;0.3377935995942206;0.33010414706995206;0.0;0.6755871991884412
625151.0;0.0;0.3341305429420526;0.3392769948486623;0.0;0.6682610858841052
624558.0;0.0;0.33007003200957225;0.33990373741494584;0.0;0.6601400640191445
619658.0;0.0;0.323361423372051;0.34508255457310694;0.0;0.646722846744102
613655.0;0.0;0.3232550267278981;0.3514271340425847;0.0;0.6465100534557962
613201.0;0.0;0.3198056069106651;0.3519069673058102;0.0;0.6396112138213302
611285.0;0.0;0.3180959297046432;0.3539319905047973;0.0;0.6361918594092864
609963.0;0.0;0.3179714519265032;0.3553292142360399;0.0;0.6359429038530064
608868.0;0.0;0.3156226764528939;0.35648652133566977;0.0;0.6312453529057878
606093.0;0.0;0.3154031998748595;0.35941942288952633;0.0;0.630806399749719
603326.0;0.0;0.3123268103668138;0.36234386923169604;0.0;0.6246536207336276
602597.0;0.0;0.3118748116875473;0.36311435039665513;0.0;0.6237496233750947
602560.0;0.0;0.3116391912831128;0.36315345575070657;0.0;0.6232783825662256
600852.0;0.0;0.3100750243131818;0.36495864344583695;0.0;0.6201500486263636
598013.0;0.0;0.3080259642861921;0.36795918669318783;0.0;0.6160519285723842
597439.0;0.0;0.3042199433859953;0.3685658481317153;0.0;0.6084398867719906
594978.0;0.0;0.3023350300669323;0.37116688262686515;0.0;0.6046700601338646
592819.0;0.0;0.29923018533384044;0.3734487328808386;0.0;0.5984603706676809
589537.0;0.0;0.2974223478816425;0.37691748347534565;0.0;0.594844695763285
586969.0;0.0;0.2946027974568499;0.3796316064268064;0.0;0.5892055949136998
584932.0;0.0;0.2944277450940266;0.3817845147025562;0.0;0.5888554901880532
584066.0;0.0;0.2908771259203802;0.38269979136765164;0.0;0.5817542518407604
580587.0;0.0;0.2907518078637683;0.386376751549946;0.0;0.5815036157275366
577124.0;0.0;0.28957665513145836;0.39003680130886675;0.0;0.5791533102629167
577090.0;0.0;0.2860935509948324;0.39007273595853564;0.0;0.5721871019896648
575622.0;0.0;0.2851094492257713;0.39162426730306227;0.0;0.5702188984515426
574327.0;0.0;0.2845587936320895;0.392992954694862;0.0;0.569117587264179
570662.0;0.0;0.28158058794836394;0.3968664985488743;0.0;0.5631611758967279
568674.0;0.0;0.2799124277147781;0.3989676186530425;0.0;0.5598248554295562
564910.0;0.0;0.2749129547408847;0.4029457957516789;0.0;0.5498259094817693
563504.0;0.0;0.27109145177892585;0.4044317992056329;0.0;0.5421829035578517
562354.0;0.0;0.27083823942268326;0.4056472358856094;0.0;0.5416764788453665
558519.0;0.0;0.2669335201030578;0.40970045298796615;0.0;0.5338670402061156
555521.0;0.0;0.2666577271710891;0.412869043567592;0.0;0.5333154543421782
554171.0;0.0;0.26534642599804864;0.41429586053973844;0.0;0.5306928519960973
552632.0;0.0;0.26267570137580676;0.41592243188798533;0.0;0.5253514027516135
549966.0;0.0;0.2619332733893629;0.41874013118260933;0.0;0.5238665467787258
548532.0;0.0;0.2598594014741775;0.42025572787746707;0.0;0.519718802948355
547946.0;0.0;0.2594042818464383;0.4208750721335247;0.0;0.5188085636928766
542594.0;0.0;0.2588909021278759;0.42653160875198964;0.0;0.5177818042557518
542576.0;0.0;0.2588524575380547;0.4265506329782849;0.0;0.5177049150761094
541073.0;0.0;0.2547006163798106;0.42813915587394125;0.0;0.5094012327596212
538047.0;0.0;0.2519736990661005;0.4313373396944709;0.0;0.503947398132201
536419.0;0.0;0.2505192043301848;0.43305797527273343;0.0;0.5010384086603696
532475.0;0.0;0.24398142733910727;0.43722639463432267;0.0;0.48796285467821454
529068.0;0.0;0.24144627149019063;0.4408272579114359;0.0;0.48289254298038126
520715.0;0.0;0.23940340437475308;0.44965555581390926;0.0;0.47880680874950615
518854.0;0.0;0.23376049554057754;0.4516224494325496;0.0;0.4675209910811551
513592.0;0.0;0.22901781713571584;0.4571838649195381;0.0;0.4580356342714317
505433.0;0.0;0.22838192570161017;0.4658071239386067;0.0;0.45676385140322034
501617.0;0.0;0.22350787597717928;0.46984025991320727;0.0;0.44701575195435855
498296.0;0.0;0.22136075540924702;0.4733502296646874;0.0;0.44272151081849404
490686.0;0.0;0.21536805440350051;0.48139324978174985;0.0;0.43073610880700103
481176.0;0.0;0.2121762344371145;0.49144438267442575;0.0;0.424352468874229
476784.0;0.0;0.21169964999531982;0.4960862938904754;0.0;0.42339929999063963
470964.0;0.0;0.2099883874437987;0.5022374603926177;0.0;0.4199767748875974
469500.0;0.0;0.2091079627798505;0.503784764131301;0.0;0.418215925559701
466931.0;0.0;0.20808817444682315;0.5064999439842226;0.0;0.4161763488936463
465872.0;0.0;0.20783698243240128;0.5076192026312619;0.0;0.41567396486480257
464365.0;0.0;0.20652400711388488;0.5092119531327616;0.0;0.41304801422776977
459840.0;0.0;0.19951805432252162;0.5139944322431043;0.0;0.39903610864504324
449896.0;0.0;0.19738748351525653;0.5245042603697887;0.0;0.39477496703051307
446356.0;0.0;0.19443488087180283;0.5282456915411948;0.0;0.38886976174360566
444792.0;0.0;0.18847320742327386;0.529898685425963;0.0;0.37694641484654773
436188.0;0.0;0.18738958036544864;0.5389922655951095;0.0;0.3747791607308973
430140.0;0.0;0.18114089710884707;0.5453844056303254;0.0;0.36228179421769413
411693.0;0.0;0.17939776108335168;0.5648810668786106;0.0;0.35879552216670335
404935.0;0.0;0.17640890475197965;0.5720236069510295;0.0;0.3528178095039593
391419.0;0.0;0.175448062925449;0.5863086870958673;0.0;0.350896125850898
378833.0;0.0;0.17395168408938766;0.5996108488821154;0.0;0.3479033681787753
374882.0;0.0;0.1736484850543719;0.6037866665539305;0.0;0.3472969701087438
372460.0;0.0;0.17265004572635909;0.6063464818921073;0.0;0.34530009145271817
368551.0;0.0;0.171440400830613;0.6104779097025668;0.0;0.342880801661226
365317.0;0.0;0.17142108942026577;0.6138959290269531;0.0;0.34284217884053153
358986.0;0.0;0.1678378262234446;0.6205871721755893;0.0;0.3356756524468892
346406.0;0.0;0.16651511059011637;0.6338829925530723;0.0;0.33303022118023273
339648.0;0.0;0.16266055607282276;0.6410255326254912;0.0;0.3253211121456455
336740.0;0.0;0.1616887301038908;0.6440990020736407;0.0;0.3233774602077816
323224.0;0.0;0.15854080964840944;0.6583840822184784;0.0;0.3170816192968189
305757.0;0.0;0.1561018030101764;0.6768449800351314;0.0;0.3122036060203528
292241.0;0.0;0.154500793120741;0.6911300601799691;0.0;0.309001586241482
278725.0;0.0;0.15339557334898482;0.705415140324807;0.0;0.30679114669796964
