720739.0;4545684.075099999;0.14544458429268883;0.0047529554075569505;0.11400333795665371;0.29088916858537767
720734.0;1.5359672463499991E7;0.1454387910141068;0.004759859758817202;0.38521241288009583;0.2908775820282136
720732.0;5805539.955100002;0.14543951406836442;0.004762621499321302;0.14559985308868212;0.29087902813672883
720730.0;5688919.401200001;0.14543846364122273;0.004765383239825402;0.14267507164780263;0.29087692728244546
720728.0;7375417.4262999995;0.14543679463579243;0.0047681449803295035;0.18497154477313185;0.29087358927158485
720725.0;5657415.000900003;0.14543749564758873;0.004772287591085654;0.14188495805099632;0.29087499129517747
720721.0;7229882.805200002;0.14543593701794869;0.004777811072093855;0.1813216139113415;0.29087187403589737
720717.0;5563987.9013;0.1454360698564763;0.004783334553102056;0.13954185610329337;0.2908721397129526
720709.0;6293013.608100001;0.14543588173133723;0.004794381515118458;0.1578254329331637;0.29087176346267446
720707.0;1.0325475842499997E7;0.14543573886889322;0.004797143255622558;0.25895744019779804;0.29087147773778643
720706.0;8881986.555599995;0.1454358563998732;0.004798524125874609;0.22275549692754343;0.2908717127997464
720691.0;5694220.700200001;0.14543598507145378;0.004819237179655362;0.14280802540603163;0.29087197014290755
720691.0;7729874.911299995;0.14543550991975265;0.004819237179655362;0.19386114989880945;0.2908710198395053
720687.0;5725403.0885000015;0.14543591233473854;0.004824760660663564;0.14359006311321268;0.2908718246694771
720686.0;4288901.872099998;0.14546622399296832;0.0048261415309156135;0.10756337693291734;0.29093244798593665
720682.0;1.1257463280499993E7;0.14543181318841117;0.004831665011923815;0.2823311892552118;0.29086362637682234
720669.0;4527058.232999999;0.14544283257161006;0.004849616325200467;0.11353621174713885;0.2908856651432201
720667.0;7629350.696099998;0.14543585032722836;0.004852378065704569;0.19134005606805957;0.2908717006544567
720664.0;5577073.332800001;0.1454358511268328;0.0048565206764607195;0.13987003176287668;0.2908717022536656
720664.0;5784721.546999998;0.14542804883248497;0.0048565206764607195;0.14507773849049768;0.29085609766496995
720649.0;6580417.899500001;0.14542760143046068;0.004877233730241473;0.1650333796407109;0.29085520286092137
720633.0;5609220.611500002;0.14542947641804332;0.0048993276542742764;0.14067626840789527;0.29085895283608665
720614.0;1.1711067334199997E7;0.14542413693283487;0.0049255641890632315;0.29370733757043144;0.29084827386566975
720602.0;7789083.895599997;0.145427036650181;0.004942134632087834;0.19534607972140713;0.290854073300362
720600.0;5239730.588000001;0.1454205248611072;0.004944896372591935;0.13140965521508205;0.2908410497222144
720540.0;5109763.811699999;0.14542181931897874;0.00502774858771495;0.12815015761760767;0.2908436386379575
720474.0;4394658.899599999;0.14546428618996526;0.005118886024350266;0.11021570691190041;0.29092857237993053
720457.0;5177489.0776;0.14541491737482642;0.00514236081863512;0.12984867125142907;0.29082983474965285
720224.0;4632582.030799997;0.14543710342294808;0.005464103587362828;0.11618269244934165;0.29087420684589615
720202.0;4962625.611899998;0.14543607727364877;0.005494482732907933;0.12446000985524605;0.29087215454729753
720178.0;5082236.748699999;0.14543063139789494;0.005527623618957139;0.12745979352404185;0.2908612627957899
720136.0;5658515.1513;0.14541473985858744;0.00558562016954325;0.14191254923766525;0.2908294797171749
719979.0;1.1239101569799995E7;0.14541121988001865;0.005802416799115138;0.28187068732067116;0.2908224397600373
719673.0;5445774.224100001;0.14540802919485665;0.006224963096242514;0.13657711997771171;0.2908160583897133
719629.0;4965349.5113;0.14542453674665584;0.006285721387332725;0.12452832380287814;0.2908490734933117
719622.0;7793609.825200002;0.14540462286565942;0.006295387479097077;0.19545958762763926;0.29080924573131883
719381.0;4199831.983799999;0.1454598962538847;0.006628177209841186;0.10532955152625335;0.2909197925077694
719173.0;7693193.436999999;0.14540450504918095;0.006915398222267637;0.19294119804067714;0.2908090100983619
719016.0;5724716.424200003;0.1454033297034671;0.0071321948518395266;0.1435728419379259;0.2908066594069342
718963.0;4915519.003299998;0.14542812081941295;0.0072053809751981895;0.12327860117582755;0.2908562416388259
718880.0;4172267.944699999;0.14762599160109618;0.00731999320611836;0.10463826009177359;0.29525198320219237
718634.0;7485358.374800001;0.1454015524647898;0.007659687288122721;0.18772880526463337;0.2908031049295796
718563.0;4167109.631300002;0.16216419902245396;0.0077577290760182886;0.10450889233631354;0.32432839804490793
718558.0;4420823.576900001;0.14545591633160854;0.00776463342727854;0.11087190309700228;0.2909118326632171
718462.0;1.0527321254799997E7;0.14539845311299843;0.007897196971475362;0.2640196157412955;0.29079690622599685
718216.0;4835467.054599997;0.14543057416912827;0.008236891053479724;0.12127094089610733;0.29086114833825655
718074.0;4032485.0224;0.1472316051354915;0.008432974629270859;0.1011325787755495;0.294463210270983
717453.0;5101218.753200004;0.14542259030507163;0.009290495055794063;0.12793585209704356;0.29084518061014325
717292.0;4754853.9255;0.14543587257358304;0.009512815166374153;0.11924920651054555;0.29087174514716607
717180.0;4733559.811899999;0.14543591331898895;0.00966747263460378;0.1187151614715324;0.2908718266379779
716987.0;3777479.4048999986;0.16542540055947363;0.009933980593249478;0.09473717357087559;0.33085080111894727
716877.0;3976510.496099999;0.1627351351285137;0.010085876320975004;0.09972876743861618;0.3254702702570274
716646.0;3913874.2276000013;0.15426489803550508;0.010404857349198613;0.09815788315185636;0.30852979607101017
716054.0;3801021.1256000013;0.15839278596534884;0.011222332538412358;0.09532758740006025;0.3167855719306977
715863.0;3715484.350900002;0.15487918553810281;0.011486078756553955;0.0931823706026013;0.30975837107620563
715529.0;5304441.9283;0.14540913385410262;0.011947289420738739;0.13303258119849115;0.29081826770820524
714914.0;5483395.1090999935;0.14540296992444832;0.01279652462574964;0.1375206317563626;0.29080593984889663
714241.0;7261309.432600005;0.1454027263259431;0.013725850305379456;0.18210977700519695;0.2908054526518862
713984.0;5092627.335900001;0.14540525134481325;0.01408073396015637;0.12772038392244164;0.2908105026896265
713861.0;5404494.899799994;0.14540355826358767;0.01425058100115855;0.13554185648798217;0.29080711652717534
713758.0;5321646.0522;0.1454036093238805;0.014392810637119726;0.13346405147201135;0.290807218647761
712897.0;4404908.4381;0.14544994441086773;0.015581739924134988;0.11047275988395273;0.29089988882173545
712736.0;3687863.9902999992;0.18801376160089356;0.01580406003471508;0.09248966665486875;0.3760275232017871
712333.0;3663897.801999999;0.1884748288241057;0.01636055074629133;0.09188860740412494;0.3769496576482114
711448.0;3605698.6537999995;0.18798078661824652;0.017582620919355797;0.09042900373360634;0.37596157323649304
711233.0;3501162.2783;0.20481330924942398;0.0178795080235466;0.08780728705730434;0.40962661849884796
710567.0;3374540.5046;0.20735430461784324;0.018799167611412065;0.08463168034524429;0.4147086092356865
708567.0;3588343.809299999;0.19280122603264446;0.021560908115512558;0.08999375346763284;0.3856024520652889
707265.0;3350576.6027999995;0.23991000027338596;0.02335880118368198;0.08403067843870388;0.47982000054677193
706496.0;3372136.5313999997;0.22830947073501098;0.02442069040750862;0.08457138997648338;0.45661894147002197
704437.0;3291171.4203000013;0.2643171063266218;0.02726390225648008;0.08254082806964252;0.5286342126532436
703809.0;3207515.7427999987;0.21573962489972248;0.028131088774767634;0.08044278818907388;0.43147924979944496
702586.0;3195615.4074000004;0.2828584433547274;0.029819893093025088;0.08014433410911811;0.5657168867094547
701856.0;3172102.1934000007;0.2633848962829974;0.030827928377021765;0.0795546352128018;0.5267697925659948
700842.0;3586224.4700000007;0.18850911144577523;0.03222813081260072;0.08994060156563728;0.37701822289155046
700573.0;3024711.9555;0.2909378507362842;0.032599584910402234;0.07585816646899547;0.5818757014725684
699080.0;3260198.0302000004;0.19729098904632866;0.034661224196713254;0.08176403192611467;0.3945819780926573
699042.0;3679703.808299999;0.1489404410351817;0.034713697266291164;0.09228501363214119;0.2978808820703634
698264.0;3530329.4946;0.1641864199439275;0.035788014322386257;0.08853878532294888;0.328372839887855
696991.0;3091864.0453;0.2824051878635684;0.03754586215324622;0.07754230515120174;0.5648103757271368
696497.0;3038949.9277000003;0.2821838013346856;0.03822801205775904;0.07621524723609616;0.5643676026693712
696485.0;3453894.6991;0.17970672141155605;0.03824458250078364;0.08662184132088634;0.3594134428231121
696153.0;3873019.9430999993;0.14894000533364415;0.038703031424464324;0.09713327943415771;0.2978800106672883
695030.0;2730930.0118999984;0.3248273649019575;0.04025374871751675;0.06849027163766433;0.649654729803915
694837.0;3138209.204800001;0.27012602625876697;0.04052025667616245;0.07870461709234063;0.5402520525175339
694806.0;3167041.520100001;0.26463923866719125;0.04056306365397601;0.07942771621909778;0.5292784773343825
694557.0;3010779.154;0.30714003103714754;0.04090690034673652;0.07550873922067695;0.6142800620742951
694346.0;2979546.1144999997;0.3205125866567087;0.04119826396991912;0.07472543120835018;0.6410251733134174
693811.0;2969793.458900001;0.2962790163773927;0.041937029554766005;0.07448083979505073;0.5925580327547854
693624.0;2641995.3805999984;0.3247955092651792;0.0421952522918994;0.0662598384045934;0.6495910185303584
693556.0;2892970.9952999996;0.3109657359122902;0.04228915146903882;0.07255417328330882;0.6219314718245804
693459.0;3043858.7361999997;0.27362704595203574;0.042423095883487694;0.0763383575414197;0.5472540919040715
693165.0;2956012.8485999997;0.2997588911182428;0.042829071737590464;0.074135229421051;0.5995177822364856
692080.0;2836191.839900001;0.32105052620247165;0.044327315961064984;0.07113018227667095;0.6421010524049433
691568.0;3017556.9388999995;0.2938197607667908;0.04503432153011471;0.07567872245967606;0.5876395215335816
691186.0;2733136.097;0.3228367318721685;0.045561813966397906;0.06854559907816866;0.645673463744337
690716.0;3009087.2057000003;0.2905261626728834;0.04621082298486152;0.0754663060575571;0.5810523253457668
690271.0;3128553.6360000004;0.26515438649266526;0.04682531024702388;0.07846246056432764;0.5303087729853305
690233.0;2997878.5622;0.2822985872398184;0.046877783316601786;0.07518519924242102;0.5645971744796368
690111.0;2651371.813100001;0.32402677378242545;0.04704624948735192;0.06649499434272402;0.6480535475648509
689816.0;2812246.5192000004;0.32015149577080426;0.047453606211706745;0.07052964637423198;0.6403029915416085
689595.0;2565939.7334000007;0.32790905066235093;0.04775877853740985;0.06435240324015941;0.6558181013247019
689251.0;2845916.1349000004;0.31406061022782994;0.04823379790411513;0.07137406242121239;0.6281212204556599
688962.0;2925326.8093000003;0.3066689018425564;0.04863286940695765;0.07336563988269487;0.6133378036851128
688819.0;2818227.6252;0.3111790487537489;0.04883033385300084;0.07067964933031236;0.6223580975074978
688706.0;2501210.229100001;0.3514273305364367;0.04898637219148252;0.06272902171329489;0.7028546610728734
688692.0;2742784.5389;0.3095898369910724;0.04900570437501122;0.0687875768673217;0.6191796739821448
688405.0;3346740.9447;0.18300004636898087;0.04940201413734964;0.08393448217441535;0.36600009273796175
688130.0;2677123.8243999993;0.3075168172981513;0.049781753456663455;0.06714084108411524;0.6150336345963026
687233.0;2953307.751100001;0.28127111514906067;0.05102039407275253;0.07406738701506696;0.5625422302981213
686676.0;2554268.1836999995;0.341486278021666;0.05178953880314452;0.06405968698382832;0.682972556043332
686562.0;2367987.7439000006;0.3579013198952437;0.05194695801187824;0.05938787266889131;0.7158026397904874
686498.0;2613872.901300001;0.3240044679722502;0.05203533370800946;0.06555454158703002;0.6480089359445004
685634.0;2579561.6136999996;0.3246945822339356;0.053228405605780876;0.06469403275021543;0.6493891644678712
685522.0;2821586.0672000004;0.29700796273419106;0.0533830630740105;0.07076387726872786;0.5940159254683821
684727.0;2397466.321200001;0.34673850573115056;0.05448085492439045;0.06012717970274834;0.6934770114623011
682537.0;2295397.1915999996;0.3883938517907424;0.05750496077638049;0.05756734024085734;0.7767877035814847
682279.0;3187980.9650000012;0.2333045749409021;0.057861225301409455;0.07995286635582544;0.4666091498818042
680320.0;2346670.1633999995;0.3662481458309098;0.06056635012517589;0.05885323909251231;0.7324962916618196
679679.0;2289406.3597;0.36890850450317647;0.061451487956740096;0.05741709336437987;0.7378170090063529
679406.0;2466834.351399999;0.34125334526893647;0.06182846553554981;0.0618668929911391;0.6825066905378729
679281.0;2276841.8491000007;0.3679283109618248;0.06200107431705609;0.0571019821237994;0.7358566219236496
679259.0;2169287.7044;0.37704501582885913;0.0620314534626012;0.05440458140164225;0.7540900316577183
679156.0;2426411.0693999995;0.3440941689381343;0.062173683098562374;0.06085309858681467;0.6881883378762687
678591.0;2174098.2661000006;0.372916563325375;0.06295387479097077;0.05452522772949652;0.74583312665075
677275.0;2913556.8237999994;0.2953527009081442;0.0647711000426689;0.07307045490887507;0.5907054018162884
676966.0;2528040.1668;0.3334977536044278;0.06519778895055242;0.06340190227525996;0.6669955072088556
676504.0;2120216.9190000007;0.3672164757249609;0.06583575100699963;0.05317391221316999;0.7344329514499218
674371.0;2096272.8129000007;0.38154336335911204;0.06878114725462281;0.05257340677225278;0.7630867267182241
674333.0;2508429.7705000006;0.33809689245470864;0.06883362032420072;0.06291008397026622;0.6761937849094173
674146.0;2267205.423600001;0.36505108175969603;0.06909184306133412;0.05686030569956473;0.7301021635193921
674077.0;2920274.166400001;0.2946140676751062;0.06918712310872559;0.07323892228715008;0.5892281353502123
673299.0;2104755.0335999997;0.37796927585222373;0.07026144016482068;0.05278613635422744;0.7559385517044475
672861.0;2077683.5686;0.4118289930560805;0.07086626133521869;0.0521071984160891;0.823657986112161
672764.0;2342814.6986000007;0.363750172587731;0.07100020574966756;0.05875654608672647;0.727500345175462
672645.0;2629172.2529;0.31940070341831006;0.07116452930966154;0.06593824118474877;0.6388014068366201
672441.0;2535966.4986;0.30808734091406986;0.07144622684107979;0.0636006904593975;0.6161746818281397
671716.0;1984736.8633999992;0.4006198213544026;0.07244735777381621;0.04977614450433215;0.8012396427088052
671579.0;2284479.767900001;0.361635008646029;0.0726365369983471;0.05729353706335439;0.723270017292058
670439.0;1956328.7140000002;0.41315547537674135;0.07421072908568438;0.04906368323265876;0.8263109507534827
670190.0;2757620.638100001;0.30365260303729563;0.0745545657784449;0.06915965834133371;0.6073052060745913
670036.0;1977447.8273;0.4010591331565019;0.07476721979726063;0.049593339357261255;0.8021182663130038
669690.0;1882679.2654;0.40503190087053537;0.07524500090447002;0.047216594248833524;0.8100638017410707
669170.0;2508054.9790000003;0.3381357855039031;0.07596305343553614;0.06290068439886357;0.6762715710078062
668797.0;2368567.1091999994;0.35776119588528216;0.07647811803955089;0.05940240284234924;0.7155223917705643
668184.0;2055978.0877;0.3647679777858035;0.07732459150405768;0.051562836504070404;0.729535955571607
667497.0;2033521.1204999995;0.3820401333052692;0.0782732493672162;0.05099962771549509;0.7640802666105384
666999.0;1994292.3232000007;0.39808009811007916;0.07896092275273724;0.0500157903518907;0.7961601962201583
665540.0;1959334.2846000004;0.3861004396030877;0.08097561245047855;0.04913906134411646;0.7722008792061754
664984.0;2392138.2561;0.3563899361185883;0.08174337631061848;0.059993554664972894;0.7127798722371766
664834.0;1830474.2293999998;0.42620146936352443;0.08195050684842602;0.04590731972297102;0.8524029387270489
663102.0;1833777.1606999994;0.4177600424766582;0.08434217412497705;0.04599015548256638;0.8355200849533164
661986.0;3118671.4684;0.27077335288833926;0.08588322532626512;0.0782146210589783;0.5415467057766785
661691.0;1760314.3560000006;0.43278236115779567;0.08629058205061994;0.044147747428444545;0.8655647223155913
660785.0;2937557.350600001;0.2854167934749809;0.08754165049897747;0.07367237535092824;0.5708335869499618
660672.0;1756926.6753;0.4241981289017398;0.08769768883745914;0.04406278619899023;0.8483962578034796
660617.0;1739636.2951999994;0.42303434472256307;0.0877736367013219;0.04362915266586881;0.8460686894451261
659841.0;2550585.8935;0.3025841391607831;0.0888451920169129;0.0639673371048685;0.6051682783215662
659738.0;3014764.7764;0.272235970436137;0.08898742165287407;0.07560869650981716;0.544471940872274
659112.0;1662615.2525999995;0.4274734619381151;0.08985184643065752;0.04169750589846594;0.8549469238762302
656735.0;1717131.0620999997;0.424334942262229;0.09313417501978097;0.04306473339420262;0.848669884524458
655832.0;1556074.1998000005;0.44688071256059037;0.09438110085738234;0.039025512982119516;0.8937614251211807
655554.0;1862719.7876;0.41151107612650345;0.09476498278745231;0.04671602116555745;0.8230221522530069
655038.0;2206300.330799999;0.35152331741671194;0.09547751183751023;0.05533283837824474;0.7030466348334239
654700.0;1799814.8297000001;0.4136351206659444;0.09594424598270322;0.04513839829160861;0.8272702413318888
653211.0;1570347.9070999995;0.43600398966939413;0.09800036178800604;0.0393834899665144;0.8720079793387883
652451.0;3090738.3710999996;0.2599079617960359;0.09904982317956422;0.07751407384120933;0.5198159235920718
652025.0;2445993.3217999996;0.31819638675357753;0.09963807390693763;0.06134421105777111;0.6363927735071551
651676.0;1487051.1237999995;0.44544597026484706;0.10011999762490317;0.03729445096152302;0.8908919405296941
651239.0;1657127.4103000006;0.4240381086519587;0.10072343792504912;0.041559873733528076;0.8480762173039174
649754.0;1798907.0209;0.4126660741155457;0.10277403024934374;0.04511563092992737;0.8253321482310914
649263.0;3175678.9614;0.24440160314154796;0.10345203754310041;0.07964433865113138;0.4888032062830959
648954.0;1442000.3733000006;0.45631677623723876;0.10387872645098394;0.03616460210938094;0.9126335524744775
648732.0;1794301.3717999996;0.4098474677559932;0.10418527964693909;0.045000123701052136;0.8196949355119864
648126.0;1510053.3005;0.4326024888891894;0.10502208701968155;0.037871333314265745;0.8652049777783788
647960.0;1958547.5860999997;0.4040019808614815;0.10525131148152188;0.049119331364319396;0.808003961722963
647786.0;3533076.6733;0.15719686654933424;0.10549158290537863;0.08860768310303857;0.31439373309866847
646880.0;1595266.8232999998;0.4310625172122972;0.10674265135373615;0.040008443126067106;0.8621250344245944
646821.0;1396042.5616999995;0.4524925764910612;0.10682412269860711;0.03501200464747574;0.9049851529821225
646663.0;1445861.0783000002;0.45239357606950975;0.10704230019843106;0.03626142653659462;0.9047871521390195
646134.0;1417512.4209000003;0.45183707402664175;0.10777278056176563;0.03555045729262698;0.9036741480532835
645990.0;1395429.6939000003;0.454898544013627;0.10797162587806088;0.03499663424914366;0.909797088027254
645747.0;2382249.0414000005;0.3443233948304409;0.10830717734930909;0.05974553842210517;0.6886467896608818
645348.0;1793786.0268000006;0.42086022666385964;0.10885814457987714;0.04498719912265458;0.8417204533277193
645246.0;1439607.5189999996;0.4452313598198898;0.10899899334558626;0.03610459059671592;0.8904627196397796
644672.0;1487770.6304999997;0.4396700180656507;0.1097916128702631;0.03731249580672718;0.8793400361313014
644238.0;2396515.4946999997;0.3325883098028037;0.1103909105596529;0.06010333348003973;0.6651766196056074
643199.0;1366835.4496;0.44480761958735177;0.1118256347515331;0.03427950581639477;0.8896152391747035
642930.0;1323310.6526000006;0.45915408431940496;0.11219708884933463;0.033187927066110304;0.9183081686388099
642362.0;1326143.7246;0.45605769271069596;0.11298142315249916;0.03325897900446226;0.9121153854213919
642200.0;2900424.627100001;0.29267407649559274;0.11320512413333131;0.07274110640295844;0.5853481529911855
641738.0;2906036.590699999;0.2732858123531595;0.11384308618977852;0.07288185146405839;0.546571624706319
639788.0;1285267.4470999995;0.45113546218682193;0.1165357831812765;0.03223382371402558;0.9022709243736439
639657.0;2422183.6403;0.3196771196961847;0.11671667718429508;0.06074707691429788;0.6393542393923694
639309.0;3021821.3046999997;0.23988897430234774;0.11719722003200857;0.07578567048497575;0.47977794860469547
636156.0;1226298.2469000008;0.47339120651756567;0.121551103936723;0.030754907549072757;0.9467824130351313
636122.0;1444825.8308999997;0.4398778769953841;0.12159805352529271;0.03623546308263233;0.8797557539907682
635414.0;3189074.5922000003;0.20285142211958682;0.12257570966374429;0.07998029394410924;0.40570284423917363
635215.0;1889754.3620999996;0.4024656853684714;0.12285050284390228;0.04739403390958432;0.8049313707369428
635165.0;1223970.0236999998;0.45736074085220807;0.1229195463565048;0.030696516950007115;0.9147214817044161
633780.0;2727643.0195;0.2371498278703271;0.12483205165559438;0.06840783561720029;0.4742996557406542
633063.0;3337650.5298999986;0.1920307319629012;0.12582213562631442;0.08370649940801778;0.3840614639258024
632570.0;1131542.8483999998;0.461680068752269;0.12650290466057518;0.028378492571713078;0.923360137504538
631477.0;2251521.178900001;0.3474959840680475;0.1280121958460661;0.05646695318769014;0.694991968136095
631088.0;3494674.8089000005;0.16613893040914085;0.12854935437411366;0.08764458477657548;0.3322778608182817
630441.0;1701468.3286999993;0.4072320436904267;0.12944277742719015;0.042671920374286375;0.8144640873808534
630225.0;1387012.149;0.4441602481637025;0.129741045401633;0.034785526701820564;0.888320496327405
629805.0;3520987.0205;0.15109383660646283;0.13032101090749412;0.08830448104342191;0.30218767321292567
628857.0;1912349.1444;0.3901437557089869;0.13163007590643774;0.047960699027539605;0.7802875114179738
626871.0;3421820.461400001;0.16136155999088328;0.13437248422700954;0.08581743650528449;0.32272311998176656
626544.0;3249118.9158999994;0.1924167866990854;0.13482402879942998;0.08148617363439527;0.3848335733981708
625935.0;1030274.5998000001;0.46243955974714135;0.13566497878292857;0.025838738779173014;0.9248791194942827
623432.0;1874304.1221999996;0.39646527889805017;0.13912129702381035;0.04700655011358552;0.7929305577961003
622687.0;1008519.2542000003;0.4836776678708767;0.1401500453615878;0.025293126287010102;0.9673553357417534
622665.0;2171003.8151000002;0.35208946717292167;0.1401804245071329;0.05444762054489789;0.7041789343458433
622510.0;3512036.9683000003;0.1594874339970388;0.14039445939620068;0.08808001849634887;0.3189748679940776
620779.0;3184817.0381;0.18651644479191562;0.14278474580249964;0.07987351675262121;0.37303288958383124
620239.0;2299388.5089000007;0.3366180205422793;0.14353041573860678;0.05766744035505946;0.6732360410845586
619786.0;3168661.858999999;0.19304867648138402;0.14415594996278555;0.07946835345656719;0.38609735296276804
619731.0;2301244.9729999998;0.2934686834621209;0.1442318978266483;0.05771399948690849;0.5869373669242418
619565.0;1410993.3452000003;0.437842750572277;0.14446112228848865;0.035386962342711055;0.875685501144554
617498.0;896935.1589;0.4756306108780997;0.1473153810994765;0.022494656548042696;0.9512612217561994
615914.0;1474641.0840000003;0.43669253207809944;0.1495026795787241;0.036983213766416424;0.8733850641561989
615355.0;3401667.6942000026;0.16469294538182674;0.15027458604962018;0.08531201582670102;0.3293858907636535
615275.0;3428837.6452999995;0.1588767869259049;0.15038505566978422;0.08599342374382525;0.3177535738518098
613708.0;2649183.9181999993;0.2746913195888278;0.15254887935474695;0.06644012310275713;0.5493826391776556
612954.0;887393.7298999998;0.4976264940323834;0.15359005552479282;0.022255362585482726;0.9952529880647668
612392.0;1357407.2310000001;0.4489281140904633;0.15436610460644506;0.034043051110430336;0.8978562281809266
612344.0;2908151.859299999;0.2351539121406738;0.15443238637854348;0.07293490127506391;0.4703078242813476
609391.0;3453330.193100002;0.15474048758832343;0.15851009623284787;0.08660768381076617;0.30948097517664686
609242.0;3069242.0319000008;0.22191971344471365;0.15871584590040336;0.0769749570917475;0.4438394268894273
608619.0;2106377.0192;0.36272554698959086;0.15957612806743066;0.05282681489005675;0.7254510939791817
607621.0;1993720.2885000005;0.3637053097755788;0.1609542365789768;0.050001444025980314;0.7274106195511576
607158.0;843348.9263999999;0.4972959835483215;0.16159357950567607;0.021150742348860926;0.994591967096643
606500.0;1905667.0300000003;0.3807201187274824;0.16250219213152514;0.047793115153776565;0.7614402374549648
605547.0;2679078.2744000005;0.26833134757908683;0.163818161481729;0.06718985765020043;0.5366626951581737
605093.0;887658.5603000001;0.49454214953823455;0.16444507657615984;0.02226200439100498;0.9890842990764691
604639.0;3044331.0313;0.23112920150730085;0.16507199167059064;0.07635020245123107;0.4622584030146017
604389.0;3291501.094;0.17827182873204225;0.1654172092336032;0.08254909611062722;0.3565436574640845
604145.0;1656763.0710000005;0.42605658764662857;0.16575414157510346;0.04155073629774007;0.8521131752932571
604082.0;2603388.7377000013;0.24557994270119765;0.16584113640098264;0.06529160434230799;0.4911598854023953
603429.0;877946.9108000001;0.4970674886614624;0.16674284467557143;0.02201844138887516;0.9941349773229248
603321.0;2913194.5483000004;0.2313672664963955;0.16689197866279287;0.07306136923209298;0.462734532992791
602883.0;3342102.919600002;0.1553462874318058;0.16749679983319088;0.08381816297268666;0.3106925748636116
602634.0;1448458.6139000005;0.4342025846699818;0.16784063652595138;0.03632657134735773;0.8684051693399636
602072.0;2725210.5198999997;0.24440255085256005;0.16861668560760362;0.06834682982150558;0.4888051017051201
602025.0;811324.4721000001;0.4948335143091499;0.16868158650944998;0.020347586074442547;0.9896670286182998
601954.0;1888487.7607000002;0.3838620359001278;0.16877962829734555;0.047362268220399836;0.7677240718002556
601297.0;2020415.5118;0.3582917971068528;0.16968686005294256;0.050670946022471616;0.7165835942137057
600995.0;876069.3570000001;0.4939138718513032;0.17010388286906175;0.021971353338571423;0.9878277437026064
600385.0;892532.131;0.49285792756715646;0.17094621372281238;0.022384230951053703;0.9857158551343129
599631.0;608591.4124;0.497769940676161;0.17198738989285828;0.01526314880644848;0.995539881352322
599538.0;2580529.3328000004;0.2776934844989878;0.17211581082629895;0.06471830263034388;0.5553869689979756
598958.0;2825621.786700001;0.2367768892917316;0.17291671557248808;0.07086509096648065;0.4735537785834632
598887.0;794206.3883999999;0.49371250506794895;0.17301475736038366;0.019918273643358457;0.9874250101358979
597842.0;1581930.3186999992;0.42883843849714265;0.17445776677377617;0.039673970686725644;0.8576768769942853
597827.0;2204822.8512999997;0.35080978368531274;0.17447847982755693;0.05529578397851531;0.7016195673706255
597799.0;2581470.263199999;0.2706400496949017;0.17451714419461434;0.0647419006641299;0.5412800993898034
597787.0;3069711.9451;0.1843180694560795;0.17453371463763892;0.0769867422647742;0.368636138912159
597760.0;675721.8857;0.4944077290159077;0.1745709981344443;0.016946745358336363;0.9888154580318154
597746.0;890393.3352;0.4929222569197243;0.174590330317973;0.022330591090390418;0.9858445138394486
597631.0;3206968.6442;0.17882817496312936;0.17474913039695877;0.08042906724728364;0.3576563499262587
597264.0;1926754.4344000004;0.3712408505292363;0.1752559097794612;0.04832197603603859;0.7424817010584726
597260.0;1379341.4079000002;0.43679424173412634;0.17526143326046942;0.034593148596445515;0.8735884834682527
597205.0;2270841.744;0.3199430659517214;0.17533738112433217;0.05695150268039994;0.6398861319034428
596949.0;639100.4343999999;0.4956504681201611;0.17569088390885704;0.016028298845107175;0.9913009362403222
596884.0;761026.5303;0.4919756858336445;0.1757806404752403;0.019086140456398056;0.983951371667289
596125.0;3271366.239700002;0.15605219588401356;0.17682872099654645;0.08204412467804473;0.3121043917680271
596102.0;700593.469;0.49252829841316087;0.1768604810123436;0.017570511433941737;0.9850565968263217
595313.0;680629.0667;0.49316515114146775;0.17794998764121125;0.017069814846825872;0.9863303022829355
594578.0;695745.5129000001;0.4915759548729811;0.17896492727646818;0.017448927274432112;0.9831519097459622
594300.0;524870.7712;0.49268895163120663;0.17934880920653815;0.01316347967084948;0.9853779032624133
594022.0;2552588.1629000003;0.2745672943184147;0.1797326911366081;0.06401755295606215;0.5491345886368294
593634.0;2534198.877300001;0.2716311557737026;0.1802684687944036;0.0635563594577014;0.5432623115474052
593167.0;488112.14240000007;0.4954216138872105;0.1809133352021111;0.012241592818909075;0.990843227774421
592808.0;2819586.7186;0.2302730212420219;0.18140906762259712;0.07071373466964413;0.4605460424840438
592652.0;1873265.3318999999;0.3999933933584964;0.18162448338191695;0.04698049780557633;0.7999867867169927
591532.0;1848151.9216999996;0.4041134084910762;0.18317105806421322;0.046350666839989105;0.8082268169821524
591065.0;612902.4174;0.49237030759080264;0.1838159244719207;0.015371266518068598;0.9847406151816053
590694.0;3005857.992599999;0.22739885298483326;0.18432822733543133;0.07538531911119405;0.4547977059696665
590143.0;2450348.9763000007;0.23612733029322147;0.18508908684431102;0.06145344855509435;0.47225466058644294
589007.0;771770.3238000001;0.4904829076135273;0.1866577554506401;0.019355589080869404;0.9809658152270546
588857.0;732625.3822999999;0.491301783556337;0.18686488598844764;0.01837385477611137;0.982603567112674
588706.0;863674.4812;0.4899438069197158;0.18707339739650722;0.021660496448516416;0.9798876138394316
588532.0;636278.9359;0.49235564280852273;0.18731366882036396;0.015957537163977232;0.9847112856170455
588305.0;550508.1069;0.4918166779766811;0.1876271263675794;0.013806450409208809;0.9836333559533622
588226.0;2193617.7467999994;0.33230291347329055;0.18773621511749133;0.05501476591961621;0.6646058269465811
588044.0;492010.62879999995;0.49266411154470846;0.1879875335033645;0.012339364783532206;0.9853282230894169
587705.0;547969.3914999999;0.4887111026415922;0.18845564851880953;0.01374278077776492;0.9774222052831844
587390.0;703793.7041000001;0.4879866932951589;0.18889062264820536;0.017650771627483238;0.9759733865903178
587242.0;537513.2476;0.49254743995939204;0.1890949914455088;0.013480546252210289;0.9850948799187841
586872.0;524142.2648;0.4903143624162457;0.18960591343876737;0.013145209117957845;0.9806287248324914
586794.0;570222.561;0.4881812801270215;0.1897136213184273;0.01430087842845997;0.976362560254043
586706.0;401506.8513;0.48925727812011544;0.18983513790060771;0.01006957819866944;0.9785145562402309
586316.0;391604.2566;0.492112003708749;0.1903736772989073;0.009821226392520872;0.984224007417498
586282.0;1888843.6950999994;0.3659398403330299;0.19042062688747702;0.047371194865767866;0.7318796806660598
586187.0;2229887.9040000006;0.3209567280173269;0.1905518095614218;0.05592440216373239;0.6419134560346538
585581.0;1765871.4046000002;0.38468380914688205;0.19138861693416426;0.04428711525056346;0.7693676182937641
585494.0;2947685.587200001;0.2182514375294002;0.19150875264609263;0.0739263861358703;0.4365028750588004
584588.0;409659.8468;0.486132121818127;0.19275982109445014;0.010274050987800772;0.972264243636254
584538.0;259473.43629999997;0.4888413212314537;0.19282886460705265;0.0065074557229612175;0.9776826424629074
584232.0;2834843.7681000005;0.2202380249967609;0.19325141090418002;0.07109637335320283;0.4404760499935218
583337.0;1668018.6914999993;0.3735353680162107;0.194487289779765;0.041833021271040806;0.7470707360324214
583149.0;258770.00360000003;0.48904421966278766;0.19474689338715045;0.006489814005124482;0.9780884393255753
582754.0;319268.87940000003;0.4863750786930593;0.1952923371367103;0.008007093620222522;0.9727501573861186
582666.0;0.0;0.4775200092166145;0.19541385371889072;0.0;0.955040018433229
582661.0;0.0;0.47520791179727645;0.19542075807015097;0.0;0.9504158235945529
581093.0;1524888.1504000006;0.4300003285747702;0.19758596262536576;0.03824338345649847;0.8600006571495404
580310.0;2151297.2896000003;0.35204410520842583;0.1986671840327211;0.053953391370716114;0.7040882104168517
580207.0;0.0;0.4748655632071729;0.19880941366868227;0.0;0.9497311264143458
579429.0;2300304.6151;0.30490173738928816;0.19988373072477736;0.057690415811117834;0.6098034747785763
579226.0;1212207.128000001;0.45546620749409833;0.20016404738594357;0.03040150978459905;0.9109324149881967
578688.0;1643594.3101;0.42653590868477903;0.20090695558154661;0.041220470781142306;0.8530718173695581
577899.0;1771686.2696999998;0.3398604918432843;0.20199646221041426;0.04443294897332454;0.6797209836865686
576625.0;2371061.6415;0.2896510335810357;0.20375569091152626;0.059464964385153876;0.5793020671620714
574888.0;0.0;0.47201285877540766;0.20615426253933755;0.0;0.9440257175508153
573987.0;0.0;0.4720100491081715;0.20739842663643482;0.0;0.944020098216343
573862.0;0.0;0.47128854619652016;0.20757103541794109;0.0;0.9425770923930403
573302.0;2206517.7365;0.3277036522558531;0.20834432275908923;0.05533829079752453;0.6554073045117061
573116.0;1597242.9762999995;0.3703992945320479;0.2086011646259706;0.04005800399184462;0.7407985890640958
572451.0;0.0;0.47060239887094824;0.209519443343584;0.0;0.9412047977418965
572333.0;2311368.967600001;0.25903727755900724;0.20968238603332592;0.05796790388474764;0.5180745551180145
572296.0;0.0;0.4705500978471288;0.2097334782326518;0.0;0.9411001956942576
572085.0;0.0;0.4696938293916744;0.2100248418558344;0.0;0.9393876587833488
571988.0;0.0;0.4695188402866938;0.21015878627028325;0.0;0.9390376805733875
570942.0;2654175.6849000007;0.23463626328293333;0.21160317655392782;0.06656531395559669;0.46927252656586665
570558.0;1567699.4815;0.42361134455328286;0.2121334307307151;0.039317068861628626;0.8472226891065657
570022.0;2000612.7021999995;0.3295696470866673;0.21287357718581404;0.05017430209429224;0.6591392941733346
569724.0;2091949.7163999998;0.32026502228092046;0.21328507652092502;0.05246498581224623;0.6405300445618409
568776.0;0.0;0.46643367892949594;0.21459414151986866;0.0;0.9328673578589919
568231.0;3263751.105299999;0.1628097361508688;0.21534671580723605;0.08185314115911864;0.3256194723017376
567983.0;2253134.4812999996;0.30423441161268877;0.2156891716297445;0.05650741395348352;0.6084688232253775
567951.0;1322300.2362999998;0.4485745629867283;0.2157333594778101;0.03316258636292398;0.8971491259734566
567382.0;2534836.7722000005;0.2284414937780543;0.2165190746512267;0.06357235752238517;0.4568829875561086
565899.0;2231213.105500001;0.2882301878402956;0.2185669052350172;0.05595763751224523;0.5764603756805912
565243.0;1588292.7614000007;0.4133272729915741;0.21947275612036218;0.03983353736434218;0.8266545459831482
565200.0;1512141.2708999997;0.3749944850634019;0.21953213354120032;0.03792369850093997;0.7499889701268038
563597.0;2233575.9101000004;0.28268273503308056;0.2217456685552369;0.056016895394422915;0.5653654700661611
563037.0;0.0;0.4638737201018588;0.222518955896385;0.0;0.9277474402037176
562693.0;1327353.1743;0.4343081869386227;0.2229939752630903;0.03328931135941978;0.8686163738772454
562495.0;0.0;0.463355814166474;0.22326738757299625;0.0;0.926711628332948
561332.0;1393841.4530000002;0.432584662801667;0.22487333967613068;0.03495680201243564;0.865169325603334
561193.0;1237562.0166;0.44527930422717044;0.22506528064116568;0.031037396899973514;0.8905586084543409
559091.0;0.0;0.4587914877355522;0.22796786991097528;0.0;0.9175829754711043
558880.0;2109117.0519999997;0.31450896626135233;0.2282592335341579;0.05289553345477658;0.6290179325227047
557636.0;1274832.9052000002;0.4356765362916992;0.2299770361277084;0.03197213095513707;0.8713530725833984
555144.0;0.0;0.4565660205556214;0.23341816479581762;0.0;0.9131320411112428
551465.0;2435004.8138999995;0.25886126518348457;0.23849838645311047;0.06106862512635428;0.5177225303669691
550860.0;0.0;0.45438005554658806;0.23933381295560088;0.0;0.9087601110931761
550826.0;1497315.9669;0.4258414984346998;0.2393807625441706;0.037551887764800125;0.8516829968693996
550331.0;0.0;0.45438005554658795;0.24006429331893547;0.0;0.9087601110931759
550276.0;0.0;0.45276786539122427;0.24014024118279823;0.0;0.9055357307824485
549826.0;1436629.4841000002;0.42767794084628175;0.24076163279622084;0.03602990306596317;0.8553558816925635
545979.0;0.0;0.4501846176861515;0.24607384065585813;0.0;0.900369235372303
545107.0;0.0;0.44752513733300703;0.24727795951564596;0.0;0.8950502746660141
542593.0;1427486.1775;0.41555717417410104;0.25074946732930026;0.03580059380136404;0.8311143483482021
541262.0;1459014.3791999999;0.41212282632316555;0.25258740563477916;0.03659130432461825;0.8242456526463311
540679.0;1393956.6653000002;0.4098486624671617;0.25339245299172447;0.034959691475618004;0.8196973249343233
540340.0;0.0;0.44518195700423063;0.2538605680071695;0.0;0.8903639140084613
538991.0;2182269.9319999996;0.3082774245140539;0.25572336197718526;0.05473016876232577;0.6165548490281078
538742.0;0.0;0.4409814203138146;0.25606719866994576;0.0;0.8819628406276292
538384.0;2132470.1579;0.3100788595068796;0.25656155022017973;0.053481216925134495;0.6201577190137592
535992.0;0.0;0.4360611064701952;0.25986459186308397;0.0;0.8721222129403904
531268.0;0.0;0.43407969553993414;0.26638782293376934;0.0;0.8681593910798683
529046.0;0.0;0.4320962597217472;0.26945611663382496;0.0;0.8641925194434944
528066.0;2108515.2251;0.2798711812727204;0.27080936948083423;0.0528804399563419;0.5597423625454409
525853.0;0.0;0.42234224232370315;0.2738652353486214;0.0;0.8446844846474063
519017.0;0.0;0.4202470123900943;0.2833048643916369;0.0;0.8404940247801886
518972.0;1686560.2665000004;0.36921728525112923;0.28336700355297917;0.04229803410652416;0.7384345705022585
518077.0;1438301.8799000003;0.408525211462983;0.28460288242856413;0.03607184586278644;0.817050422925966
517401.0;2034979.637;0.31818784294256625;0.2855363507189501;0.0510362065332743;0.6363756858851325
515369.0;0.0;0.41994771363912564;0.2883422790711162;0.0;0.8398954272782513
513978.0;0.0;0.4140521746098658;0.2902630695917181;0.0;0.8281043492197316
511639.0;0.0;0.4124119845653147;0.2934929251112636;0.0;0.8248239691306294
509952.0;0.0;0.40962922914430927;0.2958224532264724;0.0;0.8192584582886185
509195.0;0.0;0.40588860757625816;0.29686777200727443;0.0;0.8117772151525163
509094.0;0.0;0.40131841161807147;0.2970072399027315;0.0;0.8026368232361429
506508.0;1592340.6352000006;0.36101134844399907;0.30057817037453344;0.03993505588547194;0.7220226968879981
501018.0;0.0;0.3967733677616302;0.3081591480582893;0.0;0.7935467355232604
499917.0;0.0;0.39588829024001254;0.3096794862057966;0.0;0.7917765804800251
499234.0;0.0;0.38883042998930817;0.31062262058794693;0.0;0.7776608599786163
491779.0;0.0;0.38775074121853353;0.32091700831698156;0.0;0.7755014824370671
491086.0;0.0;0.37400335130604995;0.32187395140165237;0.0;0.7480067026120999
488172.0;1995152.4687999997;0.33030255123505403;0.3258978073161268;0.05003736234587633;0.6606051024701081
483319.0;2045337.0882999995;0.30283686064950244;0.3325991706493266;0.05129596590093283;0.6056737212990049
483051.0;1891431.1771;0.32141925034189117;0.3329692438768761;0.04743608753759226;0.6428385006837823
481244.0;0.0;0.36547880916932673;0.3354644764223309;0.0;0.7309576183386535
473597.0;0.0;0.35380367590093126;0.34602399123975913;0.0;0.7076073518018625
468884.0;0.0;0.3520559546025041;0.3525320327376719;0.0;0.7041119092050082
467609.0;2026882.7319000002;0.31469517621409004;0.354292642309036;0.050833140461530646;0.6293903524281801
464564.0;0.0;0.35072230678236366;0.358497392226529;0.0;0.7014446135647273
463159.0;0.0;0.35034565609105695;0.3604375149306596;0.0;0.7006913121821139
460678.0;0.0;0.34785363238011374;0.36386345402599624;0.0;0.6957072647602275
460242.0;0.0;0.34399642109873146;0.3644655134558902;0.0;0.6879928421974629
458298.0;1959508.9515000002;0.3107770775971453;0.36714992522587586;0.04914344189703249;0.6215541551942906
456514.0;0.0;0.34027241850625844;0.3696133977555335;0.0;0.6805448370125169
455158.0;1865631.3500000006;0.3346569246265848;0.37148585781731364;0.046789041601378624;0.6693138492531696
454468.0;0.0;0.3357215715947457;0.3724386582912283;0.0;0.6714431431894914
454165.0;0.0;0.3356056170089784;0.37285706197759955;0.0;0.6712112340179568
452232.0;0.0;0.3316485660945091;0.37552628417481265;0.0;0.6632971321890182
450459.0;0.0;0.3315418715448604;0.37797456713169775;0.0;0.6630837430897208
450020.0;1844315.4445;0.32600751951010537;0.3785807691723478;0.04625445003310841;0.6520150390202107
449013.0;0.0;0.3297035381227276;0.37997130551616237;0.0;0.6594070762454552
448465.0;0.0;0.3296962935521624;0.38072802241428594;0.0;0.6593925871043248
448405.0;0.0;0.327459581361953;0.38081087462940894;0.0;0.654919162723906
446640.0;0.0;0.32551759813487474;0.3832481106242776;0.0;0.6510351962697495
443816.0;0.0;0.32377969405431284;0.38714768821606754;0.0;0.6475593881086257
443478.0;2104683.4491000003;0.3018141281896255;0.38761442236126054;0.052784341053055815;0.603628256379251
443141.0;0.0;0.3209011279284464;0.38807977563620144;0.0;0.6418022558568928
441641.0;0.0;0.3192481841541099;0.3901510810142768;0.0;0.6384963683082198
438785.0;0.0;0.31564061825203105;0.39409484645413234;0.0;0.6312812365040621
435636.0;0.0;0.3120036464401074;0.3984432068778386;0.0;0.6240072928802148
432420.0;0.0;0.30948171205543124;0.40288408560843214;0.0;0.6189634241108625
429869.0;0.0;0.3034828702993079;0.4064066856214123;0.0;0.6069657405986159
429057.0;0.0;0.29698453801687763;0.40752795226607713;0.0;0.5939690760337553
424145.0;0.0;0.29551286711560504;0.41431078694414797;0.0;0.5910257342312101
422652.0;0.0;0.28959472685716237;0.41637242623045895;0.0;0.5791894537143247
419202.0;0.0;0.28809033523494715;0.4211364286000323;0.0;0.5761806704698943
418576.0;0.0;0.28648711915993197;0.4220008533778158;0.0;0.5729742383198639
417068.0;0.0;0.28216852917639;0.42408320571790753;0.0;0.56433705835278
414332.0;0.0;0.2818061085868525;0.427861266727517;0.0;0.563612217173705
413282.0;0.0;0.2774408156136488;0.42931118049216976;0.0;0.5548816312272976
411320.0;261822.3901;0.2756616854882775;0.43202044792669236;0.006566366234444591;0.551323370976555
409951.0;207380.1233;0.27307384246083366;0.43391085930174916;0.005200983150493652;0.5461476849216673
409658.0;0.0;0.2697677675476935;0.43431545428559987;0.0;0.539535535095387
405740.0;0.0;0.2697677675476934;0.43972570393313276;0.0;0.5395355350953868
404504.0;0.0;0.2621230978926681;0.44143245956466687;0.0;0.5242461957853362
401011.0;0.0;0.2612620260298865;0.44625583935507834;0.0;0.522524052059773
399210.0;0.0;0.2599998487178683;0.44874278667902084;0.0;0.5199996974357366
396382.0;0.0;0.2586493704616497;0.45264788775181897;0.0;0.5172987409232994
396170.0;0.0;0.258509730135944;0.4529406322452536;0.0;0.517019460271888
396133.0;158442.9551;0.25244355362134774;0.45299172444457947;0.003973665010302953;0.5048871072426955
395896.0;162814.78969999996;0.25098072610178584;0.45331899069431536;0.004083308295925134;0.5019614522035717
395177.0;0.0;0.25464456716174;0.4543118364055395;0.0;0.50928913432348
394792.0;0.0;0.25440816620040635;0.45484347145257886;0.0;0.5088163324008127
394179.0;0.0;0.2496316415027416;0.45568994491708564;0.0;0.4992632830054832
393471.0;428374.6411;0.24591101345242625;0.4566676010555372;0.010743408071162362;0.4918220269048525
390719.0;0.0;0.24845587351976614;0.4604677559891795;0.0;0.4969117470395323
389677.0;65903.4864;0.24184623533914865;0.4619066227918159;0.0016528243732854774;0.4836924706782973
389531.0;0.0;0.2424531343467497;0.4621082298486152;0.0;0.4849062686934994
386490.0;0.0;0.24155543799906704;0.4663074562851;0.0;0.48311087599813407
384902.0;0.0;0.2380391437616261;0.4685002782453558;0.0;0.4760782875232522
384116.0;0.0;0.23571643670629253;0.4695856422634673;0.0;0.47143287341258505
383312.0;0.0;0.23493081200050267;0.4706958619461157;0.0;0.46986162400100534
383241.0;0.0;0.2347807551645293;0.47079390373401125;0.0;0.4695615103290586
382919.0;121118.30960000001;0.23456256587451751;0.47123854395517145;0.0030375827606901303;0.46912513174903503
381202.0;0.0;0.23392377901841963;0.4736094981779417;0.0;0.46784755803683925
378800.0;0.0;0.2326575813438652;0.4769263485233664;0.0;0.4653151626877304
376483.0;0.0;0.2295376420605114;0.4801258248973668;0.0;0.4590752841210228
376374.0;0.0;0.22820871247484548;0.4802763397548403;0.0;0.45641742494969095
375622.0;410140.7923;0.227164735724569;0.4813147541843821;0.010286112845041483;0.454329471449138
373999.0;270355.44;0.2252952025035316;0.48355590660345965;0.006780370585710311;0.4505904050070632
370934.0;0.0;0.22729762834796796;0.48778827392599367;0.0;0.4545952566959359
370079.0;0.0;0.22359551377136425;0.4889689179914966;0.0;0.4471910275427285
369859.0;0.0;0.22190290771946608;0.4892727094469477;0.0;0.44380581543893216
368864.0;293837.4909;0.22140497766732065;0.49064667534773765;0.007369287928059747;0.4428099553346413
365598.0;0.0;0.21082222132870193;0.4951565975909338;0.0;0.42164444265740386
359945.0;0.0;0.20862844335906167;0.5029626571257738;0.0;0.41725688671812333
356112.0;0.0;0.2045619505737473;0.5082555328018824;0.0;0.4091239011474946
353921.0;0.0;0.20362567284688238;0.5112810195241245;0.0;0.40725134569376475
349657.0;0.0;0.2009816853681852;0.5171690502788667;0.0;0.4019633707363704
345001.0;0.0;0.1960881275662796;0.5235983821724127;0.0;0.3921762551325592
343633.0;0.0;0.19294728700694116;0.5254874126772174;0.0;0.38589457401388233
336875.0;0.0;0.18530531963109587;0.534819333840573;0.0;0.37061063926219173
327955.0;0.0;0.17962722096369363;0.5471366964888612;0.0;0.35925444192738726
327389.0;0.0;0.17834486640658784;0.5479182690515216;0.0;0.3566897328131757
316601.0;0.0;0.17006509993981406;0.5628150973306397;0.0;0.3401301998796281
313873.0;0.0;0.16876664626274665;0.5665821113782328;0.0;0.3375332925254933
308220.0;0.0;0.16503384784667527;0.5743881709130728;0.0;0.33006769569335054
306058.0;0.0;0.16458393258636012;0.5773736123980054;0.0;0.32916786517272023
301462.0;0.0;0.16012729984503318;0.5837200920764284;0.0;0.32025459969006637
294704.0;0.0;0.15544411505192085;0.593052013239784;0.0;0.3108882301038417
287946.0;0.0;0.15171749256360034;0.6023839344031395;0.0;0.3034349851272007
281188.0;0.0;0.1467193864233272;0.6117158555664951;0.0;0.2934387728466544
274430.0;0.0;0.14243557790928074;0.6210477767298507;0.0;0.2848711558185615
267672.0;0.0;0.13886491931471842;0.6303796978932062;0.0;0.27772983862943684
260914.0;0.0;0.1354196321938683;0.6397116190565618;0.0;0.2708392643877366
254156.0;0.0;0.13214382500300767;0.6490435402199174;0.0;0.26428765000601534
247398.0;0.0;0.12937095038391597;0.658375461383273;0.0;0.25874190076783193
238478.0;0.0;0.12422946200756661;0.6706928240315612;0.0;0.24845892401513323
231720.0;0.0;0.12323899614876488;0.6800247451949167;0.0;0.24647799229752976
224962.0;0.0;0.11933858064039203;0.6893566663582723;0.0;0.23867716128078406
211446.0;0.0;0.11331337856396283;0.7080205086849835;0.0;0.22662675712792565
204688.0;0.0;0.11137472376626596;0.717352429848339;0.0;0.22274944753253192
191172.0;0.0;0.1076935181961014;0.7360162721750502;0.0;0.2153870363922028
