720702.0;4668249.1551;0.14545178767620984;0.004804047606882809;0.11707720494918487;0.2909035753524197
720687.0;5725403.0885000015;0.14543591233473854;0.004824760660663564;0.14359006311321268;0.2908718246694771
720549.0;5564534.738099999;0.14543519144701697;0.005015320755446497;0.1395555704792789;0.29087038289403394
720479.0;5396854.845399999;0.14544325409782147;0.005111981673090015;0.13535024798871562;0.29088650819564293
720423.0;6433814.579900001;0.14543228473710065;0.005189310407204829;0.1613566463891687;0.2908645694742013
720383.0;6884069.459;0.14542890431645972;0.0052445452172868385;0.17264879918743375;0.29085780863291943
720057.0;6219761.727700003;0.14543287310261774;0.005694708919455219;0.15598831474825825;0.2908657462052355
720035.0;6723258.237000002;0.14542413340457241;0.005725088065000324;0.1686157393033755;0.29084826680914483
719826.0;7044939.351200001;0.14542278590907728;0.006013689947678826;0.17668333048889112;0.29084557181815457
719613.0;7201740.328900002;0.14541943918253283;0.0063078153113655284;0.18061581557965795;0.29083887836506567
719242.0;7436018.836800002;0.1454172749656191;0.006820118174876171;0.18649139590394975;0.2908345499312382
719221.0;6326026.6093000015;0.1454298356517729;0.006849116450169225;0.15865338143785257;0.2908596713035458
718889.0;4318130.5052;0.16215941497000186;0.007307565373849908;0.10829641549922754;0.3243188299400037
718794.0;7636761.195100003;0.14541579530579596;0.007438748047794681;0.19152590744003517;0.2908315906115919
718526.0;5853349.542900004;0.1454281748913931;0.007808821275344147;0.14679889211239872;0.2908563497827862
718472.0;7554181.078200002;0.14541618107650497;0.00788338826895486;0.1894548420470352;0.29083236215300995
718470.0;6075095.761600003;0.14542807524056972;0.007886150009458961;0.1523601692916778;0.29085615048113944
718140.0;7320958.321400001;0.1454127433757271;0.008341837192635542;0.1836057393985921;0.2908254867514542
717739.0;5225020.166599999;0.14543580575497914;0.008895566163707692;0.13104072567342392;0.29087161150995827
717432.0;5936890.044000006;0.14542715068641537;0.009319493331087118;0.1488940434301379;0.29085430137283075
717374.0;6590220.1762000015;0.14542637272355297;0.009399583805706033;0.16527921552479624;0.29085274544710593
717135.0;8521628.800399998;0.14540952275960248;0.00972961179594604;0.21371791616463864;0.29081904551920496
716469.0;4011096.5588;0.1701739278694996;0.010649271383811505;0.10059616748873769;0.3403478557389992
716272.0;4197557.167;0.16533300523337716;0.010921302823465404;0.10527250033128355;0.3306660104667543
716011.0;8386801.474399999;0.14540696160952463;0.011281709959250518;0.21033651856686747;0.29081392321904925
715897.0;8673566.593099998;0.14540559429882474;0.011439129167984247;0.21752843516318673;0.2908111885976495
715812.0;8840100.449500002;0.14540548120177385;0.011556503139408519;0.22170501567312392;0.2908109624035477
715098.0;7966605.421800001;0.1454059184181872;0.012542444499372394;0.19979822514365908;0.2908118368363744
715051.0;8199163.9964000005;0.14540531191441952;0.012607345401218757;0.20563067045592118;0.29081062382883904
714661.0;8101195.8493;0.1454057723333271;0.013145884799518353;0.20317368145309814;0.2908115446666542
713162.0;3870992.6138999998;0.19053844967825628;0.015215809307341673;0.09708243509651379;0.38107689935651257
709487.0;3777112.8466000003;0.2161767696767778;0.020290507483626333;0.09472798048374831;0.4323535393535556
708821.0;3552787.597;0.2105504831562715;0.021210167071491797;0.08910202258173618;0.421100966312543
706451.0;3671862.1805;0.21049732268474677;0.02448282956885088;0.09208834977925476;0.42099464536949355
699030.0;3308717.2404000005;0.2910710558067643;0.03473026770931577;0.08298086790205056;0.5821421116135286
698302.0;3451114.4979;0.2490680370190023;0.035735541252808346;0.08655211535406711;0.4981360740380046
696950.0;3223866.0711000008;0.300750468898246;0.037602477833580276;0.0808528457232298;0.601500937796492
694557.0;3010779.154;0.30714003103714754;0.04090690034673652;0.07550873922067695;0.6142800620742951
688962.0;2925326.8093000003;0.3066689018425564;0.04863286940695765;0.07336563988269487;0.6133378036851128
688231.0;3142345.3995000008;0.29910429162055663;0.04964228556120638;0.07880835065464901;0.5982085832411133
684934.0;2829224.7541000005;0.3186023340403849;0.05419501478221605;0.07095545147182218;0.6372046680807698
678681.0;2516091.975300001;0.3742689536453466;0.06282959646828624;0.06310224798977924;0.7485379072906932
678494.0;2722990.3369000005;0.3259557652678689;0.06308781920541964;0.06829114881317044;0.6519115305357378
666560.0;2633887.778500001;0.3306731759315904;0.07956712479338729;0.06605650405778142;0.6613463518631808
663395.0;2358473.9749000007;0.39016927093510845;0.08393757914112632;0.059149272404414144;0.7803385418702169
658548.0;2228243.8448;0.39448507347376477;0.09063065725281387;0.0558831700337599;0.7889701469475295
655806.0;2076629.3787999996;0.3937973388488239;0.09441700348393564;0.05208075989681359;0.7875946776976478
647960.0;1958547.5860999997;0.4040019808614815;0.10525131148152188;0.049119331364319396;0.808003961722963
643277.0;4477134.725100001;0.15314514821811537;0.1117179268718732;0.11228415673207934;0.30629029643623074
630350.0;4614784.905600001;0.15060472348398282;0.12956843662012674;0.11573635001873897;0.30120944696796564
630231.0;3267290.2333999993;0.28604238917030134;0.12973276018012073;0.08194190060878351;0.5720847783406027
628146.0;3962975.993900001;0.17548910141143112;0.13261187465564547;0.09938932932481645;0.35097820282286224
627419.0;3607426.2384;0.15959886970452417;0.133615767328886;0.09047233063616901;0.31919773940904833
622510.0;3512036.9683000003;0.1594874339970388;0.14039445939620068;0.08808001849634887;0.3189748679940776
620779.0;3184817.0381;0.18651644479191562;0.14278474580249964;0.07987351675262121;0.37303288958383124
616171.0;3709613.4463;0.155674807981539;0.1491477959239472;0.0930351314389974;0.311349615963078
616059.0;3858433.3011000003;0.1553019343099743;0.14930245339217682;0.09676745421399169;0.3106038686199486
615674.0;4085760.0393000003;0.15457865407844656;0.14983408843921617;0.10246868785307345;0.30915730815689313
609242.0;3069242.0319000008;0.22191971344471365;0.15871584590040336;0.0769749570917475;0.4438394268894273
605195.0;1771004.4499;0.4302574708447923;0.1643042278104507;0.04441584929552011;0.8605149416895846
602183.0;2757403.5602;0.307478665146466;0.16846340900962606;0.0691542141431035;0.614957330292932
588546.0;2557247.3539000005;0.2941766353270004;0.18729433663683526;0.06413440298730105;0.5883532706540008
584451.0;2425115.9333;0.35817567990383375;0.19294900031898102;0.06082061726253679;0.7163513598076675
583244.0;1258053.8314999996;0.4936659079615645;0.1946157107132057;0.03155132071447408;0.987331815923129
582060.0;1345008.5043000004;0.4936344632565519;0.19625066109163317;0.03373209764185231;0.9872689265131038
581526.0;1163869.7865;0.49440873625155485;0.196988045806228;0.029189234978891268;0.9888174725031097
581518.0;2336393.1317999996;0.323725446451128;0.1969990927682444;0.058595496608140424;0.647450892902256
581396.0;2169283.2831;0.3685339367161906;0.19716755893899454;0.05440447051779071;0.7370678734323812
581093.0;1524888.1504000006;0.4300003285747702;0.19758596262536576;0.03824338345649847;0.8600006571495404
579204.0;1061383.6919;0.4908238839918762;0.20019442653148867;0.026618938256657145;0.9816477679837524
578453.0;806959.3393;0.4910125874119676;0.2012314600907784;0.020238110866398498;0.9820251748239353
577462.0;508665.07759999996;0.49185402285088614;0.2025999025105602;0.012757049498013033;0.9837080457017723
574811.0;921461.0959;0.4909962379720461;0.2062605895487454;0.023109753998353976;0.9819924759440922
573857.0;654576.2857;0.49028965482367004;0.20757793976920136;0.016416424961390785;0.9805793096473401
573635.0;375340.32480000006;0.4905647627326058;0.20788449296515651;0.009413335636615542;0.9811295254652116
573216.0;0.0;0.476436652002444;0.20846307760076555;0.0;0.952873304004888
573105.0;2005379.4977000002;0.37432486724006436;0.20861635419874314;0.050293850789137444;0.7486497344801287
537311.0;2257821.5056000007;0.33912721711231836;0.2580432240006297;0.05662496202907703;0.6782544342246367
523340.0;1622407.1787;0.4027832851856433;0.27733536229202366;0.04068910879878257;0.8055665703712866
523215.0;1930805.9123000002;0.3940276594773943;0.27750797107353;0.04842358494607871;0.7880553189547886
495501.0;1366258.6040000003;0.4326755613243994;0.3157774092388505;0.03426503883567216;0.8653511226487988
495408.0;1271344.2714000002;0.43250971652307957;0.3159058301722912;0.031884637875649435;0.8650194330461591
483424.0;2860538.0992999994;0.24381337462414068;0.33245417927286136;0.07174077350837622;0.48762674924828137
473804.0;2746052.249;0.27217650901983875;0.3457381510975847;0.0688695292979614;0.5443530180396775
472154.0;2433310.097;0.29278622206575816;0.3480165870134676;0.06102612252821953;0.5855724441315163
469506.0;2589859.1602000003;0.29011831851491204;0.3516731314408967;0.06495228973736386;0.5802366370298241
464663.0;2328962.4476;0.29618869903141587;0.358360686071576;0.058409139002089;0.5923773980628317
459111.0;2121436.5792;0.31346777329248204;0.366027277710959;0.05320450064203473;0.6269355465849641
458850.0;2004763.065;0.33180093459956855;0.3663876848467441;0.050278390985010135;0.6636018691991371
455999.0;1855144.3155;0.36063150233201857;0.37032454593533937;0.046526032356012104;0.7212630046640371
447820.0;1688432.0521999996;0.3663461886422565;0.38161868372685837;0.04234497749594894;0.732692377284513
429152.0;1583371.9418999997;0.3601481074623354;0.40739676959213234;0.039710125829529354;0.7202962149246708
427430.0;1443110.5828;0.3649464252107856;0.4097746281661629;0.03619244557292572;0.7298928504215711
423125.0;0.0;0.4290606468652404;0.4157192746012392;0.0;0.8581212937304808
413527.0;1350016.3062;0.39590292607250366;0.42897286728041745;0.0338576906489759;0.7918058521450073
408771.0;1134267.0870000003;0.4103188629091729;0.43554028619916846;0.02844681502630064;0.8206377258183458
406769.0;1236387.9700000002;0.3960877172597354;0.438304788443773;0.031007952435926883;0.7921754345194708
309002.0;0.0;0.35713684085437886;0.5733083303759695;0.0;0.7142736817087577
150921.0;0.0;0.26960313188141105;0.7915976806903247;0.0;0.5392062637628221
45489.0;0.0;0.19155305417994697;0.9371855931044863;0.0;0.38310610835989395
