720739.0;9280994.305799993;0.14544458429268883;0.0047529554075569505;0.23276239900033513;0.29088916858537767
719053.0;1.2026419698600002E7;0.14543009179935207;0.007081102652513667;0.30161620707833553;0.29086018359870414
718412.0;9626037.411499996;0.14543658605168353;0.007966240484077876;0.24141589650232892;0.29087317210336705
718125.0;1.2681262532000003E7;0.14542197253182357;0.008362550246416297;0.3180393169142189;0.29084394506364714
717274.0;1.1527941387399996E7;0.14542674223108373;0.009537670830911057;0.28911463626150613;0.29085348446216747
717078.0;1.1568122178799998E7;0.14542668767693773;0.009808321400312904;0.2901223491306059;0.29085337535387545
715568.0;9162288.800999993;0.151672610252116;0.011893435480908779;0.22978532810023483;0.303345220504232
710607.0;6049777.6175;0.2256061240127687;0.018743932801330056;0.1517252037088124;0.4512122480255374
708629.0;7739627.2473;0.216547400061055;0.021475294159885444;0.19410573329671113;0.43309480012211
707894.0;7227908.188200002;0.22149622171864622;0.022490233795142374;0.18127209156762666;0.44299244343729244
707890.0;5448559.044899998;0.21198438842325418;0.022495757276150576;0.13664696180164088;0.42396877684650836
705586.0;6963502.9171;0.1924936777551688;0.025677282336874344;0.1746409480519896;0.3849873555103376
703275.0;4958324.541700001;0.24797088344908835;0.028868473489362466;0.12435214130312394;0.4959417668981767
703255.0;5160870.639799999;0.23035611485969956;0.02889609089440347;0.12943188967366764;0.4607122297193991
699510.0;4810894.9583;0.23387032792548215;0.034067449988331645;0.12065468579511238;0.4677406558509643
696988.0;3936665.9468000033;0.3097330665223555;0.037550004764002366;0.09872948734247838;0.619466133044711
693162.0;3413147.6416000007;0.3497954964521599;0.04283321434834662;0.0855999267992949;0.6995909929043198
690100.0;3515723.927300001;0.3241182651918106;0.04706143906012447;0.08817248546632857;0.6482365303836212
686463.0;7958900.001399999;0.16437069112070518;0.05208366416683122;0.19960497729989196;0.32874138224141036
686309.0;4159454.4663000014;0.25547895755255;0.05229631818564696;0.1043169048712388;0.5109579151051
680899.0;7295580.988899998;0.18207093061214644;0.0597668262492388;0.18296928940214738;0.3641418612242929
674982.0;4463711.0925;0.24037146978548268;0.06793743553062011;0.11194749916885653;0.48074293957096537
674272.0;8656496.647700002;0.16191422123987992;0.06891785340957578;0.21710033001505355;0.32382844247975984
673330.0;5301272.7848000005;0.2090478642280487;0.07021863318700712;0.1329531007657346;0.4180957284560974
672295.0;8897574.232799998;0.1471338644949599;0.07164783389787913;0.22314642757789926;0.2942677289899198
665855.0;2733983.263200001;0.3672105583537433;0.08054063832108271;0.06856684555570836;0.7344211167074866
664707.0;3843490.9619000023;0.3033130497118617;0.08212587737043639;0.09639270829730745;0.6066260994237234
658684.0;3720633.367300002;0.29691323521591717;0.09044285889853504;0.09331150519424815;0.5938264704318343
650770.0;8405215.936699998;0.1490050831065602;0.10137106607326068;0.2107983434834683;0.2980101662131204
649683.0;5444907.010500001;0.20449920487688647;0.1028720720372393;0.13655537072204676;0.40899840975377294
648830.0;4547203.232800001;0.22798661273332868;0.10404995436223817;0.11404143762346326;0.45597322546665736
644354.0;7085940.508299998;0.17494165040646933;0.11023072961041508;0.17771161769325033;0.34988330081293867
643856.0;6719060.715000001;0.17644445955398164;0.1109184029959361;0.16851046768501385;0.3528889191079633
642759.0;1985222.3971000002;0.4413105948829313;0.11243321766243522;0.04978832143118761;0.8826211897658626
642358.0;1863453.5777000007;0.44808726628524187;0.11298694663350736;0.046734424230833786;0.8961745325704837
639701.0;5587399.1313;0.18367803745902223;0.11665591889320488;0.14012899729515285;0.36735607491804445
636893.0;1938077.8211000005;0.435271027189775;0.12053340256096197;0.048605960549578636;0.87054205437955
635971.0;8250785.8951;0.1507338173933594;0.12180656493335229;0.2069253202085727;0.3014676347867188
631418.0;1722887.1714000006;0.45219681029314696;0.12809366719093707;0.04320909355276226;0.9043936205862939
628385.0;1654674.9753000003;0.4634220851172691;0.13228184666540546;0.0414983679686085;0.9268441702345382
626676.0;2284348.3793000006;0.4024293813191471;0.13464175392615935;0.057290241907175035;0.8048587626382941
625108.0;2406386.6779000005;0.37274657238323694;0.13680695848137414;0.060350897502481606;0.7454931447664739
623493.0;2152431.802800001;0.41568721216169596;0.1390370639384353;0.05398184435812553;0.8313744243233919
620616.0;1479161.5184000002;0.470414069187178;0.14300982765358383;0.0370965838559563;0.940828138374356
617413.0;1911369.6670000001;0.42859366153311734;0.14743275507090078;0.04793613425550347;0.8571873230662347
616430.0;1459653.8347000005;0.4804109385833137;0.14879015052866618;0.036607341528319695;0.9608218771666274
614958.0;6245077.0041;0.1582477374503112;0.15082279153968414;0.15662320841073332;0.3164954749006224
611705.0;2370677.856500001;0.3965502017346817;0.1553147624696036;0.05945533926155648;0.7931004034693634
610292.0;2903476.1509999996;0.31159207084239954;0.1572659321357506;0.07281763699872948;0.6231841416847991
607291.0;1384524.8313;0.48889639550769604;0.16140992376215338;0.034723146097345226;0.9777927910153921
604391.0;1430360.111;0.48696804852710746;0.1654144474930991;0.03587267052439461;0.9739360970542149
602490.0;2126936.753200001;0.4217765421221315;0.16803948184224662;0.05334244207944726;0.843553084244263
595017.0;1190387.8721;0.4952981089950181;0.1783587252358181;0.029854294456117206;0.9905962179900362
588133.0;904524.3072999999;0.49367196517002704;0.187864636050932;0.02268498835191522;0.9873439303400541
587065.0;1024420.8197000001;0.491343194767027;0.18933940548012168;0.025691929088917636;0.982686389534054
585307.0;677000.1257;0.49310305681019706;0.191766975383226;0.016978802937416253;0.9862061136203941
581171.0;0.0;0.47697074527715727;0.19747825474570585;0.0;0.9539414905543145
576395.0;2612638.0288999993;0.36138385930968986;0.20407329106949781;0.06552357164428325;0.7227677186193797
575344.0;3160816.5142999995;0.2716823666979981;0.20552458570440263;0.07927159638580644;0.5433647333959962
572820.0;2684568.8450000016;0.3335581569706018;0.20900990222057744;0.06732755823945068;0.6671163139412036
570170.0;5894077.1174;0.1719152520378328;0.2126692083885106;0.1478203180107165;0.3438305040756656
569442.0;3313264.1558;0.26307055149514946;0.2136744819320032;0.08309490212098053;0.5261411029902989
566059.0;3680045.368500001;0.26028563372073676;0.21834596599468917;0.09229357978022143;0.5205712674414735
564977.0;5752143.556899999;0.1785230835113798;0.21984006760740754;0.14426069983273812;0.3570461670227596
553515.0;0.0;0.46529668367907034;0.23566760243640747;0.0;0.9305933673581407
539047.0;0.0;0.45553300111259126;0.25564603324307045;0.0;0.9110660022251825
529559.0;2599507.6169000007;0.352662577403546;0.2687477301945232;0.06519426789769303;0.705325154807092
524431.0;3022634.822700001;0.3082235776974463;0.27582883284703685;0.07580607308356284;0.6164471553948926
522894.0;3131135.0764;0.28445614988551804;0.2779512304244381;0.0785272017160386;0.5689122997710361
515659.0;2751546.5876;0.3209013971990864;0.28794182669802165;0.06900732438664678;0.6418027943981728
509473.0;2613823.7654000004;0.3275606054387013;0.29648389007720444;0.065553309284802;0.6551212108774026
503418.0;0.0;0.40980613559478696;0.3048450594533687;0.0;0.8196122711895739
496536.0;0.0;0.40606914135783456;0.3143482085279785;0.0;0.8121382827156691
487996.0;0.0;0.3857002849758843;0.32614084048048764;0.0;0.7714005699517686
478253.0;0.0;0.3757900928367476;0.3395946593462132;0.0;0.7515801856734952
477192.0;0.0;0.3709984426896743;0.34105976268363847;0.0;0.7419968853793486
466023.0;0.0;0.35649780192885955;0.35648270252878766;0.0;0.7129956038577191
454939.0;0.0;0.34312880857944267;0.3717882684025126;0.0;0.6862576171588853
452777.0;0.0;0.34293585926574505;0.37477370988744524;0.0;0.6858717185314901
441641.0;0.0;0.3192481841541099;0.3901510810142768;0.0;0.6384963683082198
438785.0;0.0;0.31564061825203105;0.39409484645413234;0.0;0.6312812365040621
427440.0;0.0;0.3105310584770007;0.4097608194636424;0.0;0.6210621169540014
412994.0;0.0;0.30448070785822307;0.42970887112476025;0.0;0.6089614157164461
411646.0;0.0;0.2813091724547897;0.431570284224524;0.0;0.5626183449095794
405696.0;0.0;0.2760436709738538;0.43978646222422296;0.0;0.5520873419477076
402656.0;0.0;0.2678348032603873;0.4439843077904557;0.0;0.5356696065207746
390757.0;0.0;0.2502617000213315;0.4604152829196016;0.0;0.500523400042663
384538.0;0.0;0.24303411682090273;0.46900291501710206;0.0;0.48606823364180546
372942.0;0.0;0.23657525708833718;0.48501548645987674;0.0;0.47315051417667436
361179.0;0.0;0.21897341382095303;0.5012586632347438;0.0;0.43794682764190607
350332.0;0.0;0.21070290564198088;0.5162369628587329;0.0;0.42140581128396176
343574.0;0.0;0.20697227471645935;0.5255688840220883;0.0;0.4139445494329187
336816.0;0.0;0.1986936053829061;0.5349008051854439;0.0;0.3973872107658122
324668.0;0.0;0.19262826848148024;0.5516756170073503;0.0;0.38525653696296047
304394.0;0.0;0.18019420464444877;0.5796713804974171;0.0;0.36038840928889754
290615.0;0.0;0.16689069151790192;0.5986983917004174;0.0;0.33378138303580385
273832.0;0.0;0.16257625982027782;0.6218735371405767;0.0;0.32515251964055564
263583.0;0.0;0.15455580776584854;0.6360260763538397;0.0;0.3091116155316971
254663.0;0.0;0.1509705104390888;0.6483434390021279;0.0;0.3019410208781776
241147.0;0.0;0.14342823115469727;0.667007281328839;0.0;0.28685646230939454
