720739.0;5457451.385600002;0.14544458429268883;0.0047529554075569505;0.1368699769750009;0.29088916858537767
720727.0;8061818.183599998;0.14543904840838542;0.004769525850581553;0.20218611054923089;0.29087809681677085
720638.0;9252470.570400001;0.1454355870117298;0.004892423303014025;0.2320470388932824;0.2908711740234596
720638.0;9334616.556700002;0.1454344002241547;0.004892423303014025;0.23410721652182462;0.2908688004483094
720628.0;1.08791239482E7;0.14543359655828347;0.004906232005534528;0.2728426401061947;0.29086719311656695
720619.0;1.0749444797500001E7;0.14543275259315225;0.00491865983780298;0.2695903560057299;0.2908655051863045
720612.0;5287810.6461000005;0.14544669639457572;0.004928325929567332;0.13261547749001196;0.29089339278915144
720536.0;6485538.3626000015;0.14544109069220065;0.0050332720687231505;0.16265385133833027;0.2908821813844013
720478.0;1.1856805855899993E7;0.14542450607456067;0.005113362543342065;0.2973623821507793;0.29084901214912134
720460.0;6273016.380300003;0.14544128412615623;0.005138218207878969;0.15732391309997354;0.29088256825231246
720395.0;9457961.909200002;0.14542970810496564;0.005227974774262236;0.23720065233349188;0.2908594162099313
720395.0;9574093.6782;0.14542851826189077;0.005227974774262236;0.2401131753091498;0.29085703652378153
720326.0;7239796.397700003;0.14544057007280192;0.005323254821653703;0.18157024153646242;0.29088114014560384
720287.0;7732525.455599998;0.14543506551678534;0.005377108761483662;0.19392762413956402;0.2908701310335707
720237.0;8960292.0847;0.14542677484819844;0.005446152274086175;0.2247193579329227;0.2908535496963969
720179.0;1.1140898504299998E7;0.14542019954116925;0.005526242748705089;0.27940780668937054;0.2908403990823385
720178.0;5082236.748699999;0.14543063139789494;0.005527623618957139;0.12745979352404185;0.2908612627957899
720080.0;1.1641082008399997E7;0.14541664368965815;0.005662948903658063;0.29195214283684046;0.2908332873793163
719686.0;1.1334475434799992E7;0.14541847616407494;0.006207011782965861;0.28426261310877987;0.2908369523281499
719265.0;1.0641563149899995E7;0.14540965645514345;0.006788358159079015;0.26688474168509685;0.2908193129102869
719148.0;9087283.966499997;0.1454223278250715;0.006949919978568894;0.22790424675920523;0.290844655650143
718829.0;7619278.0141;0.14542812513329556;0.007390417588972922;0.19108743856292634;0.2908562502665911
717674.0;8248044.6046;0.1454236805862099;0.008985322730090959;0.20685657010140604;0.2908473611724198
717538.0;1.0519879350399999E7;0.14541895083727377;0.009173121084369792;0.26383297673859807;0.29083790167454754
717437.0;7827444.5951000005;0.14542629750545003;0.009312588979826867;0.19630814565408117;0.29085259501090005
717057.0;7544001.393800002;0.14542366631586606;0.00983731967560596;0.18919954097864322;0.2908473326317321
716636.0;4590454.7639999995;0.1776235540167664;0.010418666051719115;0.11512616301288173;0.3552471080335328
716320.0;4205277.095399999;0.1920117307932969;0.010855021051366992;0.10546611202797121;0.3840234615865938
715823.0;4354597.4997999985;0.17853451074071597;0.011541313566635965;0.10921098832060333;0.35706902148143194
715618.0;7018865.259400002;0.1454254693182793;0.011824391968306267;0.17602940613993098;0.2908509386365586
715037.0;6880660.690700002;0.14542956326502177;0.01262667758474746;0.1725633090921917;0.29085912653004353
714735.0;6740117.597900004;0.1454269490391327;0.013043700400866633;0.16903856310429569;0.2908538980782654
714515.0;3796747.558;0.19420962713692738;0.013347491856317688;0.0952204085985126;0.38841925427385476
713934.0;3952303.697399999;0.1785283714179178;0.014149777472758883;0.09912167380706326;0.3570567428358356
713447.0;4792196.1517;0.1454903510579213;0.014822261285507352;0.12018572967476013;0.2909807021158426
712111.0;4082377.7914;0.17720674844791895;0.01666710394224648;0.10238386287535248;0.3544134968958379
710509.0;3591336.0564000006;0.20775636699755837;0.018879258086030977;0.09006879743279969;0.41551273399511673
710114.0;3480766.9114000006;0.2132011599241572;0.019424701835590825;0.08729578210732616;0.4264023198483144
706496.0;3372136.5313999997;0.22830947073501098;0.02442069040750862;0.08457138997648338;0.45661894147002197
698644.0;3250182.1063999995;0.24280108031821915;0.03526328362660716;0.0815128378864377;0.4856021606364383
695030.0;2730930.0118999984;0.3248273649019575;0.04025374871751675;0.06849027163766433;0.649654729803915
693624.0;2641995.3805999984;0.3247955092651792;0.0421952522918994;0.0662598384045934;0.6495910185303584
691202.0;3133500.005999999;0.3067378428600838;0.045539720042365096;0.07858651289208561;0.6134756857201676
682929.0;2538718.1812999994;0.35034196934736933;0.0569636596375768;0.06366970119741068;0.7006839386947387
679156.0;2426411.0693999995;0.3440941689381343;0.062173683098562374;0.06085309858681467;0.6881883378762687
675225.0;2313768.2114999993;0.37834257245837294;0.0676018840593719;0.05802807564518084;0.7566851449167459
672535.0;3016931.5094999997;0.31713951586024924;0.07131642503738707;0.07566303702309969;0.6342790317204985
667329.0;2198808.6672;0.41784972135019055;0.07850523556956066;0.05514495144128697;0.8356994427003811
653654.0;1947923.6349;0.4351823902432313;0.09738863626634778;0.04885288832096692;0.8703647804864626
652634.0;1858847.3321000002;0.4197386036421032;0.09879712392343903;0.046618902042055925;0.8394772072842064
652459.0;4649324.270999999;0.1690415328785636;0.09903877621754782;0.11660257892542288;0.3380830657571272
643420.0;1766759.0217999998;0.431660130892233;0.11152046242583001;0.04430937621766013;0.863320261784466
641643.0;4482984.214;0.154332607357943;0.11397426886372329;0.1124308588013219;0.308665214715886
637000.0;4058129.753800001;0.17572899345858356;0.12038564944399259;0.10177573499412979;0.3514579869171671
636106.0;4147544.157400001;0.15733707214949152;0.12162014744932552;0.10401820066120963;0.31467414429898305
635770.0;4307848.2958;0.1546144228201203;0.12208411985401439;0.10803854315838667;0.3092288456402406
635217.0;4774250.2921;0.15179259341574403;0.12284774110339819;0.11973565706454327;0.30358518683148805
633989.0;1692163.5942000002;0.45320501438767186;0.12454344977291588;0.0424385625838471;0.9064100287753437
631768.0;2951823.5679;0.31972847693452283;0.1276103626027195;0.07403016449010838;0.6394569538690457
629843.0;3662430.0021;0.170633011354929;0.1302685378379162;0.09185179576361324;0.341266022709858
617309.0;1369729.1057;0.49282353207915125;0.147576365577114;0.03435207717173943;0.9856470641583025
606585.0;3777459.3302;0.1580947324999599;0.16238481816010086;0.09473667010808089;0.3161894649999198
601123.0;2848234.2747000004;0.30240265145110357;0.1699271314767993;0.07143220013397114;0.6048053029022071
598579.0;1255226.5231;0.49157529793420895;0.17344006539801513;0.031480413324143454;0.9831505958684179
596163.0;961172.0712000001;0.49596546713405304;0.17677624792696853;0.024105684129643323;0.9919309342681061
593767.0;2348520.419399999;0.37673369902498255;0.18008481305088092;0.058899642528516524;0.7534673980499651
593757.0;1154412.6367;0.49300604229695605;0.18009862175340144;0.02895205469382441;0.9860120845939121
593042.0;2026210.0101999994;0.3679224926147056;0.18108594398361735;0.05081626895923332;0.7358449852294112
591880.0;1057825.2502000001;0.4923119806633267;0.18269051521649973;0.026529694432180582;0.9846239613266534
590218.0;843550.1774;0.49489127771834845;0.18498552157540726;0.021155789616860217;0.9897825554366969
587954.0;708780.9548;0.4932189070197173;0.18811181182604902;0.017775849221445626;0.9864378140394346
587867.0;3326552.0956;0.23023887703791138;0.1882319475379774;0.08342815658097813;0.46047775407582275
585752.0;623232.5086;0.49276902621365853;0.19115248812106367;0.015630339708976777;0.9855380524273171
582391.0;2682002.1808;0.2712208443980598;0.19579359303820454;0.06726318766697363;0.5424416887961196
581276.0;495896.2787;0.4934407714271244;0.19733326336924056;0.012436814815565328;0.9868815428542488
580870.0;367622.1469000001;0.4912544077500787;0.19789389669157295;0.009219767841536445;0.9825088155001575
580207.0;0.0;0.4748655632071729;0.19880941366868227;0.0;0.9497311264143458
577753.0;1918467.7718999998;0.37076946640136016;0.2021980692672136;0.04811415094966818;0.7415389328027203
577306.0;2413936.581499999;0.3198041678996465;0.20281531826988006;0.06054024506765129;0.639608335799293
574620.0;3458151.3068000004;0.21878824783626385;0.206524335766887;0.08672859477716593;0.4375764956725277
571739.0;3569702.4248999986;0.18066580188131454;0.21050262296304376;0.08952623746550364;0.36133160376262907
562295.0;1796640.1486000004;0.41564114548859604;0.2235435616234063;0.04505877897879046;0.8312822909771921
553582.0;2185075.6662;0.3232634460629106;0.2355750841295201;0.054800535083199514;0.6465268921258212
548754.0;2578323.8814;0.31937404172378026;0.2422419257064187;0.06466299108269839;0.6387480834475605
540483.0;2290303.100600001;0.2881980753652387;0.2536631035611263;0.057439583149018085;0.5763961507304775
539309.0;1717312.4062999994;0.39489367298513633;0.2552842452370333;0.04306928141024982;0.7897873459702727
510328.0;2091091.9343;0.35138155782543906;0.2953032460117015;0.05244347309358302;0.7027631156508781
499358.0;1453782.3667000001;0.4053891374737229;0.3104513926766927;0.03646008823494361;0.8107782749474458
489444.0;1851366.8847000003;0.35418419349169933;0.32414134035551884;0.04643129640142627;0.7083683869833987
488733.0;1548969.6479;0.3924336966810406;0.32512313910472657;0.03884733460062508;0.7848673933620812
482601.0;1331880.3477;0.4184879480286604;0.3335906354902987;0.033402850459493996;0.8369758960573208
465607.0;0.0;0.44265997861973877;0.35705714455364057;0.0;0.8853199572394775
465227.0;1982276.9032;0.3478929166741521;0.3575818752494197;0.04971445001140057;0.6957858333483042
464490.0;1761286.1941000002;0.36592575272557737;0.3585995766251807;0.04417212061090135;0.7318515054511547
459318.0;1181961.4165;0.4214801424065522;0.3657414375687846;0.02964296343317928;0.8429602848131044
457567.0;1639239.9638999999;0.3719737212881192;0.36815934138012457;0.04111126609528697;0.7439474425762383
455065.0;1073336.2687000004;0.4302263368853138;0.3716142787507543;0.026918702523128595;0.8604526737706276
358368.0;0.0;0.415587868656855;0.5051402895132571;0.0;0.83117573731371
249707.0;0.0;0.3581611030173664;0.6551870319712889;0.0;0.7163222060347328
56491.0;0.0;0.23643568948775848;0.9219932585914294;0.0;0.47287137897551695
