720739.0;5346671.925500001;0.14544458429268883;0.0047529554075569505;0.13409168705872285;0.29088916858537767
720627.0;5210574.931600001;0.14551236270844314;0.004907612875786578;0.13067844686557875;0.2910247254168863
720494.0;5433057.6252000015;0.1454270772995803;0.005091268619309261;0.1362581944434897;0.2908541545991606
720383.0;8578629.4658;0.14542491302983113;0.0052445452172868385;0.21514746252421657;0.29084982605966225
720127.0;8415481.307000004;0.14542240082665758;0.005598048001811701;0.21105579350864104;0.29084480165331517
719779.0;8031157.048600002;0.14542007526753967;0.006078590849525188;0.20141714559746787;0.29084015053507933
718946.0;7889052.330500001;0.14541960798057257;0.007228855769483043;0.19785323487795026;0.29083921596114515
718623.0;5678507.208400002;0.14542087058988118;0.007674876860895273;0.1424139393924507;0.29084174117976236
717841.0;7729994.9057;0.14541916155612453;0.008754717397998567;0.1938641592945155;0.29083832311224905
717322.0;5084563.2879;0.1990695100929984;0.009471389058812644;0.12751814188928348;0.3981390201859968
716235.0;7399965.3948;0.145410285620816;0.010972395022791263;0.18558719476174074;0.290820571241632
716219.0;4382413.620700001;0.17717282247343194;0.010994488946824067;0.10990860183250062;0.3543456449468639
715946.0;4932079.376800001;0.14543421545385227;0.011371466525633785;0.1236939265318396;0.29086843090770453
712902.0;3935230.6709000017;0.20880278716104475;0.015574835572874738;0.0986934913865814;0.4176055743220895
712786.0;3818416.613400001;0.2076222514043927;0.015735016522112566;0.09576385697837243;0.4152445028087854
712505.0;4186560.1926;0.17713200047202074;0.016123041062938687;0.10499670206455153;0.3542640009440415
712229.0;4010412.4235999994;0.1771447359781788;0.016504161252504552;0.1005790097419332;0.3542894719563576
711550.0;4805013.9429;0.16825259664816053;0.01744177215364667;0.12050719305802424;0.33650519329632106
709277.0;3711776.9546000008;0.220442136754699;0.02058049023655688;0.0930893910760118;0.440884273509398
709188.0;4569745.1472000005;0.16213654196017738;0.020703387688989355;0.11460677684261622;0.32427308392035475
707768.0;3614107.9437000006;0.23101506575568537;0.022664223446900705;0.09063990424992174;0.46203013151137073
698394.0;4462572.2033;0.17420791978479344;0.03560850118961972;0.11191893643369549;0.3484158395695869
694083.0;3065158.4055999997;0.3177611955357608;0.041561432846208335;0.07687254191694073;0.6355223910715216
689971.0;2792738.6119999997;0.3232436522673484;0.04723957132263895;0.07004039844133426;0.6464873045346968
689659.0;3492753.0181000005;0.256546829281494;0.04767040284127863;0.08759638728584916;0.513093658562988
685328.0;2899642.752;0.313440593824212;0.05365095190290825;0.07272149739146694;0.626881187648424
684925.0;2681704.9150999994;0.3250598495330043;0.0542074426144845;0.0672557324013854;0.6501196990660086
681463.0;3163594.017800001;0.30154171089298637;0.05898801542708246;0.07934125469574509;0.6030834217859727
680904.0;3240432.8117000014;0.29829582838758223;0.059759921897978546;0.08126833076272202;0.5965916567751645
679341.0;2596147.6617999994;0.34204336960289633;0.06191822210193308;0.06511000201153458;0.6840867392057927
677031.0;3355280.4786000014;0.25378670212141186;0.06510803238416915;0.08414864914095113;0.5075734042428237
676966.0;2528040.1668;0.3334977536044278;0.06519778895055242;0.06340190227525996;0.6669955072088556
673212.0;2404215.5019000005;0.3668164061232665;0.07038157587674905;0.060296445563631035;0.733632812246533
668142.0;2282112.1942;0.37051518323456045;0.07738258805464379;0.05723415957468619;0.7410303664691209
659797.0;2979251.2112000003;0.3096565216143988;0.0889059503080031;0.074718035190497;0.6193130432287977
659033.0;2226132.6341000004;0.4068216044228456;0.0899609351805695;0.05583022199272727;0.8136432088456912
657291.0;2015755.1947999992;0.4197598385871302;0.09236641115964103;0.050554067751751815;0.8395196771742603
656011.0;2146004.0351999993;0.4051997598339747;0.09413392508226534;0.05382063936677476;0.8103995196679494
654350.0;1845361.803699999;0.4214552928536382;0.09642755057092081;0.046280692165102354;0.8429105857072764
652444.0;1914983.524399999;0.417853992449642;0.09905948927132857;0.04802676787625068;0.835707984899284
647720.0;3960601.2492999984;0.14903930200225743;0.10558272034201395;0.09932977199379166;0.29807860400451486
642967.0;1742914.3325999996;0.4327909970334218;0.11214599665000877;0.04371136409969763;0.8655819940668436
640962.0;3751998.5963999988;0.1496359833501647;0.11491464150536951;0.09409812845140798;0.2992719667003294
632427.0;1564342.5031;0.4484612765755494;0.12670036910661836;0.039232877629522385;0.8969225531510988
627452.0;1670970.8657999998;0.43917644855760785;0.13357019861056835;0.04190706023170538;0.8783528971152157
627446.0;3674427.5067999987;0.15629524528242345;0.13357848383208065;0.09215268679791161;0.3125904905648469
622609.0;1470540.7403000002;0.45981148188432597;0.1402577532412477;0.036880379328112604;0.9196229637686519
622069.0;1365551.8479999998;0.48225667182008447;0.14100342317735484;0.03424731377123966;0.9645133436401689
617527.0;3573325.9337999998;0.22469971063916838;0.14727533586216707;0.08961711314073557;0.44939942127833676
613593.0;1256387.0415999996;0.4871341133894967;0.15270767943373273;0.03150951851064005;0.9742682267789934
610928.0;2672844.7009;0.2924035389867208;0.15638769865544663;0.06703352294355178;0.5848070779734416
604772.0;2865779.7822999996;0.27195131762069985;0.16488833592706795;0.07187223212904544;0.5439026352413997
595843.0;1153144.583;0.4932296638257349;0.1772181264076246;0.028920252581728645;0.9864593276514698
594171.0;2606441.3612;0.32526200726548943;0.17952694146905263;0.06536816251546196;0.6505240145309789
593811.0;2269167.7476;0.38032997213736425;0.18002405475979072;0.05690951974138031;0.7606599442747285
592488.0;3419331.5627;0.21139121360175606;0.1818509461032532;0.08575501625017035;0.4227824272035121
591924.0;2739999.2657999992;0.2892410223493752;0.18262975692540953;0.0687177236999491;0.5784820446987504
590739.0;3272007.6171999997;0.23537738743767556;0.18426608817408907;0.08206021008448346;0.4707547748753511
590441.0;1026025.3539000002;0.49319639945939187;0.18467758750920005;0.025732169952920398;0.9863927989187837
589587.0;2106075.6217999994;0.38732375336611097;0.18585685070445096;0.05281925600363089;0.7746475067322219
589077.0;927892.239;0.49349432468545307;0.18656109453299657;0.02327104364544868;0.9869886493709061
585274.0;600002.3574000001;0.4907569383904204;0.19181254410154366;0.015047739877073701;0.9815138767808408
585140.0;2519706.1739000003;0.26279622463955743;0.19199758071531842;0.06319289016764092;0.5255924492791149
584304.0;502910.96319999994;0.4915211507585279;0.1931519882460324;0.012612739370483983;0.9830423015170558
581228.0;1617798.5446999997;0.4290767402120979;0.19739954514133898;0.04057352671020353;0.8581534804241958
578513.0;705158.6646;0.48910842570244745;0.2011486078756554;0.01768500411056128;0.9782168514048949
577821.0;367767.2615999999;0.48889966290534265;0.20210417009007417;0.009223407241000472;0.9777993258106853
576758.0;0.0;0.4774040121686794;0.20357203516800357;0.0;0.9548080243373588
576625.0;2371061.6415;0.2896510335810357;0.20375569091152626;0.059464964385153876;0.5793020671620714
573145.0;1815357.7077000004;0.41700058797512957;0.20856111938866112;0.04552820540186497;0.8340011759502591
569241.0;2008219.9408;0.3614806180355374;0.21395203685266528;0.05036508759075543;0.7229612360710748
565400.0;1924243.6546000002;0.4146382806873943;0.2192559594907903;0.04825900701457886;0.8292765613747886
559754.0;3112838.9279;0.23874287616640974;0.22705235293386597;0.07806834404658985;0.4774857523328195
554284.0;1717515.7741000003;0.4147809392910239;0.23460571321258084;0.04307438176646683;0.8295618785820478
546959.0;1467578.3687999998;0.4382390358828644;0.2447205878088489;0.03680608462709771;0.8764780717657288
546942.0;2787705.033200001;0.24100202231827395;0.24474406260313375;0.06991415896327395;0.4820040446365479
545970.0;2175711.9955000007;0.33314518845968;0.2460862684881266;0.054565699204222745;0.66629037691936
544421.0;1311431.7662999998;0.44383296291071134;0.2482252365085524;0.03289001091816994;0.8876659258214227
544231.0;1548960.8657999998;0.39613688314328976;0.24848760185644198;0.03884711435022981;0.7922737662865795
541880.0;2983069.2146000005;0.2309089664607448;0.2517340278190121;0.07481378868430316;0.4618179329214896
530909.0;1235098.8336;0.4577391515794296;0.26688355535425534;0.030975621580932696;0.9154783031588593
530650.0;2333638.0778000006;0.32583178417426767;0.2672412007495364;0.058526401319717015;0.6516635683485353
513049.0;2122906.6058999994;0.3098268230441495;0.2915458980558728;0.05324136812950562;0.619653646088299
498646.0;0.0;0.4586461404007133;0.31143457229615246;0.0;0.9172922808014266
490131.0;1761598.6997999998;0.39062190301654615;0.32319268249236033;0.04417995808758073;0.7812438060330923
483319.0;2045337.0882999995;0.30283686064950244;0.3325991706493266;0.05129596590093283;0.6056737212990049
483051.0;1891431.1771;0.32141925034189117;0.3329692438768761;0.04743608753759226;0.6428385006837823
470021.0;1285318.7099000004;0.41130192990437103;0.3509619832610908;0.032235109357773926;0.8226038598087421
468278.0;1664654.6247999999;0.3607964146258836;0.35336884011041436;0.041748652268142096;0.7215928292517672
464558.0;1576996.2023999996;0.3700324180543229;0.3585056774480413;0.03955022567524375;0.7400648361086458
463829.0;1211185.133;0.41605765607383294;0.35951233186178594;0.03037587869377746;0.8321153121476659
459069.0;1459005.7919000003;0.3707502575376591;0.36608527426154513;0.03659108895970335;0.7415005150753182
457077.0;962398.4081000002;0.4333275621706671;0.3688359678036292;0.02413644000659158;0.8666551243413342
453543.0;1373660.9900000002;0.3839893380247883;0.3737159632743748;0.03445068673792437;0.7679786760495766
451296.0;1087693.3739;0.42773848047205243;0.37681877873073166;0.027278771082481522;0.8554769609441049
417999.0;0.0;0.41498717709512173;0.42279761551324874;0.0;0.8299743541902435
335275.0;0.0;0.37820756757278656;0.5370287262438534;0.0;0.7564151351455731
248467.0;0.0;0.34906170721091073;0.6568993110838313;0.0;0.6981234144218215
167424.0;0.0;0.2807168154694483;0.7688091789207394;0.0;0.5614336309388966
49573.0;0.0;0.19328941939910516;0.9315461189951131;0.0;0.3865788387982103
