720739.0;6336886.641599999;0.14544458429268883;0.0047529554075569505;0.15892574526958003;0.29088916858537767
720709.0;1.02349438038E7;0.14544369166205715;0.004794381515118458;0.25668694483707644;0.2908873833241143
720680.0;7303729.349400001;0.14543611220841593;0.004834426752427915;0.18317364594794494;0.29087222441683186
720252.0;1.16778857066E7;0.14543604138116262;0.005425439220305421;0.29287516000535263;0.29087208276232523
719998.0;6759454.684799997;0.14543588841007293;0.005776180264326184;0.1695235269549585;0.29087177682014587
719282.0;1.0530889186499996E7;0.14543066804366978;0.00676488336479416;0.2641090975699226;0.29086133608733955
719179.0;1.1883088283899995E7;0.14542380758859266;0.006907113000755336;0.2980215314607849;0.2908476151771853
718383.0;5976270.012700001;0.16369004554157784;0.008006285721387332;0.14988167209201958;0.3273800910831557
718267.0;1.0807712711899998E7;0.14542052332543398;0.008166466670625162;0.2710516842959556;0.29084104665086796
717837.0;1.1169248293199992E7;0.14541832553135858;0.008760240879006767;0.280118804310756;0.29083665106271717
717182.0;4541944.076599998;0.16992147906045343;0.00966471089409968;0.11390954078423504;0.33984295812090687
716839.0;6147257.535400001;0.1571392980529534;0.010138349390552914;0.15416994818307422;0.3142785961059068
715513.0;5379226.725699997;0.1624531020456845;0.011969383344771541;0.1349081441261291;0.324906204091369
711690.0;5208398.9662;0.1641223558469572;0.017248450318359636;0.13062387481112447;0.3282447116939144
708947.0;4057801.106599999;0.2317768713121609;0.021036177419733463;0.10176749269721884;0.4635537426243218
708471.0;4398150.2314;0.2227339181787594;0.021693471659709383;0.11030326765579253;0.4454678363575188
707886.0;5769069.8461000025;0.14640234276370148;0.022501280757158775;0.14468520215981143;0.29280468552740296
704179.0;3884114.281299999;0.22715785205777078;0.027620166781509043;0.09741151953318883;0.45431570411554156
704026.0;3793594.6292999983;0.2510622564711131;0.02783143993007273;0.09514133482431247;0.5021245129422262
703555.0;4977512.459399999;0.16861230082169906;0.0284818298187884;0.12483336406962015;0.3372246016433981
700526.0;4164926.4574;0.19352826139860044;0.032664485812248595;0.1044541394965147;0.3870565227972009
698516.0;5601660.3251;0.16229032110340683;0.035440035018869595;0.14048666044762592;0.32458064220681365
694587.0;3941395.7462999993;0.21237257492427034;0.04086547423917501;0.09884810819732814;0.42474514984854067
689453.0;3519069.1648000004;0.298299379090006;0.047954862113200984;0.08825638224290983;0.596598758180012
684342.0;3589583.2772999993;0.28158860430890537;0.055012489971429795;0.09002483866558238;0.5631772086178107
683498.0;3606219.2938000006;0.27322776081852285;0.056177944464160204;0.0904420611077866;0.5464555216370457
679762.0;3335145.9058;0.30074682413372084;0.061336875725819924;0.08364368476823877;0.6014936482674417
679213.0;2783027.003299999;0.38331302459719746;0.06209497349419551;0.06979683646244672;0.7666260491943949
674813.0;3039294.388999999;0.3415634603173258;0.0681708026032166;0.07622388614222073;0.6831269206346516
668791.0;2579949.320999999;0.3593850912704496;0.0764864032610632;0.06470375624300988;0.7187701825408992
664440.0;2121640.0841;0.42828991417935103;0.08249456972773381;0.053209604436646775;0.8565798283587021
663061.0;2716010.9246999994;0.35818934574445777;0.0843987898053111;0.06811610886876823;0.7163786914889155
658590.0;2002934.0170000002;0.41822028900096153;0.09057266070222776;0.05023251943436166;0.8364405780019231
657714.0;2608683.541999999;0.3496320400949715;0.09178230304302377;0.06542439521691659;0.699264080189943
654680.0;1996267.7671000005;0.42150432812328165;0.09597186338774423;0.05006533343381752;0.8430086562465633
654279.0;3207062.3820999996;0.28791484867631817;0.09652559235881637;0.08043141814393999;0.5758296973526363
651192.0;2835454.5986;0.3301503773435882;0.10078833882689549;0.07111169265713492;0.6603007546871764
646358.0;2287168.0064000003;0.40278562741701657;0.10746346562530638;0.05736095665458869;0.8055712548340331
644434.0;2813736.9686;0.33419791761342005;0.11012025999025106;0.07056702605215244;0.6683958352268401
640763.0;3173659.3425;0.2916141442382022;0.11518943468552752;0.07959368768370899;0.5832282884764044
638356.0;2947713.2937999987;0.32160982923220804;0.11851318938221246;0.07392708100265624;0.6432196584644161
631937.0;2406185.5964;0.3759250727623427;0.127376995530123;0.06034585448545213;0.7518501455246854
623166.0;1757860.8953000007;0.4655576395325631;0.1394886085108557;0.04408621593951473;0.9311152790651261
614776.0;2342999.0551000005;0.37280475288127146;0.15107410992555728;0.0587611696496549;0.7456095057625429
602548.0;1474243.6414000005;0.48798480942510225;0.16795939136762772;0.03697324611747788;0.9759696188502045
601461.0;993322.9697000001;0.4980373405137151;0.16946039733160634;0.024912011557319858;0.9960746810274302
599782.0;961687.9649;0.4980373405137151;0.1717788784847987;0.024118622469144955;0.9960746810274302
596707.0;1657320.7776000006;0.47857149405644545;0.1760250545098532;0.04156472328252609;0.9571429881128909
590725.0;1167436.3731999998;0.49524400197517093;0.18428542035761777;0.02927868307563408;0.9904880039503419
590275.0;2195465.3907000003;0.38968478915682797;0.1849068119710404;0.055061103845542296;0.7793695783136559
586906.0;1406372.3618000003;0.47993891098449715;0.18955896385019766;0.03527107053775083;0.9598778219689943
583642.0;719869.5349999999;0.49463234656065413;0.19406612435288967;0.018053944912900435;0.9892646931213083
579621.0;412271.14180000004;0.4914432753159709;0.19961860363638373;0.010339540876994837;0.9828865506319417
579592.0;0.0;0.47644430004305127;0.19965864887369317;0.0;0.9528886000861025
569717.0;2176838.0074000005;0.3925500018780908;0.21329474261268938;0.054593938983551464;0.7851000037561816
563897.0;1844543.7642000003;0.4611395479903623;0.2213314074796218;0.046260176169701114;0.9222790959807246
559112.0;0.0;0.4693624390014949;0.22793887163568224;0.0;0.9387248780029898
557098.0;1892068.8050000006;0.397963097854507;0.23071994432331144;0.047452078906058126;0.795926195709014
547164.0;0.0;0.4662639340610791;0.2444375094071786;0.0;0.9325278681221582
542437.0;0.0;0.45457462043495234;0.2509648830886201;0.0;0.9091492408699047
534943.0;0.0;0.4525785047071087;0.26131312475748464;0.0;0.9051570094142174
528860.0;0.0;0.4452381798943834;0.2697129585007063;0.0;0.8904763597887668
518942.0;0.0;0.44452309653392236;0.28340842966054064;0.0;0.8890461930678447
517576.0;0.0;0.4358451941420347;0.2852946984248413;0.0;0.8716903882840694
514930.0;0.0;0.4327937451621722;0.28894848111176624;0.0;0.8655874903243445
499314.0;0.0;0.41420522827481066;0.3105121509677829;0.0;0.8284104565496213
488843.0;0.0;0.40724954804405783;0.32497124337700106;0.0;0.8144990960881157
482633.0;0.0;0.40011203638380394;0.33354644764223307;0.0;0.8002240727676079
473936.0;0.0;0.3834761725777375;0.3455558762243141;0.0;0.766952345155475
464535.0;0.0;0.3667238081617592;0.3585374374638385;0.0;0.7334476163235184
450360.0;0.0;0.3649386866290467;0.37811127328665073;0.0;0.7298773732580934
448945.0;0.0;0.34027241850625856;0.3800652046933018;0.0;0.6805448370125171
434188.0;0.0;0.3200614169032971;0.4004427070028073;0.0;0.6401228338065942
433408.0;0.0;0.31334872361910077;0.4015197857994065;0.0;0.6266974472382015
409049.0;0.0;0.27914829975881755;0.43515640426909846;0.0;0.5582965995176351
404511.0;0.0;0.27052677984103096;0.4414227934729025;0.0;0.5410535596820619
393253.0;0.0;0.2658108647899148;0.45696863077048416;0.0;0.5316217295798296
385524.0;0.0;0.2577470833188946;0.46764137694858054;0.0;0.5154941666377892
379288.0;0.0;0.23848421220635588;0.4762524838403659;0.0;0.47696842441271176
372530.0;0.0;0.23333210913990168;0.48558440500372146;0.0;0.46666421827980337
357323.0;0.0;0.22267417172231663;0.5065832989266496;0.0;0.44534834344463325
350565.0;0.0;0.2164713346856073;0.5159152200900051;0.0;0.4329426693712146
341079.0;0.0;0.21211345816876637;0.5290141553009537;0.0;0.42422691633753273
330291.0;0.0;0.20693372800810794;0.5439109835800718;0.0;0.4138674560162159
323533.0;0.0;0.20292954572161323;0.5532429047434274;0.0;0.40585909144322646
320805.0;0.0;0.19942419106432266;0.5570099187910205;0.0;0.3988483821286453
311885.0;0.0;0.19575447386290645;0.5693272814393087;0.0;0.3915089477258129
294878.0;0.0;0.18858523332394042;0.5928117418159272;0.0;0.37717046664788084
291611.0;0.0;0.18623470706329034;0.5973230449293754;0.0;0.3724694141265807
281362.0;0.0;0.18150531091203978;0.6114755841426384;0.0;0.36301062182407956
267846.0;0.0;0.1767324199080652;0.6301394264693495;0.0;0.3534648398161304
258926.0;0.0;0.17174282838724048;0.6424567891176377;0.0;0.34348565677448095
245410.0;0.0;0.16738545561418383;0.6611206314443488;0.0;0.33477091122836766
238652.0;0.0;0.165646312608035;0.6704525526077044;0.0;0.33129262521607
218378.0;0.0;0.16172572589816414;0.6984483160977711;0.0;0.3234514517963283
211620.0;0.0;0.16053207467011096;0.7077802372611267;0.0;0.3210641493402219
198104.0;0.0;0.15628143032956293;0.7264440795878379;0.0;0.31256286065912586
184588.0;0.0;0.154004450191675;0.745107921914549;0.0;0.30800890038335
171072.0;0.0;0.15197759493402088;0.7637717642412601;0.0;0.30395518986804176
157556.0;0.0;0.15021098999448146;0.7824356065679713;0.0;0.3004219799889629
