720739.0;5053704.3785999995;0.14544458429268883;0.0047529554075569505;0.12674421686330722;0.29088916858537767
720334.0;5259356.254100001;0.14543998455912194;0.005312207859637301;0.13190185647853514;0.2908799691182439
718584.0;5647156.591000001;0.14542164444047026;0.007728730800725233;0.14162768258895223;0.2908432888809405
716706.0;5716405.2173000015;0.1454112145932429;0.010322005134075597;0.14336440129106295;0.2908224291864858
715128.0;5403742.177999999;0.14543510387340278;0.012501018391810887;0.13552297862574308;0.29087020774680555
711576.0;4152215.140299999;0.2187674048755269;0.017405869527093366;0.10413534642702632;0.4375348097510538
710039.0;4787170.5411;0.20161947702992306;0.019528267104494595;0.1200596900349161;0.4032389540598461
709441.0;4577177.945900001;0.1829684438423394;0.02035402751522064;0.11479318747920259;0.3659368876846788
706818.0;4931093.2163;0.14697607498155793;0.02397605018634844;0.12366919415121137;0.29395214996311586
706687.0;4860424.1543;0.14901346194967602;0.02415694418936702;0.12189685167752361;0.29802692389935204
705921.0;4718150.922099999;0.14848371040139238;0.025214690802437514;0.11832871471404022;0.29696742080278477
704695.0;4223120.6804;0.16021448062775653;0.026907637731451117;0.10591361964563789;0.32042896125551307
700410.0;4382810.4218;0.14621965250705526;0.032824666761486425;0.10991855339296047;0.29243930501411053
696757.0;3902134.2720000003;0.24578640918269362;0.03786898579222598;0.09786345131195037;0.49157281836538724
696619.0;3632430.8138999995;0.3116100629956134;0.03805954588700891;0.09109943208538848;0.6232201259912268
691886.0;3995567.411900001;0.18185107300986167;0.044595204789962734;0.10020670474716338;0.36370214601972334
691149.0;3458871.6668;0.32956460175667085;0.04561290616572376;0.08674666102268005;0.6591292035133417
690647.0;3631802.006500001;0.26436123560737496;0.046306103032252986;0.0910836619303695;0.5287224712147499
687024.0;3845396.446200001;0.192552419090633;0.05130899595543103;0.09644049682969003;0.385104838181266
685082.0;3748766.930100001;0.2054262776767548;0.053990645984912614;0.09401707998009431;0.4108525553535096
684925.0;3402302.002199999;0.3250468442594707;0.0542074426144845;0.08532792393384121;0.6500936885189414
684185.0;3741684.6784000006;0.21310067022003762;0.05522928660100168;0.09383946087575049;0.42620134044007524
680228.0;2956874.9624999994;0.35991732484639205;0.06069339018836451;0.07415685077895336;0.7198346496927841
680174.0;2790639.8012999995;0.3467250068618086;0.060767957181975224;0.06998776138570388;0.6934500137236173
679113.0;3597016.5108;0.2710266585116002;0.062233060519400536;0.0902112602067214;0.5420533170232004
677818.0;3491778.0596000007;0.2351579219279063;0.0640212874958056;0.08757193584542065;0.4703158438558126
675355.0;2992482.6330999997;0.3355170056343497;0.06742237092660537;0.07504987221163435;0.6710340112686994
666997.0;3335759.2199;0.2889115143251955;0.07896368449324133;0.0836590663595374;0.577823028650391
666950.0;2461808.4193000006;0.3967653473686784;0.0790285853950877;0.06174084528824617;0.7935306947373568
664975.0;2026172.1637999993;0.4170063210747807;0.08175580414288693;0.05081531979165845;0.8340126421495614
657830.0;3251644.4754;0.30043143867386884;0.09162212209378595;0.0815495133228671;0.6008628773477377
655695.0;2665554.7018999998;0.3762598635193966;0.09457028008191322;0.0668506936474612;0.7525197270387932
651072.0;3213053.3914;0.3004913822428381;0.10095404325714151;0.0805816694695151;0.6009827644856762
649780.0;2618548.6246;0.37162990110324745;0.10273812762279043;0.06567180623955647;0.7432598022064949
648729.0;1927613.9991999995;0.42295533621818315;0.10418942225769524;0.04834353346386926;0.8459106724363663
642495.0;2147689.8213999993;0.40414089371121587;0.11279776740897648;0.053862917987705324;0.8082817874224317
642239.0;2102831.3801999995;0.40060157603682894;0.11315127019350135;0.05273789215048417;0.8012031520736579
635950.0;3128831.353;0.2787536198355784;0.12183556320864536;0.07846942555892124;0.5575072396711568
631514.0;2387671.030799999;0.37789885509468735;0.12796110364674024;0.059881519031349736;0.7557977101893747
629338.0;1896148.4698999997;0.44510359070213007;0.1309658773152016;0.04755439473106061;0.8902071814042601
622918.0;1700903.2136999995;0.4511618089967602;0.13983106433336417;0.0426577475907702;0.9023236179935205
617403.0;1762344.0150999997;0.42827026586850714;0.14744656377342127;0.044198650198740766;0.8565405317370143
612147.0;2252605.061499999;0.38551716028763783;0.15470441781819738;0.056494136386590774;0.7710343205752757
608360.0;2163268.972699999;0.38264694853333586;0.15993377346271168;0.05425363481302553;0.7652938970666717
606424.0;2863345.9822;0.3339431576942193;0.16260713827068096;0.0718111937175027;0.6678863153884386
606199.0;2211909.911099999;0.36462993229996243;0.16291783407739224;0.055473523667448836;0.7292598645999249
605279.0;2540867.9245999996;0.3353654335292428;0.16418823470927849;0.06372361561554908;0.6707308670584856
604370.0;989200.5175999998;0.4875051834204474;0.16544344576839215;0.024808622652107367;0.9750103668408948
597875.0;799143.5105999999;0.4964118690637361;0.17441219805545852;0.020042094041212988;0.9928237381274722
597842.0;1581930.3186999992;0.42883843849714265;0.17445776677377617;0.039673970686725644;0.8576768769942853
595148.0;1167803.8296;0.4861328071261288;0.17817783123279954;0.029287898686631557;0.9722656142522575
592383.0;853373.6095999999;0.4953808663880513;0.18199593747971846;0.0214021560696292;0.9907617327761026
591708.0;744259.0092;0.493244374658028;0.18292802489985238;0.01866561994879622;0.986488749316056
588400.0;1345640.4257999996;0.48261054231915074;0.1874959436936346;0.03374794589684238;0.9652210846383015
585626.0;1809469.3060999995;0.41025610360665077;0.191326477772822;0.04538052742281082;0.8205122072133015
582323.0;567430.3200000001;0.4925718328565624;0.19588749221534396;0.01423085050986283;0.9851436657131248
582069.0;493677.8551000001;0.49303792498338567;0.1962382332593647;0.012381177932046043;0.9860758499667713
582041.0;0.0;0.4767138074583724;0.19627689762642211;0.0;0.9534276149167448
577156.0;1577625.1652999993;0.43227544676088797;0.20302244880768758;0.03956599973012003;0.8645508935217759
573862.0;0.0;0.47128854619652016;0.20757103541794109;0.0;0.9425770923930403
555144.0;0.0;0.4565660205556214;0.23341816479581762;0.0;0.9131320411112428
553296.0;1446791.0231999995;0.4397138648593626;0.23597001302160647;0.03628474905988576;0.8794277297187252
545107.0;0.0;0.44752513733300703;0.24727795951564596;0.0;0.8950502746660141
538742.0;0.0;0.4409814203138146;0.25606719866994576;0.0;0.8819628406276292
527060.0;0.0;0.43485801179097683;0.2721985249543968;0.0;0.8697160235819537
515806.0;0.0;0.4212250377275496;0.28773883877097023;0.0;0.8424500754550992
496663.0;0.0;0.39475333321882494;0.3141728380059681;0.0;0.7895066664376499
491779.0;0.0;0.38775074121853353;0.32091700831698156;0.0;0.7755014824370671
480263.0;0.0;0.3734942779398989;0.33681911013959215;0.0;0.7469885558797978
471989.0;0.0;0.36356312692412535;0.34824443060505594;0.0;0.7271262538482507
465874.0;0.0;0.3532019852842383;0.35668845219634315;0.0;0.7064039705684766
454856.0;0.0;0.34055629701720264;0.3719028806334328;0.0;0.6811125940344053
443141.0;0.0;0.3209011279284464;0.38807977563620144;0.0;0.6418022558568928
436383.0;0.0;0.31894897044453313;0.397411696799557;0.0;0.6378979408890663
429625.0;0.0;0.31479400082215836;0.4067436179629126;0.0;0.6295880016443167
427757.0;0.0;0.3079514678628984;0.4093230835937425;0.0;0.6159029357257968
415665.0;0.0;0.2944523406159169;0.42602056668153404;0.0;0.5889046812318338
412259.0;0.0;0.28699009289562527;0.4307238107600172;0.0;0.5739801857912505
398208.0;0.0;0.28439348874590636;0.4501264186715752;0.0;0.5687869774918127
396382.0;0.0;0.2586493704616497;0.45264788775181897;0.0;0.5172987409232994
389070.0;0.0;0.24829990296461427;0.46274481103481035;0.0;0.49659980592922853
375866.0;0.0;0.23490391630286755;0.48097782184288185;0.0;0.4698078326057351
367444.0;0.0;0.22905641882202568;0.492607511105649;0.0;0.45811283764405136
360686.0;0.0;0.226555766388372;0.5019394322690046;0.0;0.453111532776744
357958.0;0.0;0.21916508238916288;0.5057064463165977;0.0;0.43833016477832576
351200.0;0.0;0.21525684118434663;0.5150383674799532;0.0;0.43051368236869325
342017.0;0.0;0.20865773774295304;0.5277188990045306;0.0;0.4173154754859061
335259.0;0.0;0.20446441285984085;0.5370508201678862;0.0;0.4089288257196817
323582.0;0.0;0.19725398735380392;0.5531752421010769;0.0;0.39450797470760784
310066.0;0.0;0.18863179546329475;0.5718390844277881;0.0;0.3772635909265895
303308.0;0.0;0.1851244388590231;0.5811710055911437;0.0;0.3702488777180462
289792.0;0.0;0.17780377737775266;0.5998348479178548;0.0;0.3556075547555053
276276.0;0.0;0.1722432536389892;0.6184986902445659;0.0;0.3444865072779784
269518.0;0.0;0.1685743848632422;0.6278306114079215;0.0;0.3371487697264844
262760.0;0.0;0.16601844913502178;0.6371625325712771;0.0;0.33203689827004357
204505.0;0.0;0.16445221001270738;0.7176051291044642;0.0;0.32890442002541476
197747.0;0.0;0.16267502183782612;0.7269370502678197;0.0;0.32535004367565223
184231.0;0.0;0.16049236997967928;0.7456008925945309;0.0;0.32098473995935856
177473.0;0.0;0.15949136314817114;0.7549328137578865;0.0;0.3189827262963423
163957.0;0.0;0.1576757217068441;0.7735966560845976;0.0;0.3153514434136882
