720713.0;5880679.272800001;0.14544233976897045;0.004788858034110257;0.14748430719681258;0.2908846795379409
720577.0;6851876.006000002;0.1454356556317898;0.00497665638838909;0.17184140451553948;0.2908713112635796
720510.0;6102743.573600004;0.14543625552608092;0.005069174695276457;0.1530535617059161;0.29087251105216183
720035.0;5965779.897700002;0.14542930178737856;0.005725088065000324;0.14961858558935218;0.2908586035747571
719876.0;5282628.074000003;0.1499722556630032;0.005944646435076314;0.13248550133926335;0.2999445113260064
719585.0;5644419.005200002;0.14544491145908015;0.006346479678422935;0.14155902539369045;0.2908898229181603
719499.0;4692608.136000001;0.15362166659162915;0.006465234520099257;0.11768811522934142;0.3072433331832583
719419.0;4983640.330099999;0.1528584605624495;0.006575704140263277;0.12498704780628664;0.305716921124899
718277.0;5514846.0523;0.14861227245072858;0.00815265796810466;0.1383094046775443;0.29722454490145717
718266.0;6602316.518800002;0.14542468425520205;0.008167847540877212;0.16558258536103743;0.2908493685104041
716019.0;5400527.190200002;0.14996030818584172;0.011270662997234117;0.13544234844233521;0.29992061637168344
714846.0;4272094.4483;0.19932337065949418;0.012890423802889057;0.1071418556868308;0.39864674131898836
714211.0;5778954.205600002;0.14543580852466637;0.013767276412940963;0.14493309663684648;0.29087161704933273
713990.0;4504176.9721;0.1822233419304182;0.014072448738644069;0.11296236189832383;0.3644466838608364
713122.0;4108184.6454999982;0.19697499364039892;0.015271044117423683;0.10303108504498719;0.39394998728079783
712851.0;4027001.3056999985;0.197187848087499;0.0156452599557293;0.10099505007846443;0.394375696174998
711509.0;3891645.325699999;0.20290906767910338;0.017498387833980732;0.09760039411965706;0.40581813535820677
703019.0;3738853.0900999987;0.23551553687231863;0.02922197627388733;0.09376844614780504;0.47103107374463726
697429.0;3622281.380699999;0.25142919776182476;0.036941040982848214;0.09084488970099662;0.5028583955236495
691876.0;3201178.194699998;0.3337505008039526;0.04460901349248323;0.08028384585477956;0.6675010016079052
690671.0;3495831.8926999993;0.26676846761338324;0.04627296214620378;0.08767360382262358;0.5335369352267665
686513.0;2761214.7344999984;0.3411158441043764;0.05201462065422871;0.06924979636671523;0.6822316882087528
683437.0;2650486.7076999987;0.34382620737738834;0.05626217754953527;0.06647279637023482;0.6876524147547767
682740.0;3272065.376699998;0.32145634328760125;0.05722464411521429;0.082061658662011;0.6429126865752025
678556.0;2968155.9173999988;0.31366632784925097;0.06300220524979253;0.07443977112552629;0.6273326556985019
677155.0;3368517.2726999996;0.3006258739247767;0.06493680447291492;0.08448062089400604;0.6012517478495534
676405.0;2878620.407599998;0.3265046258066047;0.0659724571619526;0.07219426817938805;0.6530092516132094
670367.0;2465741.1167999986;0.38101549731291906;0.074310151743832;0.061839475249054365;0.7620309946258381
665974.0;2261107.9899999993;0.401337989894536;0.08037631476108874;0.05670738530917136;0.802675979789072
663256.0;3061953.838699999;0.3105416448098366;0.0841295201061613;0.07679217308416005;0.6210832896196732
661321.0;2184417.138299999;0.41973309261293185;0.08680150404387853;0.054784019553854015;0.8394661852258637
657946.0;1963534.5804999992;0.4232460372938016;0.09146194114454811;0.04924440253041415;0.8464920745876032
656535.0;2556754.704499999;0.3760968265750445;0.09341034907019101;0.06412204760247567;0.752193653150089
655918.0;2083011.9990999994;0.4209339351991067;0.09426234601570602;0.052240832617902085;0.8418678703982134
655507.0;2359572.318599999;0.380451352371258;0.09482988368929866;0.05917681828000839;0.760902704742516
652134.0;1836680.2219;0.4342419672161828;0.09948755904946416;0.046062962712814834;0.8684839344323656
650242.0;1710414.6010999999;0.4282931985467711;0.10210016556634322;0.04289628812598657;0.8565863970935422
649893.0;4403113.848500003;0.14958766476181107;0.10258208928430876;0.11042775253164186;0.29917532952362214
649449.0;4594670.448600001;0.14867524826535103;0.10319519567621907;0.11523189013958753;0.29735049653070206
646880.0;1595266.8232999998;0.4310625172122972;0.10674265135373615;0.040008443126067106;0.8621250344245944
642691.0;4207694.866600001;0.14912696110452225;0.11252711683957464;0.1055267484432306;0.2982539222090445
635610.0;1444609.2046;0.4469672743198192;0.12230505909434243;0.036230030210289865;0.8939345486396384
628544.0;1515720.2800999999;0.4400793951766634;0.13206228829532948;0.03801345814737308;0.8801587903533268
623728.0;1212770.2835000004;0.4618720830619235;0.13871255942920346;0.030415633424897823;0.923744166123847
618354.0;1326421.0949000001;0.4561738121743409;0.1461333561637215;0.03326593530400434;0.9123476243486818
618284.0;3867228.8821000005;0.16081174392855835;0.14623001708136502;0.09698804270555907;0.3216234878571167
613964.0;3115579.1676000003;0.28821602578920574;0.15219537657022209;0.07813706780025162;0.5764320515784115
611797.0;1075734.2545000005;0.4777294587140038;0.15518772240641496;0.02697884273108325;0.9554589174280076
607645.0;2783607.5560000003;0.2917583666427298;0.1609210956929276;0.06981139641526492;0.5835167332854596
605991.0;3967102.2457;0.1559220816447557;0.1632050550898187;0.09949281352448318;0.3118441632895114
605746.0;4128142.3576000007;0.15376289810064162;0.163543368301571;0.1035316138454468;0.30752579620128323
601288.0;914873.1940000003;0.4840833349157904;0.16969928788521102;0.022944532923962785;0.9681666698315808
588989.0;617283.5752;0.49357909533780603;0.186682611115177;0.015481143624586132;0.9871581906756121
587995.0;2693384.7789999996;0.29112128417456984;0.18805519614571495;0.06754865717342867;0.5822425683491397
587127.0;2357328.5289000003;0.37052602965663006;0.18925379152449456;0.05912054522819782;0.7410520593132601
586583.0;3713990.9217000008;0.16076745997883235;0.1900049849416099;0.09314491619288227;0.3215349199576647
586525.0;2986902.443500001;0.28183767276292315;0.19008507541622882;0.07490992402554822;0.5636753455258463
585182.0;3476927.8252999997;0.2516999942063817;0.1919395841647323;0.08719949987062157;0.5033999884127635
584809.0;757609.1729;0.4882555403071152;0.19245464876874704;0.019000434951098;0.9765110806142304
580024.0;3578045.989900001;0.16537655027155773;0.19906211292480747;0.08973548963629768;0.33075310054311546
579767.0;2861156.3375000004;0.2817376030496275;0.1994169965795844;0.07175627859348288;0.563475206099255
579513.0;494077.5688;0.4892971594703056;0.19976773762360514;0.012391202538964197;0.9785943189406112
579376.0;3327836.9519000007;0.26272051349316666;0.19995691684813605;0.08346038009334165;0.5254410269863333
578110.0;418029.1666;0.48680367562821913;0.20170509858723165;0.010483949075275258;0.9736073512564383
577018.0;2543114.9995999997;0.3521988459227004;0.20321300890247052;0.06377997106093566;0.7043976918454008
574945.0;3199039.9485000004;0.25473214876656336;0.20607555293497068;0.0802302197777919;0.5094642975331267
574493.0;3395483.4195;0.24918942265463792;0.2066997062888974;0.08515691750772562;0.49837884530927584
571983.0;305457.7396;0.48822582226747585;0.2101656906215435;0.007660717582606807;0.9764516445349517
571657.0;0.0;0.4772460779740578;0.21061585432371188;0.0;0.9544921559481157
563791.0;2116604.5123;0.4014246573098122;0.22147777972633914;0.05308331497520686;0.8028493146196244
548242.0;3062707.1499000005;0.2693659375096866;0.24294893127546843;0.0768110657282377;0.5387318750193733
546866.0;2433031.5082;0.3588200371311069;0.24484900874228957;0.061019135669345796;0.7176400742622138
528810.0;2222173.4773999997;0.39609663801963085;0.2697820020133088;0.055730928449261294;0.7921932760392617
522719.0;2030472.1761999999;0.3560477696708975;0.27819288271854686;0.05092316181471948;0.712095539341795
520984.0;1962055.3915;0.40647623173768593;0.28058869260585406;0.0492073052573343;0.8129524634753719
508225.0;3280740.6846000003;0.23218102086513775;0.29820721615176315;0.0822792307682248;0.4643620417302755
495535.0;1495699.8524000002;0.4337228525116956;0.3157304596502808;0.03751135647303496;0.8674457050233912
495477.0;1718074.3636;0.4045773512434509;0.3158105501248997;0.04308839089391507;0.8091547024869018
489116.0;1423982.1074;0.4254741922261098;0.32459426579819134;0.035712713587685685;0.8509483844522197
487499.0;1577725.7093999998;0.41143057310017256;0.3268271329957566;0.039568521322651;0.8228611462003451
486176.0;3188276.642900001;0.2368300093731691;0.3286540243392191;0.07996028180023447;0.4736600187463382
481671.0;2530574.4466999997;0.27721512368514223;0.3348748448247054;0.06346546066672387;0.5544302473702845
479418.0;3102737.8675000006;0.2380146211101575;0.33798594550257466;0.07781501482628403;0.476029242220315
479179.0;2920415.1412000004;0.2379595073192991;0.3383159734928146;0.07324245786012483;0.4759190146385982
474569.0;2644516.2602999997;0.25481590991700964;0.3446817853547663;0.06632306072617127;0.5096318198340193
464197.0;0.0;0.4449558342347779;0.3590041716090314;0.0;0.8899116684695558
463926.0;2392918.0619;0.32558525921219755;0.3593783874473371;0.060013111779521386;0.6511705184243951
459544.0;2293169.101900001;0.30683096065262555;0.36542936089182126;0.05751146093669319;0.6136619213052511
457088.0;2018054.9575000003;0.3324504293086883;0.3688207782308566;0.05061174457662059;0.6649008586173766
448822.0;1861169.6308000004;0.3584936399981566;0.380235051734304;0.04667714405781383;0.7169872799963132
385936.0;0.0;0.4268828168610044;0.4670724584047358;0.0;0.8537656337220088
373368.0;1519038.3607999994;0.39672040111573564;0.48442723573250335;0.03809667384585982;0.7934408022314713
367738.0;1137196.1775;0.3923006637850431;0.49220153525154625;0.028520275057543513;0.7846013275700862
359852.0;1374032.8393999995;0.38012603257034044;0.5030910780592145;0.03446001252302442;0.7602520651406809
349524.0;1265297.5815999997;0.36728664095907354;0.5173527060223895;0.03173299011276056;0.7345732819181471
342766.0;958419.4796000002;0.34883920969973137;0.526684627185745;0.024036650596901712;0.6976784193994627
338474.0;1923814.4896;0.32936296087066314;0.5326113223075447;0.04824824378472701;0.6587259217413263
333451.0;761589.7298000001;0.3555767543512205;0.539547433583593;0.019100265200193436;0.711153508702441
277514.0;0.0;0.3078117385617951;0.6167891728725278;0.0;0.6156234771235902
159344.0;0.0;0.18998282102489142;0.7799666105573054;0.0;0.37996564204978284
