720739.0;8362308.534599997;0.14544458429268883;0.0047529554075569505;0.20972224866877515;0.29088916858537767
720637.0;1.0958762104199994E7;0.14543771546522027;0.004893804173266076;0.27483992268516766;0.29087543093044055
719681.0;1.1362109335899996E7;0.1454361486936152;0.006213916134226112;0.2849556566450479;0.2908722973872304
719251.0;1.0425891722499996E7;0.1454360363883119;0.006807690342607718;0.2614758170393745;0.2908720727766238
718479.0;9584814.243;0.14544064416828253;0.007873722177190508;0.24038204137018457;0.29088128833656507
717586.0;1.06645893063E7;0.14543393833610463;0.00910683931227138;0.26746222543595666;0.29086787667220926
717237.0;7830431.3467;0.14630699329609034;0.009588763030236916;0.19638305179503196;0.2926139865921807
716624.0;8652395.687099997;0.14543622453696958;0.010435236494743717;0.21699748010522585;0.29087244907393917
715707.0;7634642.8424;0.18505494133241598;0.011701494515873793;0.19147278028144257;0.37010988266483197
715203.0;8857739.9575;0.14542184003164982;0.012397453122907118;0.22214740514821488;0.29084368006329964
713017.0;6253592.2768;0.15456195576850817;0.015416035493888959;0.1568367669192819;0.30912391153701635
708667.0;6863040.7982;0.14766223060730807;0.021422821090307534;0.17212141156340371;0.29532446121461614
707713.0;4557240.367699999;0.21834210306780327;0.02274017131076347;0.11429316362624226;0.43668420613560655
703107.0;6031797.0213;0.15183100387476237;0.02910045969170691;0.15127425992315002;0.30366200774952473
700589.0;3985571.4557000017;0.25405838866561303;0.03257749098636943;0.09995601148427018;0.5081167773312261
700551.0;5586081.149399998;0.14761246628012537;0.03262996405594734;0.14009594301036662;0.29522493256025073
699423.0;5308852.2541999975;0.15798525885348874;0.034187585700260016;0.133143189825437;0.3159705177069775
697564.0;3903035.2372000003;0.23730051229696444;0.03675462349882143;0.09788604703978492;0.4746010245939289
697478.0;3760174.0068000006;0.2948873125854787;0.036873378340497746;0.09430316339430495;0.5897746251709574
696644.0;3645013.215500001;0.30687059014961254;0.03802502413070766;0.09141499202272965;0.6137411802992251
693059.0;4883819.506199999;0.20745378060201222;0.04297544398430779;0.12248359465508343;0.41490756120402444
692616.0;5090819.023899998;0.20686631869775274;0.04358716950596605;0.12767503241963996;0.4137326373955055
690482.0;5495129.161299997;0.14789507679005712;0.04653394662384128;0.13781491554213768;0.29579015358011423
688280.0;6531894.171;0.1462442966327024;0.04957462291885592;0.16381643034821508;0.2924885932654048
685883.0;3099818.349799999;0.35967512915778554;0.05288456891302036;0.07774179487577165;0.7193502583155711
685093.0;4803989.504499998;0.21825282058383227;0.053975456412140056;0.1204815006880307;0.43650564116766455
681896.0;2702636.6565999994;0.3707724359226311;0.058390098607944696;0.06778068934093982;0.7415448718452622
672618.0;4675319.937299999;0.18631886794978422;0.0712018128064669;0.1172545364045713;0.37263773589956845
671998.0;3025764.7472;0.31600750984358916;0.07205795236273804;0.07588456992466687;0.6320150196871783
667615.0;4655538.631999998;0.18915266985734852;0.07811030667747428;0.11675843179279399;0.37830533971469704
663512.0;3323079.489699998;0.30044167073611777;0.08377601732163645;0.08334106547269438;0.6008833414722355
660571.0;4259408.1144;0.22680859090787298;0.08783715673291621;0.10682368918270549;0.45361718181574595
659335.0;3538495.1311999983;0.2697022006029814;0.08954391236445032;0.08874357514414216;0.5394044012059628
658801.0;3189792.340299999;0.2997639448193676;0.09028129707904516;0.07999829468456107;0.5995278896387352
656042.0;1810648.7093;0.43954302636031123;0.09409111810445178;0.04541010622753535;0.8790860527206225
653943.0;3340676.4118999992;0.2908198292101381;0.09698956476350526;0.0837823869185803;0.5816396584202762
653588.0;1895290.6372000002;0.43631581633371463;0.0974797737029831;0.04753288074337633;0.8726316326674293
651497.0;1724011.6534000002;0.44759624418207855;0.10036717340002016;0.04323729496301299;0.8951924883641571
651402.0;3483413.8180999984;0.2806982412837391;0.10049835607396493;0.08736216511900806;0.5613964825674782
651194.0;2765406.2969999993;0.34208822833197444;0.10078557708639138;0.06935491852398779;0.6841764566639489
643782.0;2639054.7756999996;0.38042861102533837;0.11102058739458781;0.06618608959832509;0.7608572220506767
640415.0;2255543.994399999;0.4246026781648997;0.115669977533241;0.05656784325998876;0.8492053563297994
639713.0;2823878.794499999;0.31161759270807304;0.11663934845018027;0.07082137764950794;0.6232351854161461
633797.0;2532075.2497000005;0.36525183067476785;0.12480857686130953;0.06350310000742347;0.7305036613495357
632509.0;2559108.8843000005;0.3578455090695732;0.12658713774595026;0.06418108917925844;0.7156910181391464
626439.0;2381805.8539999994;0.37431033491893273;0.13496902017589527;0.05973442351792227;0.7486206698378655
625214.0;2487837.9987999983;0.3554987859699888;0.1366605862346568;0.06239365329240615;0.7109975719399776
617021.0;1211941.4197;0.49789893993782885;0.14797405620970447;0.030394845961811884;0.9957978798756577
608618.0;2171179.9534999994;0.4093083283443537;0.15957750893768272;0.05445203800225095;0.8186166566887074
608314.0;2230456.4712999994;0.38892795862966006;0.15999729349430597;0.055938661529095664;0.7778559172593201
604096.0;1562255.7879000003;0.48824092088435483;0.16582180421745393;0.0391805439225963;0.9764818417687097
603414.0;2054989.6039000002;0.4187707533718203;0.1667635577293522;0.05153804585631436;0.8375415067436406
603047.0;1284014.6697;0.4958836017297898;0.16727033711185463;0.03220240472340568;0.9917672034595796
597389.0;941396.6038;0.49736246507672216;0.17508330099795494;0.02360972592929184;0.9947249301534443
593819.0;806030.3511;0.49540421780801286;0.18001300779777432;0.020214812336634302;0.9908084356160257
588429.0;746351.1261;0.4925205323421804;0.18745589845632515;0.0187180891274842;0.9850410646843608
581944.0;535800.2166;0.49069712572107044;0.196410842040871;0.013437584346192013;0.9813942514421409
581263.0;0.0;0.47644430004305127;0.1973512146825172;0.0;0.9528886000861025
572451.0;0.0;0.47060239887094824;0.209519443343584;0.0;0.9412047977418965
562938.0;0.0;0.4667300808530767;0.222655662051338;0.0;0.9334601617061534
558500.0;0.0;0.463297679579794;0.228783964229937;0.0;0.926595359159588
547958.0;0.0;0.45580603426437327;0.2433410984270507;0.0;0.9116120685287465
540687.0;0.0;0.45313467439274063;0.25338140602970805;0.0;0.9062693487854813
529544.0;0.0;0.43762725619371373;0.26876844324830396;0.0;0.8752545123874275
521691.0;0.0;0.4322894365356659;0.2796124173376545;0.0;0.8645788730713319
504867.0;0.0;0.4132341564768266;0.3028441784581479;0.0;0.8264683129536532
495395.0;0.0;0.4055734749930488;0.3159237814855678;0.0;0.8111469499860976
488804.0;0.0;0.39774484669703924;0.325025097316831;0.0;0.7954896933940785
479971.0;0.0;0.3849236908280933;0.3372223242531908;0.0;0.7698473816561866
476994.0;0.0;0.37574493140409415;0.34133317499354443;0.0;0.7514898628081883
466530.0;0.0;0.3702572362218861;0.3557826013109982;0.0;0.7405144724437722
464564.0;0.0;0.35072230678236366;0.358497392226529;0.0;0.7014446135647273
458492.0;0.0;0.34594762475774776;0.3668820363969781;0.0;0.6918952495154955
456514.0;0.0;0.34027241850625844;0.3696133977555335;0.0;0.6805448370125169
447476.0;0.0;0.32957110698172715;0.3820937030935636;0.0;0.6591422139634543
442899.0;0.0;0.3221046057830473;0.3884139462371976;0.0;0.6442092115660946
433175.0;0.0;0.31896239685522587;0.4018415285681342;0.0;0.6379247937104517
422591.0;0.0;0.31363595588221604;0.41645665931583403;0.0;0.6272719117644321
418576.0;0.0;0.28648711915993197;0.4220008533778158;0.0;0.5729742383198639
408638.0;0.0;0.27418868583521555;0.4357239419426911;0.0;0.5483773716704311
397736.0;0.0;0.2642567437901874;0.45077818943054293;0.0;0.5285134875803748
386034.0;0.0;0.2618816847012856;0.46693713312003493;0.0;0.5237633694025712
376962.0;0.0;0.24592641134765225;0.47946438804663477;0.0;0.4918528226953045
370325.0;0.0;0.23630916643639913;0.48862922390949226;0.0;0.47261833287279825
360839.0;0.0;0.23085694265798687;0.5017281591204409;0.0;0.46171388531597374
346784.0;0.0;0.2238592005426264;0.5211362905130071;0.0;0.4477184010852528
335426.0;0.0;0.21192713165417587;0.5368202148357938;0.0;0.42385426330835174
328668.0;0.0;0.20226328691294787;0.5461521359991494;0.0;0.40452657382589574
320805.0;0.0;0.19596500310282502;0.5570099187910205;0.0;0.39193000620565005
315152.0;0.0;0.19359193557221205;0.5648159783258605;0.0;0.3871838711444241
308394.0;0.0;0.19047403909931349;0.5741478994892161;0.0;0.38094807819862697
294878.0;0.0;0.1827584348854102;0.5928117418159272;0.0;0.3655168697708204
288120.0;0.0;0.17780377737775266;0.6021436629792828;0.0;0.3556075547555053
281362.0;0.0;0.17500407241794247;0.6114755841426384;0.0;0.35000814483588494
265684.0;0.0;0.16959727680032974;0.6331248679542821;0.0;0.3391945536006595
258926.0;0.0;0.167062474705731;0.6424567891176377;0.0;0.334124949411462
252168.0;0.0;0.1649066646506221;0.6517887102809933;0.0;0.3298133293012442
245410.0;0.0;0.16318144815579103;0.6611206314443488;0.0;0.32636289631158205
238652.0;0.0;0.15919085944983588;0.6704525526077044;0.0;0.31838171889967176
225136.0;0.0;0.15553844798933703;0.6891163949344156;0.0;0.31107689597867405
