720663.0;7063903.202399998;0.14544511976722885;0.004857901546712769;0.17715893378678757;0.2908902395344577
720611.0;6930975.961699998;0.14543623931435862;0.0049297067998193824;0.17382518931735164;0.29087247862871723
720514.0;5347121.7108;0.145715360187396;0.0050636512142682565;0.1341029674347271;0.291430720374792
720343.0;9471812.269899998;0.14542725211575794;0.005299780027368848;0.23754801201041104;0.2908545042315159
720245.0;9312744.301499998;0.145422332294874;0.005435105312069773;0.23355867199909833;0.290844664589748
720212.0;5562274.3859;0.14552161497497887;0.005480674030387431;0.13949888204878083;0.29104322994995774
720137.0;6808342.059499997;0.14542752570007608;0.005584239299291199;0.17074959630066308;0.29085505140015216
720083.0;7164219.0956000015;0.1454272950238272;0.0056588062929019125;0.17967480301262065;0.2908545900476544
719825.0;8208785.2787;0.14542590435812963;0.006015070817930877;0.20587196709675715;0.29085180871625926
719218.0;7261424.4142;0.14542318491492576;0.006853259060925376;0.18211266068254595;0.2908463698298515
718993.0;8289117.282499999;0.14542233205994737;0.007163954867636682;0.20788665100937484;0.29084466411989474
718837.0;6397640.6236999985;0.14542919210915609;0.00737937062695652;0.16044942281494629;0.29085838421831217
718810.0;9551793.244999995;0.14542081933384288;0.0074166541237618774;0.23955389231000646;0.29084163866768575
718282.0;1.03206882762E7;0.1454192881988121;0.008145753616844408;0.2588373705823406;0.2908385763976242
717790.0;6610847.665199999;0.14542743229746424;0.008825141780853129;0.16579654197353588;0.2908548645949285
717661.0;6996989.763599998;0.1454273387173855;0.009003274043367612;0.17548078034468095;0.290854677434771
717431.0;4907474.378;0.15103999305211221;0.009320874201339167;0.12307684625365113;0.30207998610422443
716886.0;4651278.2466;0.1813709013622646;0.010073448488706553;0.11665158359380848;0.3627418027245292
716364.0;4027588.9320000005;0.18291877543658863;0.010794262760276781;0.10100978743340697;0.36583755087317726
716349.0;4368056.8132;0.17592545112927108;0.010814975814057536;0.10954854073930526;0.35185090225854215
715076.0;3857171.769500001;0.18290238749043425;0.0125728236449175;0.0967358156726937;0.3658047749808685
714916.0;9191556.077299997;0.14541614059386862;0.01279376288524554;0.23051933581744;0.29083228118773724
714310.0;4167348.7187999994;0.17386618689978486;0.013630570257987988;0.10451488852360089;0.3477323737995697
714005.0;5248233.818499998;0.14550755500807389;0.014051735684863315;0.13162291171166188;0.29101511001614777
713613.0;4818218.191499999;0.14804176896487678;0.014593036823667012;0.12083834858725581;0.29608353792975356
713233.0;6290562.637299998;0.14544994485152915;0.015117767519446105;0.15776396388960098;0.2908998897030583
712344.0;5061765.0716;0.14551414452315267;0.016345361173518775;0.12694637475485046;0.29102828904630534
712285.0;6185757.6790999975;0.1454474806866557;0.01642683251838974;0.15513551130208922;0.2908949613733114
711705.0;4565693.971899998;0.14858662414945048;0.017227737264578883;0.11450517552162305;0.29717324829890096
710591.0;3784132.4982;0.21834466969229535;0.018766026725362858;0.09490402961089207;0.4366893393845907
709395.0;3684863.6819999996;0.23807071501536917;0.020417547546814952;0.09241442051909513;0.47614143003073833
708823.0;4485064.214899996;0.16730846886201867;0.021207405330987694;0.11248302411717644;0.33461693772403733
707253.0;3585048.8975;0.24768890821404366;0.02337537162670658;0.08991111883283051;0.4953778164280873
706855.0;4730726.2218;0.14831549293739846;0.023924957987022582;0.11864409653950812;0.2966309858747969
704312.0;3465127.9527000003;0.27075938513043885;0.02743651103798636;0.08690356534423599;0.5415187702608777
703000.0;3329462.2328999992;0.2818757646866323;0.029248212808676285;0.08350114127604952;0.5637515293732646
693040.0;2922694.555100001;0.32354991293649066;0.043001680519096745;0.07329962434791669;0.6470998258729813
692540.0;2996671.3645000006;0.32354116711822123;0.04369211564512187;0.07515492336642528;0.6470823342364425
690111.0;2651371.813100001;0.32402677378242545;0.04704624948735192;0.06649499434272402;0.6480535475648509
688809.0;3094204.268000001;0.31934621181522277;0.04884414255552134;0.07760099669134275;0.6386924236304455
688692.0;2742784.5389;0.3095898369910724;0.04900570437501122;0.0687875768673217;0.6191796739821448
687479.0;2578935.5098000006;0.35010090526591015;0.05068069999074817;0.06467833039753797;0.7002018105318203
683668.0;2489213.805400001;0.3506827857483784;0.05594319652131166;0.06242815778990131;0.7013655714967568
679254.0;2410853.637;0.3657856725707175;0.06203835781386145;0.06046292645995037;0.731571345141435
677884.0;2255504.6737;0.3876155788599427;0.06393015005917028;0.056566857117754374;0.7752311577198854
672861.0;2077683.5686;0.4118289930560805;0.07086626133521869;0.0521071984160891;0.823657986112161
670439.0;1956328.7140000002;0.41315547537674135;0.07421072908568438;0.04906368323265876;0.8263109507534827
662591.0;1865486.2037999998;0.42232312282834616;0.08504779882377472;0.046785401411911336;0.8446462456566923
655903.0;1758525.1808000002;0.42930969753424664;0.09428305906948677;0.04410287586640472;0.8586193950684933
647853.0;1643722.9048000004;0.44674746292044304;0.10539906459849126;0.041223695867796235;0.8934949258408861
644263.0;1528792.5677999998;0.44909997222787784;0.11035638880335165;0.03834130416744585;0.8981999444557557
642165.0;1396165.0421000002;0.4508804195072722;0.11325345459215307;0.03501507639073895;0.9017608390145444
635179.0;4510416.123400001;0.14977126772790575;0.1229002141729761;0.11311883649322868;0.2995425354558115
635067.0;4403347.652900001;0.1499350764554145;0.12305487164120572;0.11043361622159223;0.299870152910829
632567.0;3924565.1289999974;0.1682058765106752;0.12650704727133133;0.09842600527060219;0.3364117530213504
631417.0;4268138.4019;0.14993610330875526;0.12809504806118913;0.10704264014803391;0.2998722066175105
623856.0;4116798.7533999984;0.15077906975967842;0.13853580803694104;0.10324712228776393;0.30155813951935684
623139.0;1293914.3809999998;0.49143478575432264;0.13952589200766108;0.03245068421541643;0.9828695715086453
616916.0;3018173.4936999995;0.2725426089155698;0.14811904758616976;0.0756941853260064;0.5450852178311396
612701.0;3818237.0206999984;0.18477785039918418;0.15393941569856154;0.09575935288901323;0.36955570079836836
612618.0;2264779.7503;0.3732289224001062;0.15405402792948172;0.056799471103841905;0.7464578448002124
609308.0;1179497.8359000003;0.4942781297925888;0.15862470846376803;0.029581178142542016;0.9885562595851776
609227.0;3721690.6086999993;0.16837637456163906;0.1587365589541841;0.09333802024602789;0.33675274912327813
605547.0;2679078.2744000005;0.26833134757908683;0.163818161481729;0.06718985765020043;0.5366626951581737
605297.0;4022978.236;0.15820736697113613;0.16416337904474157;0.10089415363096506;0.31641473394227226
605093.0;887658.5603000001;0.49454214953823455;0.16444507657615984;0.02226200439100498;0.9890842990764691
604389.0;3291501.094;0.17827182873204225;0.1654172092336032;0.08254909611062722;0.3565436574640845
603552.0;1065219.7984;0.49112252662130074;0.16657299763456926;0.02671514576657909;0.9822450532426015
603285.0;3419303.1297999984;0.17770450886723785;0.16694168999186668;0.08575430316816675;0.3554090177344757
599683.0;3525824.8743999978;0.17216369776906085;0.17191558463975165;0.08842581184513061;0.3443273955381217
599037.0;3635098.3000999996;0.15921282305594422;0.1728076268225761;0.09116633121998059;0.31842564611188845
597631.0;3206968.6442;0.17882817496312936;0.17474913039695877;0.08042906724728364;0.3576563499262587
594022.0;2552588.1629000003;0.2745672943184147;0.1797326911366081;0.06401755295606215;0.5491345886368294
589395.0;982317.0687999999;0.49450073413655926;0.18612197779284462;0.024635989418717415;0.9890014682731185
588818.0;655209.3659000001;0.49353327403117286;0.1869187399282776;0.01643230227596036;0.9870665480623457
585166.0;2786963.790600001;0.25226931201211344;0.1919616780887651;0.06989556899326294;0.5045386240242269
584092.0;773339.9651;0.4934931732516532;0.19344473273946708;0.019394954849505815;0.9869863465033064
583089.0;552256.1547;0.4910980927727841;0.19482974560227345;0.013850290517939505;0.9821961855455682
581938.0;2483109.2451000004;0.28062812916942187;0.1964191272623833;0.06227505866566391;0.5612562583388437
581031.0;415844.57859999995;0.4889616447172433;0.19767157658099288;0.010429160770600878;0.9779232894344866
580442.0;293677.1919999999;0.48947189427141974;0.19848490915945047;0.007365267716938853;0.9789437885428395
579425.0;0.0;0.47697074527715727;0.19988925420578557;0.0;0.9539414905543145
578515.0;2113160.0422;0.38998526803684574;0.2011458461351513;0.0529969294978168;0.7799705360736915
577751.0;3144635.1402999996;0.1941911353805198;0.20220083100771769;0.07886577613559814;0.3883822707610396
576766.0;2008014.9978999998;0.39014520469578484;0.20356098820598717;0.050359947731868505;0.7802904093915697
566555.0;2208151.0752000003;0.32435595569993736;0.21766105434967226;0.05537925406306113;0.6487119113998747
562806.0;2316915.3359000008;0.32178864412123426;0.22283793692460863;0.058107003850625276;0.6435772882424685
534512.0;1675881.1556999993;0.4118341963591367;0.2619082798361183;0.04203020768975271;0.8236683927182734
533139.0;1931354.7642999995;0.35863428185429613;0.2638042146921833;0.04843734986220802;0.7172685637085923
529583.0;1429729.4118999997;0.4134666758063937;0.268714589308474;0.035856852926546105;0.8269333516127874
526381.0;1796837.7429999993;0.35850664326068565;0.27313613585553886;0.0450637345412073;0.7170132865213713
521844.0;1537163.324;0.40105840531803033;0.27940114418909084;0.03855123827906806;0.8021168106360607
511256.0;1310249.5807999999;0.43692521664826517;0.29402179841779885;0.03286036233484181;0.8738504332965303
506614.0;1068160.05;0.4454459610354936;0.3004317981278161;0.02678888571227143;0.8908919220709872
504498.0;1188193.8154;0.4362953473383394;0.3033537195811544;0.02979926868148489;0.8725906946766788
476011.0;0.0;0.4575088408729372;0.34269057045130985;0.0;0.9150176817458744
400763.0;0.0;0.4246246819970403;0.4465982951775868;0.0;0.8492493639940806
313103.0;0.0;0.3759945627826907;0.5676453814723115;0.0;0.7519891255653814
205439.0;0.0;0.27910174039641095;0.7163153962890493;0.0;0.5582034807928219
90445.0;0.0;0.21510896797611978;0.8751071900533154;0.0;0.43021793595223956
