720739.0;5698492.007800006;0.14544458429268883;0.0047529554075569505;0.1429151475279819;0.29088916858537767
720513.0;5941137.763900006;0.14544416452758463;0.005065032084520306;0.14900057398512245;0.29088832905516926
719174.0;6371635.319500003;0.14543841095188276;0.006914017352015587;0.15979722362239407;0.2908768219037655
718461.0;6159156.112900003;0.14543666379911419;0.007898577841727414;0.1544683581758334;0.29087332759822837
717684.0;6569446.695100005;0.14543047213077928;0.008971514027570456;0.1647582276718674;0.29086094426155856
717674.0;5860122.282700005;0.14542317268972335;0.008985322730090959;0.14696874882297423;0.2908463453794467
715958.0;4614252.508800001;0.18160319339468328;0.011354896082609181;0.11572299779027023;0.36320638678936656
715591.0;5217599.737099999;0.17220980444948103;0.011861675465111623;0.13085462524979222;0.34441960889896206
714763.0;4456179.750099998;0.19481692064311185;0.013005036033809227;0.11175861710870678;0.3896338412862237
714315.0;4174857.0904999976;0.19775680632338702;0.013623665906727738;0.10470319449081666;0.39551361264677404
711517.0;5500740.003100004;0.17000319380707682;0.017487340871964328;0.13795563246909073;0.34000638761415364
711004.0;4304836.1570999995;0.19036424581246697;0.018195727311266105;0.10796300032247566;0.38072849162493394
710556.0;5536249.798699999;0.1656074830493;0.018814357184184616;0.1388461992488485;0.3312149660986
706892.0;4105877.678299999;0.20740165667878113;0.02387386578769672;0.10297322753509179;0.41480331335756226
705511.0;3836094.530799998;0.24199399334055163;0.025780847605778114;0.09620720974077868;0.48398798668110327
704456.0;3732462.7116999994;0.21941639334436733;0.027237665721691125;0.09360817885769646;0.43883278668873466
703055.0;3662605.197299999;0.2321080739465547;0.02917226494481352;0.09185618956601216;0.4642161478931094
702754.0;5122449.777000003;0.1459480497578622;0.029587906890680644;0.1284683148774412;0.2918960995157244
701072.0;5068486.3283;0.1773469095842252;0.03191053065462916;0.12711494029667084;0.3546938191684504
699028.0;3565484.7416;0.25592430134125815;0.03473302944981987;0.08942046021246537;0.5118486026825163
697526.0;4856939.661;0.1737341238524453;0.03680709656839934;0.12180946243957293;0.3474682477048906
697176.0;3451289.607699999;0.28924164569560795;0.03729040115661692;0.08655650701467947;0.5784832913912159
693136.0;4742719.166899999;0.1625210812211894;0.04286911697489992;0.11894487322146455;0.3250421624423788
693047.0;3269004.744799999;0.2787124834985757;0.042992014427332394;0.0819848996424461;0.5574249669971514
692962.0;3505249.6178;0.2514109167509657;0.043109388398756665;0.08790979535719137;0.5028218335019314
688705.0;2732703.480000001;0.34102225192176094;0.048987753061734564;0.06853474927399357;0.6820445038435219
684548.0;2557648.9094000002;0.34351795419136055;0.05472803069950744;0.06414447378558323;0.6870359083827211
683237.0;3171390.6486;0.2943471238618995;0.056538351599945316;0.0795367900478133;0.588694247723799
682850.0;3379480.401299998;0.2700523928225598;0.05707274838748876;0.08475557032608254;0.5401047856451195
681180.0;2402035.191;0.3642623501575607;0.05937880170841268;0.060241764526348905;0.7285247003151214
679733.0;3117908.009900001;0.32705959475970886;0.06137692096312938;0.07819547392601583;0.6541191895194177
678787.0;2475616.558200001;0.34887935057272296;0.06268322422156891;0.0620871460648866;0.6977587011454459
674051.0;3138722.5503999987;0.3046443260420113;0.06922302573527889;0.07871749152685;0.6092886520840226
671687.0;2904348.346300001;0.31572121384411395;0.07248740301112568;0.07283951119277982;0.6314424276882279
671541.0;3018502.7076999997;0.30955506642312464;0.07268901006792501;0.07570244183795971;0.6191101328462493
668630.0;2670099.9165000007;0.32229498437551785;0.07670872337164328;0.06696468521123215;0.6445899687510357
666027.0;2928519.1058000005;0.3103025523507591;0.08030312863773006;0.07344570098037231;0.6206051047015182
664535.0;2118584.6144;0.3985685018640622;0.08236338705378904;0.053132974882311154;0.7971370037281243
660013.0;2248174.3655000003;0.38751372967444647;0.08860768233356026;0.05638301688837533;0.7750274593488929
658070.0;2322847.5716999997;0.368860758017714;0.09129071323329388;0.058255781168092276;0.737721516035428
655847.0;1746312.6547999997;0.43255167411661466;0.09436038780360159;0.043796592212309846;0.8651033482332293
650742.0;1749988.9684;0.4266149140413752;0.10140973044031809;0.04388879220132168;0.8532298280827504
648661.0;1555250.3002000002;0.45303688541721554;0.10428332143483467;0.03900485001852825;0.9060737708344311
640860.0;1718379.7144000002;0.4374579440655767;0.11505549027107864;0.04309604892950941;0.8749158881311534
637850.0;1429791.5146;0.46355534185229225;0.11921190972974988;0.03585841042921879;0.9271106837045845
631046.0;1387898.7836000002;0.4709627370842128;0.12860735092469977;0.03480776302583208;0.9419254741684256
622962.0;1475742.3607999997;0.4547664322074716;0.13977030604227397;0.03701083320259808;0.9095328644149432
622950.0;1267711.8931999996;0.4735923066386801;0.13978687648529856;0.03179353976309265;0.9471846132773603
622687.0;1008519.2542000003;0.4836776678708767;0.1401500453615878;0.025293126287010102;0.9673553357417534
618154.0;1076699.1464000002;0.48097559145361085;0.14640953021413156;0.02700304170653996;0.9619511829072217
617727.0;2205705.029300001;0.37931720682939757;0.146999161811757;0.0553179085333701;0.7586344136587951
615269.0;2056054.4125000006;0.3944765891610008;0.15039334089129652;0.05156475068944386;0.7889531783220016
611674.0;948859.7981;0.48959699058610606;0.15535756944741716;0.023796898871353448;0.9791939811722121
610703.0;1174080.1719999998;0.47794580750796445;0.15669839446215794;0.029445306014535908;0.9558916150159289
608511.0;1959283.9828;0.40178618744032546;0.1597252620546521;0.04913779980173681;0.8035723748806509
606059.0;864305.3104000001;0.49874986175394215;0.1631111559126793;0.021676317309203694;0.9974997235078843
599631.0;608591.4124;0.497769940676161;0.17198738989285828;0.01526314880644848;0.995539881352322
593167.0;488112.14240000007;0.4954216138872105;0.1809133352021111;0.012241592818909075;0.990843227774421
592624.0;783251.1402000001;0.4944412160643342;0.18166314774897435;0.019643521847520967;0.9888824321286684
586316.0;391604.2566;0.492112003708749;0.1903736772989073;0.009821226392520872;0.984224007417498
581041.0;262641.799;0.4907971519140848;0.19765776787847236;0.0065869165736692405;0.9815943038281696
580823.0;0.0;0.47671380745837244;0.19795879759341933;0.0;0.9534276149167449
561520.0;0.0;0.46618952961642063;0.22461373606874524;0.0;0.9323790592328413
550133.0;0.0;0.4565928229315129;0.2403377056288414;0.0;0.9131856458630258
535242.0;0.0;0.4472440067293374;0.26090024455212163;0.0;0.8944880134586748
533212.0;0.0;0.4382084013663586;0.26370341116378365;0.0;0.8764168027327172
529046.0;0.0;0.4320962597217472;0.26945611663382496;0.0;0.8641925194434944
523581.0;0.0;0.4230933499178525;0.2770025725612796;0.0;0.846186699835705
511639.0;0.0;0.4124119845653147;0.2934929251112636;0.0;0.8248239691306294
509952.0;0.0;0.40962922914430927;0.2958224532264724;0.0;0.8192584582886185
496647.0;0.0;0.40416466849538213;0.3141949319300009;0.0;0.8083293369907643
482667.0;0.0;0.37481128043942524;0.33349949805366336;0.0;0.7496225608788505
471299.0;0.0;0.3628353942295193;0.3491972310789706;0.0;0.7256707884590387
468033.0;0.0;0.3576830413986595;0.3537071533221667;0.0;0.715366082797319
457670.0;0.0;0.34939602772969763;0.3680171117441634;0.0;0.6987920554593953
449151.0;0.0;0.3484805374415943;0.37978074542137946;0.0;0.6969610748831886
445251.0;0.0;0.3323902532552792;0.38516613940437544;0.0;0.6647805065105584
432363.0;0.0;0.320836699979596;0.402962795212799;0.0;0.641673399959192
420960.0;0.0;0.3018409908556972;0.418708858696928;0.0;0.6036819817113944
415131.0;0.0;0.29087181456049865;0.4267579513961289;0.0;0.5817436291209973
402288.0;0.0;0.28116312204924404;0.4444924680432102;0.0;0.5623262440984881
399902.0;0.0;0.2651236273927981;0.44778722446460206;0.0;0.5302472547855962
389531.0;0.0;0.2424531343467497;0.4621082298486152;0.0;0.4849062686934994
383312.0;0.0;0.23493081200050267;0.4706958619461157;0.0;0.46986162400100534
369279.0;0.0;0.22834441442828698;0.4900736141931368;0.0;0.45668882885657397
365707.0;0.0;0.22395911337062374;0.4950060827334603;0.0;0.4479182267412475
355079.0;0.0;0.22191892067945165;0.5096819717722503;0.0;0.4438378413589033
352191.0;0.0;0.21418928678530796;0.5136699250601714;0.0;0.42837857357061593
339409.0;0.0;0.19619251234431834;0.5313202086218777;0.0;0.3923850246886367
332651.0;0.0;0.1916712333220819;0.5406521297852332;0.0;0.3833424666441638
319135.0;0.0;0.1850970050960489;0.5593159721119444;0.0;0.3701940101920978
312377.0;0.0;0.17963891648022864;0.5686478932753;0.0;0.3592778329604573
305619.0;0.0;0.1745476880141779;0.5779798144386555;0.0;0.3490953760283558
292103.0;0.0;0.1683898050559386;0.5966436567653667;0.0;0.3367796101118772
279692.0;0.0;0.15925037358280345;0.6137816374635623;0.0;0.3185007471656069
272934.0;0.0;0.1561437051867499;0.6231135586269179;0.0;0.3122874103734998
266176.0;0.0;0.15411887721376918;0.6324454797902734;0.0;0.30823775442753837
259418.0;0.0;0.1500590074242475;0.641777400953629;0.0;0.300118014848495
245902.0;0.0;0.14394878796273228;0.6604412432803402;0.0;0.28789757592546456
239144.0;0.0;0.14118883929340528;0.6697731644436957;0.0;0.28237767858681057
