720739.0;7449443.2991999965;0.14544458429268883;0.0047529554075569505;0.1868280742781149;0.29088916858537767
720702.0;8121957.591299998;0.14543606941722986;0.004804047606882809;0.20369437489564507;0.2908721388344597
720380.0;9298286.699799994;0.1454303564884795;0.005248687828042989;0.233196083040997;0.290860712976959
720178.0;9520998.295599995;0.14542805726116412;0.005527623618957139;0.2387815713642907;0.29085611452232824
719922.0;8968954.450799996;0.1454272725858451;0.0058811264034820026;0.22493660546567834;0.2908545451716902
719862.0;7993830.590399997;0.1454359454500111;0.005963978618605017;0.20048101788630343;0.2908718909000222
719451.0;7121285.006099998;0.14546253050331648;0.006531516292197669;0.1785980388921351;0.29092506100663296
718365.0;8498078.962399997;0.14542720031419248;0.008031141385924237;0.21312729875788902;0.29085440062838497
717959.0;1.0620829145899994E7;0.14541800497740065;0.008591774708256637;0.2663647438968311;0.2908360099548013
717872.0;1.0101300515400002E7;0.14541912793407621;0.00871191042018501;0.25333524227231596;0.29083825586815243
717730.0;1.028993295769999E7;0.1454070159693656;0.008907993995976145;0.2580660435585099;0.2908140319387312
717638.0;5037554.461499999;0.16216749615985834;0.009035034059164768;0.12633918553541346;0.3243349923197167
717606.0;6933818.952500001;0.15498901093790673;0.009079221907230374;0.17389649001393012;0.30997802187581347
714806.0;6447247.286199996;0.15466702182874487;0.012945658612971067;0.16169353151595944;0.30933404365748973
714493.0;4847425.908999998;0.20335921371419313;0.013377871001862794;0.12157086260144666;0.40671842742838626
713396.0;4907287.744599999;0.19557702936719068;0.014892685668361915;0.12307216558728216;0.39115405873438136
710530.0;4766339.346599999;0.22990478273366974;0.018850259810737922;0.11953725476062305;0.4598095654673395
709783.0;4514637.376199998;0.24624116064875173;0.01988176988901946;0.11322470326742766;0.49248232129750347
708527.0;6293292.699299996;0.1463083717898058;0.021616142925594568;0.15783243239196199;0.2926167435796116
708213.0;4596745.0461;0.22437325424923002;0.022049736184738346;0.11528391994104513;0.44874650849846004
708010.0;5938862.955599996;0.14653134446942156;0.022330052845904547;0.14894352300332783;0.29306268893884313
704023.0;4393467.692;0.27487509881654687;0.027835582540828883;0.11018583205910475;0.5497501976330937
702562.0;3864834.8777999985;0.2792104027013151;0.02985303397907429;0.0969280023515059;0.5584208054026302
700035.0;4236156.5391;0.23713392528775543;0.03334249310600527;0.10624055204577364;0.47426785057551085
696659.0;3787457.7198999994;0.2953962382342873;0.0380043110769269;0.09498742440185927;0.5907924764685746
695658.0;3986053.8261999995;0.2597682610759209;0.039386562199229196;0.09996810907975263;0.5195365221518418
694242.0;4201458.265399999;0.23311604147901302;0.04134187447613235;0.10537033780347686;0.46623208295802604
692144.0;3718438.117500001;0.3377924846130642;0.04423894026493377;0.09325644949730262;0.6755849692261284
690375.0;3423805.3291999996;0.3206736346153398;0.046681699740810656;0.08586721593360905;0.6413472692306796
690261.0;3652083.6743;0.2628088544740448;0.04683911894954438;0.09159231536741616;0.5256177089480896
687517.0;3416660.3465999993;0.3327833900457746;0.050628226921170257;0.08568802357167081;0.6655667800915492
687115.0;3005300.8874000004;0.3532553174014645;0.05118333676249446;0.07537134720920008;0.706510634802929
686118.0;5574992.160199997;0.15029105890513325;0.052560064403788555;0.1398178370614094;0.3005821178102665
685316.0;3646482.8861000007;0.2539609709817935;0.053667522345932854;0.09145185057940201;0.507921941963587
682711.0;2586149.1579;0.37243823052144776;0.05726468935252375;0.06485924485368096;0.7448764610428955
673299.0;2104755.0335999997;0.37796927585222373;0.07026144016482068;0.05278613635422744;0.7559385517044475
673256.0;2500258.0334999994;0.36354041279487087;0.07032081758565883;0.06270514115428676;0.7270808255897417
667497.0;2033521.1204999995;0.3820401333052692;0.0782732493672162;0.05099962771549509;0.7640802666105384
665620.0;3265006.9758000006;0.3478324414463661;0.08086514283031453;0.08188463772304083;0.6956648828927322
663102.0;1833777.1606999994;0.4177600424766582;0.08434217412497705;0.04599015548256638;0.8355200849533164
657649.0;1786415.7165999992;0.4390562514046003;0.09187205960940704;0.044802355664399586;0.8781125028092006
654729.0;3208447.981299999;0.3385265052875772;0.09590420074539376;0.08046616823463268;0.6770530105751544
653963.0;2383808.0330000008;0.3754065165154133;0.09696194735846425;0.059784637101932034;0.7508130330308266
648326.0;1629665.6262999997;0.44697037920675964;0.10474591296927149;0.04087114680254886;0.8939407584135193
645456.0;2782037.2043000003;0.34466701076308703;0.1087090105926557;0.06977201283017449;0.6893340215261741
640833.0;2941299.3139000004;0.32569760375826645;0.115092773767884;0.07376622179948546;0.6513952075165329
637654.0;2871057.2766;0.3030537791475647;0.11948256029915173;0.07200458887806435;0.6061075582951294
636826.0;1411404.4088999997;0.46816529678444513;0.12062592086784933;0.03539727160159014;0.9363305935688903
628855.0;2826637.2014000006;0.34234087300033444;0.13163283764694186;0.07089055702687942;0.6846817460006689
627864.0;1173194.5806999998;0.48236707394978456;0.13300128006672365;0.02942309585593329;0.9647341478995691
625463.0;3067435.9511000006;0.2857905055425746;0.1363167495418963;0.07692966154625473;0.5715810110851492
625385.0;2691464.1541000004;0.30959003990712364;0.1364244574215562;0.06750048892285403;0.6191800798142473
615157.0;1128595.0288;0.49631707975485534;0.15054799835952615;0.028304562824607492;0.9926341595097107
609610.0;2569761.0286000003;0.31528502358388366;0.15820768564764887;0.06444823929055807;0.6305700471677673
606523.0;1041361.8075000001;0.493439108760652;0.16247043211572798;0.0261168000490581;0.986878217521304
597746.0;890393.3352;0.4929222569197243;0.174590330317973;0.022330591090390418;0.9858445138394486
594578.0;802917.5820999999;0.49229808624928056;0.17896492727646818;0.020136745746342236;0.9845961724985611
587390.0;703793.7041000001;0.4879866932951589;0.18889062264820536;0.017650771627483238;0.9759733865903178
586872.0;524142.2648;0.4903143624162457;0.18960591343876737;0.013145209117957845;0.9806287248324914
582754.0;319268.87940000003;0.4863750786930593;0.1952923371367103;0.008007093620222522;0.9727501573861186
581458.0;0.0;0.4767308413703579;0.19708194498336742;0.0;0.9534616827407159
571304.0;0.0;0.47311275060640434;0.21110330152268564;0.0;0.9462255012128087
559843.0;0.0;0.4685378893781154;0.2269294554814335;0.0;0.9370757787562308
558501.0;0.0;0.4641930337977803;0.22878258335968493;0.0;0.9283860675955606
551557.0;0.0;0.46167435163386755;0.23837134638992186;0.0;0.9233487032677351
543683.0;0.0;0.452834089397381;0.2492443187545655;0.0;0.905668178794762
534625.0;0.0;0.4425000554622667;0.26175224149763665;0.0;0.8850001109245333
516771.0;0.0;0.43122906335347466;0.2864062989777418;0.0;0.8624581267069493
515710.0;0.0;0.42224372524380815;0.28787140231516706;0.0;0.8444874504876163
502716.0;0.0;0.4112995020680869;0.305814430370308;0.0;0.8225990041361738
498513.0;0.0;0.40453359876488415;0.31161822803967515;0.0;0.8090671975297683
489674.0;0.0;0.39588829024001265;0.3238237401975473;0.0;0.7917765804800253
485236.0;0.0;0.3937906856788733;0.3299520423761463;0.0;0.7875813713577466
482402.0;0.0;0.3851300276809586;0.3338654286704567;0.0;0.7702600553619172
469524.0;0.0;0.3615492440446688;0.35164827577635976;0.0;0.7230984880893376
465191.0;0.0;0.35981467280083096;0.3576315865784935;0.0;0.7196293456016619
454509.0;0.0;0.35005091854605364;0.37238204261089425;0.0;0.7001018370921073
433063.0;0.0;0.32269438205295425;0.40199618603636383;0.0;0.6453887641059085
431400.0;0.0;0.311024473166646;0.4042925732655234;0.0;0.622048946333292
417300.0;0.0;0.2990554781617338;0.42376284381943186;0.0;0.5981109563234676
406909.0;0.0;0.2833446264916731;0.438111466608486;0.0;0.5666892529833462
397443.0;0.0;0.27165231281672114;0.45118278441439363;0.0;0.5433046256334423
389608.0;0.0;0.2580856594951961;0.46200190283920733;0.0;0.5161713189903921
382550.0;0.0;0.2504189479429408;0.47174808507817795;0.0;0.5008378958858816
376432.0;0.0;0.24025906335244418;0.48019624928022137;0.0;0.48051812670488836
369482.0;0.0;0.23725810361766375;0.4897932975319706;0.0;0.4745162072353275
357406.0;0.0;0.22182049468455503;0.5064686866957294;0.0;0.44364098936911006
350648.0;0.0;0.215405900690903;0.515800607859085;0.0;0.430811801381806
335844.0;0.0;0.2079660016690413;0.5362430110704368;0.0;0.4159320033380826
322328.0;0.0;0.19535773147675717;0.554906853397148;0.0;0.39071546295351434
309917.0;0.0;0.191498346336544;0.5720448340953436;0.0;0.382996692673088
303159.0;0.0;0.1851244388590231;0.5813767552586991;0.0;0.3702488777180462
294239.0;0.0;0.18263686322187464;0.5936941179069873;0.0;0.3652737264437493
289643.0;0.0;0.17804379596770234;0.6000405975854103;0.0;0.3560875919354047
273965.0;0.0;0.17098511620176202;0.6216898813970541;0.0;0.34197023240352403
267207.0;0.0;0.16813443263442032;0.6310218025604096;0.0;0.33626886526884064
255853.0;0.0;0.16369794204976637;0.6467002034021881;0.0;0.32739588409953274
240175.0;0.0;0.15919085944983588;0.6683494872138319;0.0;0.31838171889967176
226659.0;0.0;0.15805032073351988;0.6870133295405431;0.0;0.31610064146703976
219901.0;0.0;0.15530835510853208;0.6963452507038986;0.0;0.31061671021706416
