720739.0;4986649.787300002;0.14544458429268883;0.0047529554075569505;0.12506252339160445;0.29088916858537767
720725.0;5657415.000900003;0.14543749564758873;0.004772287591085654;0.14188495805099632;0.29087499129517747
720460.0;5259119.024100001;0.14544128412615623;0.005138218207878969;0.13189590687635938;0.29088256825231246
720448.0;6534708.514400001;0.14543738152141747;0.005154788650903573;0.1638870125832441;0.29087476304283494
720446.0;5860674.7288999995;0.14543399088720843;0.005157550391407673;0.14698260387972703;0.29086798177441686
720445.0;5752917.070600001;0.14543428431410949;0.005158931261659723;0.14428009914476653;0.29086856862821897
720423.0;6245179.591600001;0.14543267817164385;0.005189310407204829;0.15662578125064908;0.2908653563432877
720382.0;5990321.384100002;0.14542441911155116;0.005245926087538889;0.150234073010342;0.2908488382231023
720101.0;5332809.3863;0.14543500703871068;0.005633950628365008;0.13374402195150348;0.29087001407742136
720030.0;5416521.050600001;0.1454341887241292;0.0057319924162605755;0.13584346595122687;0.2908683774482584
719523.0;6720446.471099998;0.14541913394371164;0.006432093634050051;0.168545221710675;0.2908382678874233
719470.0;6630558.696399999;0.14541918034462348;0.006505279757408714;0.16629088414827628;0.29083836068924696
719451.0;4904484.4508;0.14546253050331648;0.006531516292197669;0.12300186047034196;0.29092506100663296
719355.0;4784514.317000002;0.1454406763406936;0.0066640798363944926;0.11999307334779974;0.2908813526813872
718534.0;6410306.4668000005;0.14541966494212794;0.007797774313327745;0.16076707542071028;0.29083932988425587
717871.0;4660204.204100002;0.14567716633098277;0.00871329129043706;0.11687544185862575;0.29135433266196553
717854.0;4545968.445400001;0.16591667082778006;0.008736766084721913;0.1140104698124713;0.3318333416555601
716987.0;3777479.4048999986;0.16542540055947363;0.009933980593249478;0.09473717357087559;0.33085080111894727
716877.0;3976510.496099999;0.1627351351285137;0.010085876320975004;0.09972876743861618;0.3254702702570274
712736.0;3687863.9902999992;0.18801376160089356;0.01580406003471508;0.09248966665486875;0.3760275232017871
711759.0;4095340.821099997;0.1541530099342386;0.01715317027096817;0.10270896876291867;0.3083060198684772
711448.0;3605698.6537999995;0.18798078661824652;0.017582620919355797;0.09042900373360634;0.37596157323649304
711377.0;4446874.714699999;0.1461668604802631;0.017680662707251365;0.11152525177185563;0.2923337209605262
707265.0;3350576.6027999995;0.23991000027338596;0.02335880118368198;0.08403067843870388;0.47982000054677193
703169.0;3503185.2855999996;0.21691356602891682;0.029014845736079792;0.08785802300399582;0.43382713205783363
701856.0;3172102.1934000007;0.2633848962829974;0.030827928377021765;0.0795546352128018;0.5267697925659948
697879.0;4318880.9968;0.14658000155772016;0.0363196493694256;0.1083152374292374;0.2931600031154403
691358.0;2800792.4972;0.33718562420510756;0.045324304283045264;0.07024238559687576;0.6743712484102151
691121.0;4173705.885799999;0.1473308151755164;0.04565157053278117;0.10467432288946844;0.2946616303510328
689485.0;2704536.784000001;0.3303865783862935;0.04791067426513537;0.06782834352512074;0.660773156772587
684377.0;2566503.2179000005;0.35040618673939233;0.05496415951260804;0.06436653513160315;0.7008123734787847
682150.0;2930385.3766;0.31710315356310137;0.058039357563923935;0.07349250605903944;0.6342063071262027
680910.0;3105486.4506;0.30177124199674205;0.05975163667646624;0.07788394782797844;0.6035424839934841
678016.0;3014079.7202;0.3142506761032503;0.06374787518589965;0.07559151566482274;0.6285013522065006
676391.0;2613937.7707000007;0.339337168144006;0.0659917893454813;0.06555616847706659;0.678674336288012
672481.0;2231078.3492;0.3923184031743443;0.07139099203099777;0.055954257895941724;0.7846368063486886
666171.0;2381640.287000001;0.38662974116742016;0.08010428332143484;0.05973027118565645;0.7732594823348403
659998.0;2463364.8559000003;0.36161949036211016;0.088628395387341;0.061779879890032474;0.7232389807242203
658837.0;2147734.0171000003;0.40610810594537866;0.09023158574997135;0.0538640263923459;0.8122162118907573
656067.0;2036147.8372;0.39725479855164714;0.09405659634815053;0.05106550437271966;0.7945095971032943
652648.0;1951388.1985;0.41574433050969356;0.09877779173991033;0.04893977773264571;0.8314886610193871
645545.0;1718551.1148999997;0.4406529292324315;0.10858611314022323;0.04310034756285141;0.881305858464863
630901.0;2289853.6358000007;0.3820828465099816;0.12880757711124705;0.05742831081098326;0.7641656930199632
625828.0;4126374.4297;0.15330547202406075;0.13581273189989795;0.1034872751543858;0.3066109440481215
623465.0;3578678.959400002;0.17520173698527888;0.1390757283054927;0.08975136417457018;0.35040347397055777
622257.0;1539758.5427999997;0.44396986400251576;0.1407438195699694;0.038616324985719874;0.8879397280050315
621976.0;3944060.873900002;0.15536032955149054;0.14113184411079552;0.09891494817948726;0.3107206591029811
618108.0;3663860.522200002;0.15735993878433727;0.14647305024572585;0.09188767244657668;0.31471987756867453
617900.0;3760012.819800001;0.15398175634436678;0.1467602712581523;0.0942991209101086;0.30796351268873356
616707.0;3477545.6592000015;0.17587866754780027;0.14840764946884827;0.08721499481609937;0.35175733509560053
615774.0;1630714.9309999999;0.4387930992950775;0.14969600141401113;0.04089746280611561;0.877586198590155
615009.0;1808117.7201999996;0.4364661093144083;0.15075236715682958;0.04534663036758448;0.8729322186288166
602888.0;3129305.8435000014;0.2756387680215688;0.16748989548193063;0.07848132552819652;0.5512775360431376
602634.0;1448458.6139000005;0.4342025846699818;0.16784063652595138;0.03632657134735773;0.8684051693399636
598551.0;2050693.8415;0.3730117563309594;0.17347872976507253;0.051430310420992026;0.7460235126619188
597745.0;2647645.5344000002;0.3162689302566132;0.17459171118822503;0.06640154125558938;0.6325378605132264
596292.0;2552836.8554;0.29918769829052916;0.17659811566445405;0.06402379003163897;0.5983753965810583
593148.0;1898912.7234999998;0.39766368894500537;0.18093957173690003;0.04762372074055716;0.7953273778900107
592187.0;1336602.9998;0.48946010493234104;0.18226658804912033;0.033521292061354804;0.9789202098646821
592114.0;2444035.8936999994;0.34609882340841036;0.18236739157752;0.06129511980252252;0.6921976468168207
591787.0;2363667.5761999995;0.34609882340841036;0.1828189361499404;0.05927952516163042;0.6921976468168207
591226.0;1157642.5858;0.4891472475950993;0.18359360436134062;0.029033060098675824;0.9782944951901986
590451.0;2760790.8861000007;0.28745140988648094;0.18466377880667956;0.06923916647436261;0.5749028197729619
587296.0;830126.0954999999;0.4964629528720911;0.18902042445189807;0.020819120785432497;0.9929259057441822
584141.0;1237061.0311;0.4890069934816702;0.1933770700971166;0.0310248324501956;0.9780139869633404
583940.0;931207.4615000001;0.4961554673683661;0.1936546250177787;0.023354187661800214;0.9923109347367322
583511.0;2145879.3282000013;0.3605687049023823;0.19424701835590827;0.053817511781568336;0.7211374098047646
583459.0;1049230.9648000002;0.4932179099133333;0.19431882360901487;0.02631415432715677;0.9864358198266666
582607.0;3036506.4324000017;0.27572488014091295;0.1954953250637617;0.07615396567409602;0.5514497602818259
580950.0;677756.9774;0.49063976830195943;0.19778342707140895;0.01699778437535005;0.9812795366039189
576909.0;3277357.1102;0.2612720683280415;0.203363523759944;0.08219437252258963;0.522544136656083
576806.0;563760.8521;0.489554319078408;0.20350575339590518;0.014138822207364576;0.979108638156816
576401.0;0.0;0.4779411142544485;0.2040650058479855;0.0;0.955882228508897
558113.0;3199774.4163000006;0.22625355659843596;0.22931836101748043;0.08024863983942362;0.4525071131968719
555491.0;1968199.3074000007;0.39175574437455424;0.2329390028183562;0.049361391399079566;0.7835114887491085
550440.0;2937843.9104;0.2773254681707532;0.23991377846146197;0.07367956211824078;0.5546509363415064
543910.0;2856395.5833;0.2866790226903781;0.24893086120735008;0.07163688141122726;0.5733580453807562
533318.0;2085515.3297;0.3649150963098445;0.26355703891706633;0.05230361481738936;0.729830192619689
529728.0;2653100.6771000004;0.2875108924221224;0.2685143631219267;0.06653835333195793;0.5750217848442448
520633.0;2272351.3047000007;0.3519116920561557;0.2810733780643237;0.05698936165955578;0.7038233841123114
519154.0;1425576.8722999997;0.41210784126051164;0.283115685167106;0.03575270944284244;0.8242156825210233
517613.0;2724390.5365;0.2793341481734554;0.2852436062255154;0.06832626507412662;0.5586682963469108
503207.0;2519581.2638000003;0.300874528141542;0.3051364230765513;0.0631897574887945;0.601749056283084
501380.0;1343041.7398999997;0.4428588375235722;0.3076592730270471;0.03368277223716733;0.8857176750471444
496800.0;1100167.9587999994;0.45398485851977555;0.31398365878143725;0.027591627034353257;0.9079697170395511
496449.0;2404696.1290000007;0.30127572808061553;0.3144683442399069;0.060308499435569166;0.6025514561612311
494157.0;1901304.7812999997;0.3576088332413744;0.31763329885760605;0.047683712277425946;0.7152176664827488
490299.0;1007818.8533999999;0.453408095667063;0.3229606962900159;0.025275560607612158;0.906816191334126
487772.0;1688757.9617;0.3929683476518816;0.3264501554169469;0.04235315113280051;0.7859366953037632
485039.0;1231319.1259999997;0.4264545330572932;0.3302240738158002;0.03088082852541427;0.8529090661145864
481014.0;1536073.7207;0.3970263227039979;0.33578207658030246;0.03852391160805522;0.7940526454079958
480641.0;1815918.7595999998;0.35965214079561125;0.3362971411843172;0.04554227628499501;0.7193042815912225
475880.0;1992474.7185999996;0.3561058879010068;0.3428714644543284;0.049970205795625444;0.7122117758020136
443728.0;1446956.345;0.40242713889823817;0.38726920479824795;0.036288895242666104;0.8048542777964763
437263.0;1289770.4336999997;0.42514388586389673;0.3961965309777528;0.03234675622202501;0.8502877717277935
429157.0;0.0;0.4389411100675799;0.4073898652408721;0.0;0.8778822201351598
349997.0;0.0;0.4209469439713155;0.5166995543931696;0.0;0.841893887942631
241841.0;0.0;0.3619303764057361;0.6660489573739162;0.0;0.7238607528114722
139447.0;0.0;0.2764535899563322;0.8074417859623492;0.0;0.5529071799126644
30091.0;0.0;0.19078417262222597;0.9584482332455561;0.0;0.38156834524445193
