720739.0;5253179.151300002;0.14544458429268883;0.0047529554075569505;0.13174693802699583;0.29088916858537767
720732.0;5805539.955100002;0.14543951406836442;0.004762621499321302;0.14559985308868212;0.29087902813672883
720702.0;5179176.640900003;0.14545178767620984;0.004804047606882809;0.12989099444108212;0.2909035753524197
720686.0;4288901.872099998;0.14546622399296832;0.0048261415309156135;0.10756337693291734;0.29093244798593665
720603.0;6186157.2771999985;0.14542840807996993;0.0049407537618357845;0.15514553300982092;0.29085681615993986
720460.0;4533872.151399999;0.14546526701072593;0.005138218207878969;0.11370710119509221;0.29093053402145186
720324.0;6498385.496900002;0.14542458322416532;0.005326016562157803;0.16297605063092963;0.29084916644833064
720275.0;6847250.742299998;0.1454235785972962;0.0053936792045082655;0.1717254053629326;0.2908471571945924
720224.0;4632582.030799997;0.14543710342294808;0.005464103587362828;0.11618269244934165;0.29087420684589615
719991.0;6999254.255600002;0.14541805689273543;0.005785846356090535;0.17553757259916047;0.29083611378547086
719068.0;6384485.5141;0.14541537374185073;0.007060389598732913;0.16011949966568906;0.29083074748370147
718963.0;4915519.003299998;0.14542812081941295;0.0072053809751981895;0.12327860117582755;0.2908562416388259
718216.0;4835467.054599997;0.14543057416912827;0.008236891053479724;0.12127094089610733;0.29086114833825655
716244.0;4193141.885100001;0.184819198935489;0.010959967190522812;0.10516176741049461;0.369638397870978
716130.0;6089722.137800001;0.1454255926164205;0.01111738639925654;0.1527269910244382;0.290851185232841
715335.0;4115253.673600001;0.18482967925420707;0.012215178249636485;0.10320837250847902;0.36965935850841414
712897.0;4404908.4381;0.14544994441086773;0.015581739924134988;0.11047275988395273;0.29089988882173545
703906.0;3919882.4109000005;0.23633730888381135;0.02799714436031876;0.09830856519221357;0.4726746177676227
703514.0;4008891.6706000003;0.19969794398402468;0.028538445499122458;0.10054087006584854;0.39939588796804937
702877.0;3776745.8344;0.20263313353352938;0.029418059849678463;0.09471877601305047;0.40526626706705876
700468.0;3564708.489499999;0.23692870936421803;0.032744576286867506;0.08940099222282204;0.47385741872843606
695779.0;3664665.5669;0.2190136686222079;0.03921947689873112;0.09190786253930812;0.4380273372444158
695733.0;3175725.8993999986;0.34144429761575823;0.03928299693032543;0.07964551583119679;0.6828885952315165
693590.0;3062545.0932999994;0.31678493655599516;0.04224220188046911;0.07680700143493602;0.6335698731119903
691280.0;2932167.5749000004;0.3212086533370759;0.04543201216270518;0.0735372026441395;0.6424173066741518
686993.0;3457947.2981999987;0.20620531116352506;0.05135180293324459;0.08672347835002585;0.4124106223270501
684059.0;2771603.7295;0.34704950622966063;0.055403276252760016;0.06951034683358617;0.6940990124593213
683752.0;2686536.9008999993;0.35113571815385564;0.05582720342013944;0.06737691603426842;0.7022714363077113
683600.0;2851384.1021999996;0.32037229108517784;0.05603709569845108;0.07151119613172527;0.6407445821703557
681565.0;3342219.7257999987;0.2450909693475888;0.05884716666137333;0.08382109241003285;0.4901819386951776
676567.0;2326671.377800001;0.39550861902897577;0.06574875618112047;0.05835168019052699;0.7910172380579515
676382.0;2473477.4515999993;0.3769082328353809;0.06600421717774976;0.06203349840952464;0.7538164656707618
671858.0;2225194.7781;0.4087491469131963;0.07225127419802507;0.055806701063257406;0.8174982938263926
669347.0;2106576.6653;0.4111463378090098;0.07571863940092324;0.05283182190801796;0.8222926756180196
667592.0;1987850.1242999998;0.4109876067146988;0.07814206669327144;0.0498542234312145;0.8219752134293976
663387.0;1920915.4186999998;0.4283936508765598;0.08394862610314273;0.048175536629079425;0.8567873017531196
657040.0;2578979.0664000004;0.3635666475973795;0.09271300959290564;0.06467942277389056;0.727133295194759
653885.0;1734053.789;0.4333769214849959;0.09706965523812416;0.04348914638068727;0.8667538429699918
651084.0;1812454.9160000002;0.4331053260904208;0.10093747281411691;0.045455404930533135;0.8662106521808416
648858.0;1650661.0289;0.44300228157315624;0.10401128999518076;0.041397700328618794;0.8860045631463125
630662.0;3120933.7273999997;0.29010081206600496;0.12913760510148706;0.07827135731100585;0.5802016241320099
622999.0;4083906.0651000002;0.187110081214461;0.1397192138429481;0.10242219116659158;0.374220162428922
621089.0;4148152.205400001;0.1542243770751827;0.14235667602436408;0.10403345018152223;0.3084487541503654
618954.0;3922504.1711000004;0.181845382314893;0.14530483401249136;0.09837431754305535;0.363690764629786
617759.0;3822504.098200001;0.1883390577846689;0.1469549739636914;0.09586636892230616;0.3766781155693378
616946.0;4004067.539500001;0.154365459144363;0.14807762147860826;0.10041988342466224;0.308730918288726
614346.0;3058365.7494999995;0.3053362131308773;0.1516678841339389;0.07670218571615821;0.6106724262617546
614083.0;3574759.8112000017;0.16133851074907038;0.1520310530102281;0.08965307402299669;0.32267702149814076
608159.0;2274790.8614;0.37567071546944003;0.16021132838337376;0.057050544443563556;0.7513414309388801
607325.0;3419538.2142000017;0.1697763644239744;0.16136297417358367;0.08576019895983619;0.3395527288479488
606105.0;3511776.2979000006;0.163301280214247;0.16304763588108498;0.0880734810214132;0.326602560428494
605259.0;2951756.4790999996;0.2787425722976193;0.1642158521143195;0.07402848193870067;0.5574851445952386
603065.0;2134490.322;0.37574316558853305;0.16724548144731774;0.053531881565882795;0.7514863311770661
601863.0;3756872.073900001;0.15597555351147363;0.16890528749028214;0.09422035267405036;0.31195110702294726
600897.0;1250642.2011999995;0.4857432422479924;0.17023920815376267;0.03136544097009653;0.9714864844959848
598464.0;1102704.3027;0.4860783004000214;0.1735988654770009;0.02765523718983897;0.9721566008000428
597864.0;2867621.6579;0.27775564662936786;0.17442738762823107;0.07191842538907668;0.5555112932587357
597827.0;2204822.8512999997;0.35080978368531274;0.17447847982755693;0.05529578397851531;0.7016195673706255
597264.0;1926754.4344000004;0.3712408505292363;0.1752559097794612;0.04832197603603859;0.7424817010584726
596758.0;1574642.8891999996;0.4799879084271967;0.17595463012699863;0.03949120583232791;0.9599758168543934
595939.0;1395421.6267;0.48447595810153243;0.17708556286342778;0.03499643192806001;0.9689519162030649
595105.0;3635349.3334;0.15938483164225298;0.1782372086536377;0.09117262700157595;0.31876966328450596
589860.0;1003221.5284999999;0.49161706446569187;0.18547987312564124;0.025160262145243823;0.9832341289313837
589760.0;2769908.8797;0.2443227117038233;0.18561796015084628;0.06946784090239012;0.4886454234076466
587042.0;866769.4275999998;0.4912826127401994;0.18937116549591884;0.021738116057483443;0.9825652254803988
586644.0;667083.4433999999;0.49338027055391637;0.18992075185623483;0.016730097821755347;0.9867605411078327
586630.0;945921.9548999999;0.48878165940522267;0.18994008403976353;0.023723219327051657;0.9775633188104453
585581.0;1765871.4046000002;0.38468380914688205;0.19138861693416426;0.04428711525056346;0.7693676182937641
585546.0;2534526.9286;0.2618435684886056;0.191436947392986;0.06356458680975734;0.5236871369772113
583665.0;456195.3661;0.4925832137387352;0.19403436433709254;0.011441137051437865;0.9851664274774704
581634.0;748696.9866;0.4906652099493452;0.19683891181900656;0.018776922060649442;0.9813304198986904
578796.0;525096.4622;0.4904794460435533;0.20075782159432518;0.013169139881044843;0.9809588920871066
578582.0;2385636.9162;0.33529125311175295;0.20105332782826393;0.05983050451948418;0.6705825062235059
577389.0;362652.98589999997;0.49012910998934156;0.20270070603895987;0.009095143927624966;0.9802582199786831
577181.0;0.0;0.47695568558054197;0.20298792705138632;0.0;0.9539113711610839
572030.0;2626566.4767;0.25647751902331223;0.21010078971969715;0.06587288970412228;0.5129550380466245
554291.0;3308468.8657000004;0.20438247480090263;0.23459604712081647;0.08297463879672863;0.40876494960180526
543015.0;2469626.0878;0.3315374872543009;0.25016674008293505;0.06193690825463675;0.6630749745086018
541304.0;3174081.045900001;0.2289053926021507;0.252529409084193;0.07960426378060301;0.4578107852043014
538991.0;2182269.9319999996;0.3082774245140539;0.25572336197718526;0.05473016876232577;0.6165548490281078
527302.0;2252006.9677000004;0.282254909597188;0.2718643543534006;0.05647913651231783;0.564509819194376
526230.0;1607192.8747999996;0.4489069920449651;0.2733446472635985;0.040307542152128;0.8978139840899302
517756.0;1740300.8762000003;0.4202391188623136;0.28504614177947224;0.043645820003741606;0.8404782377246272
517635.0;1502671.4179;0.44715118369357193;0.2852132270799703;0.03768619962637618;0.8943023673871439
496761.0;1349903.5233000002;0.43537248265352796;0.3140375127212672;0.03385486211385292;0.8707449653070559
496241.0;1262398.3353;0.4414770242642001;0.31475556525233334;0.03166027855817431;0.8829540485284002
494363.0;2068087.9392000001;0.35139527284407324;0.31734883958568366;0.05186654513633584;0.7027905456881465
488802.0;1682174.0795;0.38791239777990594;0.3250278590573351;0.042188030870346525;0.7758247955598119
478204.0;0.0;0.4533270761231128;0.3396623219885636;0.0;0.9066541522462256
474707.0;1440034.7674000002;0.4312268001615587;0.3444912252599833;0.03611530575925956;0.8624536003231174
474090.0;1595473.124700001;0.4047184321798198;0.34534322220549835;0.040013617055411226;0.8094368643596396
468933.0;1136010.5075;0.44256805510603275;0.3524643700953215;0.0284905390848094;0.8851361102120655
462972.0;1523883.2593000005;0.4084273636515638;0.360695737667793;0.03821818132238834;0.8168547273031276
442795.0;1310883.3397;0.4247266077643834;0.38855755674341086;0.03287625667084627;0.8494532155287668
418666.0;1381902.8945000002;0.42118586257520874;0.42187657505513126;0.0346573893174694;0.8423717251504175
372028.0;0.0;0.3980550146157911;0.48627760187025065;0.0;0.7961100292315823
288251.0;0.0;0.3941009940642464;0.6019627689762642;0.0;0.7882019881284928
218274.0;0.0;0.35961561193452135;0.6985919266039844;0.0;0.7192312238690427
143716.0;0.0;0.2946602145053998;0.8015468508563467;0.0;0.5893204290107996
81925.0;0.0;0.17903612722211554;0.8868722046007835;0.0;0.3580722544442311
