720739.0;6948188.227599998;0.14544458429268883;0.0047529554075569505;0.1742568637878997;0.29088916858537767
720734.0;1.5359672463499991E7;0.1454387910141068;0.004759859758817202;0.38521241288009583;0.2908775820282136
720707.0;1.4201959127000002E7;0.1454436338634995;0.004797143255622558;0.356177578391509;0.290887267726999
720675.0;1.4571199803599993E7;0.14544107077444254;0.0048413311036881665;0.3654379380967413;0.2908821415488851
720625.0;1.3378170651099999E7;0.1454414481818565;0.0049103746162906785;0.33551740173355266;0.290882896363713
720504.0;1.3909042858099995E7;0.14543887935741043;0.005077459916788759;0.3488313942210495;0.29087775871482086
720180.0;7508993.818199997;0.14543868165779694;0.0055248618784530384;0.1883215696092663;0.2908773633155939
719312.0;7282536.317999996;0.14543593565711685;0.006723457257232653;0.18264213599672435;0.2908718713142337
718759.0;9227660.355999995;0.1454289088698343;0.00748707850661644;0.23142481191703598;0.2908578177396686
718453.0;1.6074004042299993E7;0.14542775094914562;0.007909624803743815;0.4031274687981108;0.29085550189829124
718378.0;9130372.781999998;0.14542599845548815;0.008013190072647584;0.22898489132544478;0.2908519969109763
717904.0;8619201.924699998;0.14543048652599913;0.008667722572119401;0.21616499820581958;0.29086097305199826
717741.0;1.585639753699999E7;0.14541627665148885;0.008892804423203591;0.39767001342826375;0.2908325533029777
714106.0;7850931.604499999;0.14542992483499687;0.013912267789406239;0.19689718735297226;0.29085984966999373
711477.0;6681788.993199999;0.21868535174988724;0.01754257568204634;0.16757571273363758;0.43737070349977447
710862.0;5760061.792699999;0.19606629012759288;0.01839181088705724;0.14445928497350333;0.39213258025518577
709392.0;5194276.5336;0.2199367214503784;0.020421690157571105;0.130269691715716;0.4398734429007568
708621.0;6232717.326200001;0.17753612766984;0.021486341121901845;0.15631323426528243;0.35507225533968
704223.0;4069567.7749999994;0.26854566254244133;0.02755940849041883;0.10206259447993558;0.5370913250848827
703990.0;4489094.148599999;0.2572070021422936;0.02788115125914654;0.11258409271014375;0.5144140042845872
702966.0;4660618.9346;0.24742808531966975;0.029295162397245993;0.11688584307889781;0.4948561706393395
702686.0;6104927.449199999;0.18762821744799357;0.02968180606782006;0.1531083321439774;0.37525643489598715
699500.0;5089125.9725;0.23985454700310146;0.03408125869085215;0.12763257159135907;0.47970909400620293
698234.0;4081421.8843999985;0.25869110530931166;0.03582944042994776;0.10235988923640708;0.5173822106186233
694814.0;3729803.115800001;0.2807196531065734;0.040552016691959604;0.09354147760763015;0.5614393062131467
685167.0;3293424.2404000014;0.3618240519876932;0.05387327201348834;0.08259732759908028;0.7236481039753864
684572.0;4844480.377100001;0.22585162397511607;0.054694889813458235;0.12149699022863991;0.45170324795023215
678412.0;3779609.470099998;0.27586073464344174;0.06320105056608775;0.0947905944727362;0.5517214692868835
677745.0;3632443.6101999986;0.26400063205445923;0.06412209102420527;0.09109975300978387;0.5280012641089185
674784.0;2442286.8022000017;0.3825674260880236;0.06821084784052606;0.06125125351835121;0.7651348521760472
673904.0;2821490.987;0.3615988436370483;0.06942601366233027;0.0707614927079017;0.7231976872740966
673039.0;3594434.7752999985;0.2885056208190312;0.07062046643035373;0.09014651165405942;0.5770112416380624
669876.0;3161658.2394000003;0.34407792830156714;0.07498815903758867;0.07929270640345322;0.6881558566031343
666850.0;3488449.0905999993;0.32369885722129593;0.07916667242029271;0.08748844707416326;0.6473977144425919
666493.0;3551301.5487000006;0.30966898786777014;0.07965964310027465;0.08906475328106199;0.6193379757355403
666012.0;2258045.8804;0.4054240572854147;0.08032384169151083;0.056630589229676696;0.8108481145708294
664257.0;2368696.7023000014;0.40182773410955414;0.08274726898385901;0.059405652968343985;0.8036554682191083
664219.0;2190299.0702;0.41138916878838655;0.08279974205343692;0.054931535276274535;0.8227783375767731
655551.0;2117049.5195000004;0.41978914182980986;0.09476912539820846;0.053094475519005466;0.8395782836596197
652172.0;2649912.0256000003;0.370219906542163;0.09943508597988625;0.06645838364894108;0.740439813084326
649164.0;3057581.5816;0.3155748935251037;0.10358874369805339;0.0766825192024627;0.6311497870502074
648799.0;2688489.6887000003;0.36369639791649866;0.10409276134005173;0.06742589091326201;0.7273927958329973
644316.0;3057298.2932000007;0.3168855799435618;0.11028320267999299;0.07667541448012151;0.6337711598871236
643245.0;1996368.1858;0.4432558776555632;0.1117621147199388;0.050067851881383185;0.8865117553111264
625390.0;1998487.5225000004;0.4374901716412572;0.13641755307029596;0.050121003718172186;0.8749803432825144
620631.0;1803659.040199999;0.44142846523747453;0.1429891145998031;0.04523480904553859;0.8828569304749491
613758.0;1578161.2821000002;0.45507992043100765;0.15247983584214445;0.03957944525420947;0.9101598408620153
611253.0;1685962.6824999999;0.4464023956971522;0.1559389158235303;0.04228304701776392;0.8928047913943044
601609.0;945033.7985999999;0.4958765146526544;0.16925602853430288;0.02370094483961381;0.9917530293053088
601457.0;1327759.6107000003;0.48218938884510754;0.16946592081261452;0.03329950456807696;0.9643787776902151
598933.0;1444343.2033000004;0.47861111753965846;0.17295123732878934;0.03622335903921863;0.9572222350793169
595555.0;736652.6467000002;0.4963223749739333;0.1776158170402151;0.0184748564244549;0.9926447499478666
590304.0;745341.1652;0.494978463568275;0.18486676673373093;0.018692759845487593;0.98995692713655
587677.0;1158921.1487000003;0.4872472549870901;0.18849431288586693;0.029065125775915912;0.9744945099741802
582285.0;506663.7468;0.4922961243378197;0.19593996528492186;0.012706857186408;0.9845922486756394
581391.0;0.0;0.47673840814373847;0.1971744632902548;0.0;0.9534768162874769
571412.0;0.0;0.4717381250989448;0.2109541675354642;0.0;0.9434762501978896
559157.0;0.0;0.46734011754739113;0.22787673247433998;0.0;0.9346802350947823
544833.0;0.0;0.45861811362588956;0.24765631796470772;0.0;0.9172362272517791
528308.0;0.0;0.4504743423262407;0.27047519887983806;0.0;0.9009486846524813
521666.0;0.0;0.4292660014477611;0.27964693909395577;0.0;0.8585320028955222
512970.0;0.0;0.42215928187111457;0.2916549868057847;0.0;0.8443185637422291
505993.0;0.0;0.41428426792453454;0.3012893185543393;0.0;0.8285685358490691
495726.0;0.0;0.3991871970569719;0.3154667134321392;0.0;0.7983743941139438
484871.0;0.0;0.3951003472453595;0.33045606001814465;0.0;0.790200694490719
479901.0;0.0;0.38571486634253127;0.33731898517083436;0.0;0.7714297326850625
474351.0;0.0;0.3753745274226781;0.34498281506971323;0.0;0.7507490548453561
468000.0;0.0;0.3530237027432685;0.35375272204048436;0.0;0.706047405486537
455038.0;0.0;0.35010075997397894;0.37165156224755963;0.0;0.7002015199479579
450459.0;0.0;0.3315418715448604;0.37797456713169775;0.0;0.6630837430897208
449013.0;0.0;0.3297035381227276;0.37997130551616237;0.0;0.6594070762454552
433528.0;0.0;0.32243129284806477;0.40135408136916045;0.0;0.6448625856961295
429869.0;0.0;0.3034828702993079;0.4064066856214123;0.0;0.6069657405986159
424145.0;0.0;0.29551286711560504;0.41431078694414797;0.0;0.5910257342312101
409627.0;0.0;0.27580731680568127;0.4343582612634134;0.0;0.5516146336113625
400741.0;0.0;0.26944108571502645;0.4466286743231319;0.0;0.5388821714300529
392770.0;0.0;0.24982312209618587;0.45763559110222446;0.0;0.49964624419237175
382653.0;0.0;0.2434578868202639;0.4716058554422168;0.0;0.4869157736405278
370934.0;0.0;0.22729762834796796;0.48778827392599367;0.0;0.4545952566959359
364176.0;0.0;0.22387249984341814;0.49712019508934924;0.0;0.4477449996868363
351933.0;0.0;0.21380186299431692;0.5140261895852004;0.0;0.42760372598863383
342750.0;0.0;0.20601222814272754;0.5267067211097778;0.0;0.4120244562854551
321682.0;0.0;0.20171674242853008;0.5557988955799724;0.0;0.40343348485706015
312855.0;0.0;0.19310541705351655;0.5679878372948199;0.0;0.3862108341070331
306097.0;0.0;0.1899656830009167;0.5773197584581755;0.0;0.3799313660018334
295006.0;0.0;0.1844491810102915;0.5926349904236649;0.0;0.368898362020583
288248.0;0.0;0.18215233996111196;0.6019669115870204;0.0;0.36430467992222393
274732.0;0.0;0.17772641775226122;0.6206307539137315;0.0;0.35545283550452245
272307.0;0.0;0.17540574801001835;0.6239793642749534;0.0;0.3508114960200367
248419.0;0.0;0.17513921197018176;0.6569655928559297;0.0;0.3502784239403635
234903.0;0.0;0.17140933212810114;0.6756294351826408;0.0;0.3428186642562023
221387.0;0.0;0.1678346176013129;0.694293277509352;0.0;0.3356692352026258
207871.0;0.0;0.16504637681423753;0.7129571198360631;0.0;0.33009275362847507
194355.0;0.0;0.162495697819872;0.7316209621627742;0.0;0.324991395639744
180839.0;0.0;0.16024783994528535;0.7502848044894853;0.0;0.3204956798905707
174081.0;0.0;0.15999956898499465;0.7596167256528409;0.0;0.3199991379699893
160565.0;0.0;0.15674472587841776;0.778280567979552;0.0;0.3134894517568355
147049.0;0.0;0.15478970267690584;0.7969444103062632;0.0;0.3095794053538117
133533.0;0.0;0.15305009234316416;0.8156082526329743;0.0;0.3061001846863283
126775.0;0.0;0.15248679941681464;0.8249401737963299;0.0;0.3049735988336293
