720739.0;5984925.5021;0.14544458429268883;0.0047529554075569505;0.15009874716079824;0.29088916858537767
720727.0;5986971.2162999995;0.14544319182840343;0.004769525850581553;0.15015005258445993;0.29088638365680686
720680.0;6422069.496999998;0.14544013583196994;0.004834426752427915;0.16106208595930674;0.29088027166393987
720654.0;8236741.124399998;0.14543773809885255;0.004870329378981222;0.2065730848322942;0.2908754761977051
719954.0;8531034.229299996;0.14542767181356828;0.005836938555416394;0.21395379931705288;0.29085534362713655
719503.0;6802045.290700002;0.1454305846131168;0.006459711039091056;0.17059167668951525;0.2908611692262336
718462.0;1.0527321254799997E7;0.14539845311299843;0.007897196971475362;0.2640196157412955;0.29079690622599685
717819.0;9107227.790699996;0.14541218179480114;0.008785096543543673;0.22840442725852217;0.2908243635896023
716270.0;1.0218492885499999E7;0.1454020037771608;0.010924064563969505;0.256274364559242;0.2908040075543216
715165.0;9587862.355499998;0.14540461103399396;0.012449926192485028;0.24045848640985867;0.2908092220679879
711624.0;5510189.453100003;0.2141011997751488;0.017339587754994952;0.13819261964727045;0.4282023995502976
710087.0;5336187.220699998;0.20651520012881186;0.01946198533239618;0.13382873624099267;0.4130304002576237
709741.0;5288436.468000001;0.22811898335958017;0.01993976643960557;0.13263117277027953;0.45623796671916034
709449.0;4596184.040400002;0.2074023757577206;0.02034298055320424;0.11526985021658653;0.4148047515154412
705816.0;5470434.3481;0.20147497957309546;0.025359682178902786;0.13719558276658536;0.4029499591461909
703583.0;4771163.3796000015;0.20725112504777726;0.02844316545173099;0.11965823894151363;0.4145022500955545
699762.0;4462298.2218;0.2341876951641638;0.033719470684814984;0.11191206512345434;0.4683753903283276
692985.0;3576247.985700002;0.3021042507051397;0.04307762838295951;0.08969039664763559;0.6042085014102794
690264.0;3740645.0074000014;0.2870581679445973;0.046834976338788234;0.09381338648025392;0.5741163358891946
690264.0;3813175.1888000015;0.27569872004413654;0.046834976338788234;0.09563240483823775;0.5513974400882731
688001.0;4029903.4893000014;0.26334749896149;0.04995988571917794;0.1010678352989719;0.52669499792298
681284.0;4293567.1275;0.25011281745834507;0.05923519120219945;0.10768037905608156;0.5002256349166901
679330.0;3359592.238900001;0.3199753843609889;0.06193341167470563;0.08425678579509337;0.6399507687219778
678503.0;3284329.6317000007;0.31162262607846236;0.06307539137315119;0.0823692396519022;0.6232452521569247
677213.0;4139754.5373000028;0.24041895778062478;0.06485671399829601;0.10382284113376723;0.48083791556124955
674588.0;3321794.7319000014;0.3049501693908776;0.0684814984099279;0.08330884443065854;0.6099003387817552
673136.0;5642080.503000002;0.18066094326714485;0.07048652201590486;0.14150037700277404;0.3613218865342897
668628.0;3519072.921200001;0.30107399590629846;0.07671148511214737;0.08825647645142316;0.6021479918125969
665129.0;3198499.6851000004;0.33783634972509907;0.08154315012407119;0.08021667025918079;0.6756726994501981
661595.0;2938610.0738000018;0.4338289574208208;0.08642314559481677;0.0736987770886561;0.8676579148416416
660935.0;2673366.9990999997;0.4044234071828473;0.08733451996116993;0.06704662190450572;0.8088468143656946
658027.0;3023028.2163000014;0.3364511952567311;0.09135009065413205;0.07581593918573577;0.6729023905134622
656064.0;2648637.5448999996;0.42535674015522157;0.09406073895890668;0.06642642035110494;0.8507134803104431
651481.0;2438102.753000001;0.4483944678660875;0.10038926732405297;0.061146319790645005;0.896788935732175
650772.0;1917485.804;0.4460496084113932;0.10136830433275659;0.048089523717217184;0.8920992168227864
645647.0;2456289.6965000005;0.4130032317417815;0.1084452643745141;0.061602438656799034;0.826006463483563
643791.0;5149440.956699997;0.18016855272466825;0.11100815956231937;0.12914523930297325;0.3603371054493365
643702.0;3211225.6753000016;0.3149083022151131;0.11113105701475183;0.08053583132220998;0.6298166044302262
641840.0;1792571.4542999996;0.45427500924425096;0.1137022374240694;0.04495673829059875;0.9085500184885019
638548.0;2112318.9732999997;0.4159309050464108;0.1182480622938188;0.0529758359373169;0.8318618100928216
637033.0;4846141.710699998;0.188122255482941;0.12034008072567494;0.12153865559137303;0.376244510965882
631784.0;1865383.5373;0.4402955366997877;0.1275882686786867;0.04678282659071766;0.8805910733995754
622137.0;2264798.753900001;0.40957817619382264;0.14090952400021542;0.056799947704018576;0.8191563523876453
619767.0;3764987.3059999994;0.281892822788368;0.1441821864975745;0.09442387837720263;0.563785645576736
613249.0;2572221.582300001;0.36031731556135044;0.153182698800438;0.06450994866815389;0.7206346311227009
612208.0;2221985.701800001;0.40286615907886986;0.15462018473282232;0.05572621913712411;0.8057323181577397
604072.0;1434962.6465999999;0.4802701104387642;0.16585494510350313;0.03598809966834645;0.9605402208775284
600936.0;1377740.4273;0.4832833008397937;0.17018535421393272;0.03455299685483997;0.9665666016795874
600095.0;1654834.3147999998;0.47235426142193787;0.17134666609590696;0.04150236411848786;0.9447085228438757
590464.0;992854.2911;0.49399243789730907;0.1846458274934029;0.02490025734740423;0.9879848757946181
584237.0;983415.3119999999;0.4962701501191021;0.19324450655291978;0.024663532773825183;0.9925403002382042
583577.0;968908.8885999997;0.49099713643304793;0.19415588091927294;0.024299719393464793;0.9819942728660959
579961.0;0.0;0.47673840814373847;0.19914910775068664;0.0;0.9534768162874769
575234.0;1717216.8429999996;0.468098834395745;0.20567648143212816;0.04306688473353271;0.93619766879149
567454.0;0.0;0.4753668744379818;0.21641965199307908;0.0;0.9507337488759636
555640.0;0.0;0.4657379129590346;0.2327332531508007;0.0;0.9314758259180692
546377.0;0.0;0.4594758913800682;0.24552425429554214;0.0;0.9189517827601364
540044.0;0.0;0.44827566150142767;0.25426930560177635;0.0;0.8965513230028553
520725.0;0.0;0.4412600089698062;0.28094633800113505;0.0;0.8825200179396124
514206.0;0.0;0.43337946760302326;0.2899482311742506;0.0;0.8667589352060465
507208.0;1420824.3401;0.42903424858864875;0.2996115611980983;0.03563351846397211;0.8580684971772975
499521.0;1376320.5095999998;0.418107042027655;0.31022631082560853;0.034517386074427295;0.83621408405531
493692.0;1168914.3904999997;0.4083843407621158;0.31827540352480943;0.02931575096310137;0.8167686815242317
488156.0;1122579.5681;0.4005619744392165;0.32591990124015957;0.028153698270930394;0.801123948878433
482429.0;818072.5510000001;0.39499042295432185;0.33382814517365134;0.020516824302767495;0.7899808459086437
478286.0;1319222.727;0.3893438072001296;0.3395490906278955;0.0330854040671471;0.7786876144002592
474467.0;1584373.4649000003;0.38619285030502876;0.3448226341204754;0.03973524349348358;0.7723857006100575
472968.0;1256854.9627;0.3801368528530345;0.3468925586282987;0.03152125372285873;0.760273705706069
467709.0;1504416.5359000002;0.37314244571593036;0.354154555283831;0.037729966257281755;0.7462848914318607
462859.0;896495.3483999999;0.3828004132009132;0.36085177600627466;0.022483626334715057;0.7656008264018264
456893.0;610698.0663999998;0.3676813917278716;0.36909004793000644;0.01531598256786962;0.7353627834557432
453634.0;558825.0745999999;0.3618544531371986;0.37359030408143823;0.01401503553387056;0.7237089062743972
450822.0;699532.6773999999;0.3475088113310814;0.3774733112302035;0.01754390734503489;0.6950176226621628
445673.0;449289.0314999999;0.35223319418292764;0.38458341215801023;0.011267929854360885;0.7044663883658553
444064.0;480975.07399999996;0.32990588313690117;0.3868052323935591;0.012062598940895881;0.6598117662738023
435831.0;0.0;0.3564636231505037;0.39817393717868876;0.0;0.7129272463010073
433360.0;345972.7499;0.32352272639846036;0.4015860675715049;0.008676812483888876;0.6470454527969207
429829.0;463190.9607;0.32020189715199615;0.4064619204314943;0.011616582841821791;0.6404037943039923
418475.0;275625.52030000003;0.2970867745108718;0.42214032127327283;0.006912541395554018;0.5941735490217436
411717.0;275625.52030000003;0.29322662017350415;0.4314722424366284;0.006912541395554018;0.5864532403470083
403193.0;163485.73049999995;0.27319414856660174;0.44324278046510474;0.0041001351341980125;0.5463882971332035
399570.0;306161.1447999999;0.26764058291595294;0.44824567338828275;0.007678358610758174;0.5352811658319059
389189.0;0.0;0.25832149269306304;0.4625804874748164;0.0;0.5166429853861261
381774.0;0.0;0.2536505264810305;0.47281964039376895;0.0;0.507301052962061
379059.0;0.0;0.24470070167639746;0.47656870312808536;0.0;0.4894014033527949
369288.0;0.0;0.22525713177368076;0.4900611863608684;0.0;0.4505142635473615
352763.0;270508.45639999997;0.21416590660222332;0.5128800672759987;0.006784208155606042;0.42833181320444663
343633.0;0.0;0.19294728700694116;0.5254874126772174;0.0;0.38589457401388233
336875.0;0.0;0.18530531963109587;0.534819333840573;0.0;0.37061063926219173
327955.0;0.0;0.17962722096369363;0.5471366964888612;0.0;0.35925444192738726
313873.0;0.0;0.16876664626274665;0.5665821113782328;0.0;0.3375332925254933
308220.0;0.0;0.16503384784667527;0.5743881709130728;0.0;0.33006769569335054
301462.0;0.0;0.16012729984503318;0.5837200920764284;0.0;0.32025459969006637
294704.0;0.0;0.15624842341731127;0.593052013239784;0.0;0.31249684683462253
287946.0;0.0;0.15302344773923154;0.6023839344031395;0.0;0.3060468954784631
274430.0;0.0;0.14243557790928074;0.6210477767298507;0.0;0.2848711558185615
267672.0;0.0;0.13886491931471842;0.6303796978932062;0.0;0.27772983862943684
260914.0;0.0;0.1354196321938683;0.6397116190565618;0.0;0.2708392643877366
254156.0;0.0;0.13214382500300767;0.6490435402199174;0.0;0.26428765000601534
247398.0;0.0;0.12937095038391597;0.658375461383273;0.0;0.25874190076783193
