720739.0;5938480.8423;0.14544458429268883;0.0047529554075569505;0.14893393980507702;0.29088916858537767
720536.0;6834460.9904999975;0.14544109069220065;0.0050332720687231505;0.1714046451929014;0.2908821813844013
720521.0;6971951.751699997;0.14544063393315382;0.005053985122503904;0.17485284032834014;0.29088126786630764
720211.0;6904942.233299999;0.14543219192355453;0.005482054900639481;0.17317227726098716;0.29086438384710905
719382.0;6260498.676899997;0.14543586759149985;0.006626796339589136;0.15700997575906392;0.2908717351829997
718553.0;7169237.183099997;0.14543019441372698;0.007771537778538791;0.17980065397711942;0.29086038882745396
718088.0;4750002.957699999;0.14728150303840182;0.008413642445742156;0.11912754681920236;0.29456300607680364
717891.0;7065884.784499997;0.14542848858784238;0.008685673885396055;0.17720863081150437;0.29085697717568476
717328.0;4498973.672300001;0.1717278851085251;0.009463103837300344;0.11283186590788788;0.3434557702170502
716984.0;5455658.665099999;0.1454917915009267;0.009938123204005628;0.13682501649872336;0.2909835830018534
716832.0;4314681.126200002;0.16728953033559232;0.010148015482317266;0.10820990690923746;0.33457906067118465
716515.0;4050289.374100001;0.1767906632112994;0.010585751352217194;0.10157910244292725;0.3535813264225988
716312.0;3951772.9031000016;0.1780206472426688;0.010866068013383395;0.09910836176844193;0.3560412944853376
716184.0;4653590.995800002;0.15789535249750536;0.011042819405645827;0.11670958611318746;0.3157907049950107
715320.0;5810080.167299999;0.14544351215837226;0.01223589130341724;0.14571371919492265;0.2908870243167445
714009.0;6460007.769199998;0.14543281611269512;0.014046212203855114;0.1620135576400599;0.29086563222539025
709126.0;5564740.4893000005;0.1454616976191239;0.02078900164461647;0.1395607306098998;0.2909233952382478
708842.0;3743276.4521000013;0.22482516189026633;0.02118116879619874;0.09387938171320281;0.44965032378053266
708736.0;3485401.5989000024;0.2491061207542566;0.021327541042916065;0.08741201760382282;0.4982122415085132
707373.0;3609328.4504000014;0.2301410965921732;0.023209667196460552;0.09052003710100875;0.4602821931843464
706417.0;5332437.2467;0.1456129596948767;0.02452977915742059;0.1337346888883418;0.2912259193897534
704437.0;3291171.4203000013;0.2643171063266218;0.02726390225648008;0.08254082806964252;0.5286342126532436
704223.0;3410824.613200002;0.250997044635552;0.02755940849041883;0.08554166648304928;0.501994089271104
703479.0;3852453.900400002;0.18601335248975354;0.028586775957944215;0.096617494025928;0.3720267049795071
700466.0;3199711.557600002;0.28064562400593573;0.03274733802737161;0.08024706337667323;0.5612912480118715
695610.0;5169413.336900001;0.14573748403377115;0.03945284397132761;0.12964613597157637;0.2914749680675423
695331.0;5030023.200700001;0.14580386619266428;0.03983810677164963;0.1261503055217484;0.29160773238532856
694346.0;2979546.1144999997;0.3205125866567087;0.04119826396991912;0.07472543120835018;0.6410251733134174
692501.0;4942762.086500002;0.14595025728633876;0.043745969584951826;0.12396184320710817;0.2919005145726775
689156.0;2675196.3962;0.3253015584214168;0.04836498057805991;0.06709250221039646;0.6506031168428336
688706.0;2501210.229100001;0.3514273305364367;0.04898637219148252;0.06272902171329489;0.7028546610728734
686562.0;2367987.7439000006;0.3579013198952437;0.05194695801187824;0.05938787266889131;0.7158026397904874
685634.0;2579561.6136999996;0.3246945822339356;0.053228405605780876;0.06469403275021543;0.6493891644678712
685035.0;2822512.6137999995;0.32211979828770515;0.054055546886758975;0.07078711456446315;0.6442395965754103
681269.0;3087406.7576000006;0.3079593077900614;0.0592559042559802;0.07743051874729907;0.6159186155801228
680085.0;2892987.6557999994;0.31278543680043097;0.060890854634407694;0.07255459111978417;0.6255708736008619
679281.0;2276841.8491000007;0.3679283109618248;0.06200107431705609;0.0571019821237994;0.7358566219236496
679259.0;2169287.7044;0.37704501582885913;0.0620314534626012;0.05440458140164225;0.7540900316577183
674371.0;2096272.8129000007;0.38154336335911204;0.06878114725462281;0.05257340677225278;0.7630867267182241
671532.0;2739971.727999999;0.30872414616692534;0.07270143790019346;0.06871703306657727;0.6174482923338507
666999.0;1994292.3232000007;0.39808009811007916;0.07896092275273724;0.0500157903518907;0.7961601962201583
663845.0;1925334.8931000002;0.42984698895231677;0.08331618752770371;0.048286374695537655;0.8596939779046335
661691.0;1760314.3560000006;0.43278236115779567;0.08629058205061994;0.044147747428444545;0.8655647223155913
655832.0;1556074.1998000005;0.44688071256059037;0.09438110085738234;0.039025512982119516;0.8937614251211807
653130.0;1694793.6969000008;0.44084741982919445;0.09811221227842211;0.04250452416015007;0.8816948396583889
649836.0;1861438.0493000008;0.42031670771293983;0.10266079888867562;0.04668387585097494;0.8406334154258797
648954.0;1442000.3733000006;0.45631677623723876;0.10387872645098394;0.03616460210938094;0.9126335524744775
643396.0;4580523.9953;0.1489879985042369;0.11155360331187922;0.11487710461780386;0.2979759970084738
643321.0;3763224.640800001;0.14986977933136567;0.11165716858078298;0.09437967167185754;0.29973955866273133
642930.0;1323310.6526000006;0.45915408431940496;0.11219708884933463;0.033187927066110304;0.9183081686388099
640412.0;4467893.328300002;0.14940599128173426;0.11567412014399715;0.11205238741745562;0.2988119825634685
639943.0;4141128.716300001;0.14949276241232456;0.11632174829220872;0.10385730481192029;0.29898552482464913
636563.0;3681544.693400001;0.1504471914822054;0.12098908974413855;0.09233118205095948;0.3008943829644108
636156.0;1226298.2469000008;0.47339120651756567;0.121551103936723;0.030754907549072757;0.9467824130351313
629805.0;3520987.0205;0.15109383660646283;0.13032101090749412;0.08830448104342191;0.30218767321292567
604714.0;3377015.8138999995;0.19450772168364916;0.16496842640168688;0.08469375978543699;0.3890154433672983
604118.0;3134977.9782000016;0.2621131783505066;0.1657914250719088;0.07862357964846897;0.5242263567010133
603576.0;992761.3422999999;0.49610595423227055;0.16653985674852007;0.024897926240956;0.9922119084645411
602837.0;2360094.1273999996;0.33780043699047796;0.16756031986478517;0.059189904967070765;0.6756008739809559
597956.0;3284940.0672999993;0.19732566147800687;0.17430034756504245;0.08238454905195237;0.39465132295601374
597493.0;884180.6173999999;0.4958468267507517;0.1749396904917417;0.022174779433600973;0.9916936535015034
596725.0;2915747.4556000005;0.29942748790467627;0.17600019884531629;0.0731253947888377;0.5988549758093525
596406.0;1132637.3377000003;0.49418344388049995;0.17644069645572033;0.028405941781006215;0.9883668877609999
596102.0;700593.469;0.49252829841316087;0.1768604810123436;0.017570511433941737;0.9850565968263217
594300.0;524870.7712;0.49268895163120663;0.17934880920653815;0.01316347967084948;0.9853779032624133
591878.0;3001667.677100002;0.26187882488891534;0.18269327695700385;0.07528022822801808;0.5237576497778307
589504.0;2143084.831699999;0.37456738866794553;0.18597146293537112;0.053747427296231234;0.7491347773358911
589473.0;2631113.2245000005;0.2784155207128202;0.18601426991318468;0.06598691971973346;0.5568310414256404
588239.0;1945180.5487000006;0.39489475157510634;0.1877182638042147;0.048784093178599726;0.7897895031502127
586187.0;2229887.9040000006;0.3209567280173269;0.1905518095614218;0.05592440216373239;0.6419134560346538
583119.0;416854.3578;0.4912603349609261;0.19478831949471195;0.010454485495658167;0.9825206699218522
580040.0;277218.479;0.4881942905473282;0.19904001900077467;0.0069524919521758155;0.9763885810946564
579312.0;0.0;0.47774526582387367;0.20004529254426726;0.0;0.9554905316477473
576891.0;2025374.1239999998;0.3716660432472443;0.2033883794244809;0.05079530537809185;0.7433320864944886
576709.0;2520308.5830000006;0.28408377510153343;0.20363969781035404;0.06320799826734183;0.5681675502030669
573543.0;1609939.7742000003;0.4331195887709325;0.20801153302834513;0.04037643292752231;0.866239177541865
571946.0;1811072.8098000004;0.41548151041763326;0.21021678282086936;0.045420742442421905;0.8309630208352665
569278.0;3080260.775800001;0.2504040990012908;0.21390094465333942;0.07725130132595649;0.5008081980025816
565188.0;1717347.9599000004;0.41548604959504487;0.21954870398422494;0.04307017307562065;0.8309720991900897
560678.0;1539312.5494;0.4436142217683894;0.22577642882097154;0.038605139708550014;0.8872284435367788
554684.0;2815333.4433000013;0.25876175650675937;0.23405336511176073;0.0706070647881835;0.5175235130135187
542560.0;1264000.1998000003;0.4483330770588158;0.25079503604761794;0.03170045246752157;0.8966661541176316
535807.0;1385586.8823000004;0.44025153669952627;0.26012005285971324;0.03474978177133398;0.8805030733990525
525142.0;2217318.9502999997;0.3608657665113294;0.2748470340978291;0.05560917949256794;0.7217315330226588
517011.0;1894112.5034999996;0.4068201053114374;0.2860748901172497;0.04750333377703632;0.8136402106228748
512347.0;2133982.5884000002;0.3620437086810711;0.29251526897281205;0.05351914787734738;0.7240874173621422
500672.0;1478850.7803000002;0.439369097936213;0.3086369291654987;0.03708879070974441;0.878738195872426
486293.0;0.0;0.44380113604945604;0.3284924625197292;0.0;0.8876022720989121
486149.0;1763031.9415;0.3892878270798276;0.3286913078360244;0.04421590302682403;0.7785756541596552
482083.0;1664518.4244;0.40094367631862105;0.3343059262808607;0.04174523643457898;0.8018873526372421
457921.0;1305347.9695;0.41137322079920424;0.3676705133108988;0.0327374325314648;0.8227464415984085
456780.0;1389788.0273999998;0.3970958947916061;0.36924608626848815;0.034855144255115836;0.7941917895832122
450020.0;1844315.4445;0.32600751951010537;0.3785807691723478;0.04625445003310841;0.6520150390202107
449458.0;2038746.7357999997;0.31867098873104205;0.37935681825400003;0.05113068336679753;0.6373419774620841
442700.0;1947340.362;0.32489175665650055;0.3886887394173556;0.048838260146980096;0.6497835133130011
441418.0;1202438.0811000003;0.42009817976685576;0.39045901508048403;0.03015650728621696;0.8401963595337115
428375.0;1547163.1223000004;0.37329688457483506;0.4084697057779754;0.03880202789978499;0.7465937691496701
407425.0;0.0;0.3984691550337275;0.43739893755842807;0.0;0.796938310067455
277476.0;0.0;0.3150826404304867;0.6168416459421057;0.0;0.6301652808609735
148453.0;0.0;0.2057823471362367;0.7950056684723846;0.0;0.4115646942724734
