720739.0;4545684.075099999;0.14544458429268883;0.0047529554075569505;0.11400333795665371;0.29088916858537767
720734.0;1.5359672463499991E7;0.1454387910141068;0.004759859758817202;0.38521241288009583;0.2908775820282136
720732.0;6734144.992799999;0.14544407595753964;0.004762621499321302;0.16888877334626407;0.2908881519150793
720730.0;5688919.401200001;0.14543846364122273;0.004765383239825402;0.14267507164780263;0.29087692728244546
720728.0;7375417.4262999995;0.14543679463579243;0.0047681449803295035;0.18497154477313185;0.29087358927158485
720721.0;7229882.805200002;0.14543593701794869;0.004777811072093855;0.1813216139113415;0.29087187403589737
720709.0;6293013.608100001;0.14543588173133723;0.004794381515118458;0.1578254329331637;0.29087176346267446
720707.0;1.0325475842499997E7;0.14543573886889322;0.004797143255622558;0.25895744019779804;0.29087147773778643
720706.0;8881986.555599995;0.1454358563998732;0.004798524125874609;0.22275549692754343;0.2908717127997464
720691.0;5694220.700200001;0.14543598507145378;0.004819237179655362;0.14280802540603163;0.29087197014290755
720691.0;7729874.911299995;0.14543550991975265;0.004819237179655362;0.19386114989880945;0.2908710198395053
720667.0;7629350.696099998;0.14543585032722836;0.004852378065704569;0.19134005606805957;0.2908717006544567
720645.0;1.1347781929099998E7;0.14542825803549833;0.004882757211249674;0.28459633290576525;0.29085651607099666
720641.0;1.07973898062E7;0.145433790590166;0.004888280692257874;0.2707927913135642;0.290867581180332
720634.0;7442779.556500006;0.14543214616487776;0.004897946784022227;0.18666095115681294;0.2908642923297555
720602.0;7206457.6120000025;0.14543344859323296;0.004942134632087834;0.18073412252985546;0.2908668971864659
720602.0;7789083.895599997;0.145427036650181;0.004942134632087834;0.19534607972140713;0.290854073300362
720594.0;7702042.546499998;0.1454278757051838;0.004953181594104236;0.1931631289985433;0.2908557514103676
720489.0;5856633.252300003;0.14543196034531328;0.0050981729705695126;0.14688124579696954;0.29086392069062655
720342.0;1.0377762660300002E7;0.1454267272317511;0.005301160897620899;0.26026876576769054;0.2908534544635022
720334.0;5259356.254100001;0.14543998455912194;0.005312207859637301;0.13190185647853514;0.2908799691182439
720331.0;1.0312951862899996E7;0.14542648167021044;0.005316350470393452;0.258643345453132;0.2908529633404209
720297.0;7529326.212800004;0.1454276481669343;0.0053633000589631595;0.18883149524746667;0.2908552963338686
720141.0;8272023.493799998;0.145427014693257;0.005578715818282998;0.207457947883964;0.290854029386514
720136.0;5658515.1513;0.14541473985858744;0.00558562016954325;0.14191254923766525;0.2908294797171749
720109.0;5420859.178400001;0.14543585195954553;0.005622903666348606;0.1359522638882396;0.29087170391909106
719979.0;1.1239101569799995E7;0.14541121988001865;0.005802416799115138;0.28187068732067116;0.2908224397600373
719540.0;1.16970010678E7;0.14541107213593465;0.006408618839765197;0.29335456309343444;0.2908221442718693
719397.0;9724449.020000001;0.14541080534911768;0.006606083285808382;0.24388400728110918;0.29082161069823537
719347.0;9347891.716699997;0.14541002961215294;0.006675126798410895;0.2344401504712379;0.29082005922430587
719064.0;7121378.312999999;0.14541347143972336;0.007065913079741115;0.17860037897954084;0.2908269428794467
718651.0;4991394.115299999;0.14542884864432484;0.007636212493837866;0.12518150861350397;0.2908576972886497
718584.0;5647156.591000001;0.14542164444047026;0.007728730800725233;0.14162768258895223;0.2908432888809405
718462.0;1.0527321254799997E7;0.14539845311299843;0.007897196971475362;0.2640196157412955;0.29079690622599685
717819.0;9107227.790699996;0.14541218179480114;0.008785096543543673;0.22840442725852217;0.2908243635896023
717730.0;1.028993295769999E7;0.1454070159693656;0.008907993995976145;0.2580660435585099;0.2908140319387312
717549.0;7873761.352400004;0.14541267975004024;0.00915793151159724;0.19746974528315622;0.2908253595000805
717302.0;9709876.313199999;0.14540904182227024;0.009499006463853649;0.2435185315483445;0.2908180836445405
717260.0;7479233.390599999;0.1454114737086813;0.00955700301443976;0.18757519391985095;0.2908229474173626
717182.0;4541944.076599998;0.16992147906045343;0.00966471089409968;0.11390954078423504;0.33984295812090687
717180.0;4733559.811899999;0.14543591331898895;0.00966747263460378;0.1187151614715324;0.2908718266379779
716706.0;5716405.2173000015;0.1454112145932429;0.010322005134075597;0.14336440129106295;0.2908224291864858
716496.0;9323427.902099997;0.14540823844567927;0.010611987887006149;0.2338266110176648;0.29081647689135853
716321.0;6811438.770700003;0.14540716054425287;0.010853640181114942;0.17082726016987526;0.29081432108850575
716270.0;1.0218492885499999E7;0.1454020037771608;0.010924064563969505;0.256274364559242;0.2908040075543216
716169.0;4488990.290000002;0.16955496296291753;0.01106353245942658;0.11258148799171644;0.33910992592583505
716037.0;4434756.093200001;0.16979965376936706;0.011245807332697212;0.11122132319265654;0.33959930753873413
715680.0;8824078.715499997;0.14540563941541235;0.011738778012679151;0.22130319910917498;0.2908112788308247
715606.0;8576987.703599995;0.14540459610002307;0.011840962411330869;0.21510628800178178;0.29080919220004614
715529.0;5304441.9283;0.14540913385410262;0.011947289420738739;0.13303258119849115;0.29081826770820524
715501.0;4415636.8687;0.16219947898699447;0.011985953787796145;0.11074182321506632;0.32439895797398893
715371.0;7891284.148499996;0.14540398451808229;0.012165466920562676;0.1979092076858946;0.29080796903616457
714914.0;5483395.1090999935;0.14540296992444832;0.01279652462574964;0.1375206317563626;0.29080593984889663
714315.0;4174857.0904999976;0.19775680632338702;0.013623665906727738;0.10470319449081666;0.39551361264677404
714241.0;7261309.432600005;0.1454027263259431;0.013725850305379456;0.18210977700519695;0.2908054526518862
713984.0;5092627.335900001;0.14540525134481325;0.01408073396015637;0.12772038392244164;0.2908105026896265
713861.0;5404494.899799994;0.14540355826358767;0.01425058100115855;0.13554185648798217;0.29080711652717534
713758.0;5321646.0522;0.1454036093238805;0.014392810637119726;0.13346405147201135;0.290807218647761
711576.0;4152215.140299999;0.2187674048755269;0.017405869527093366;0.10413534642702632;0.4375348097510538
711415.0;4224784.7884;0.19474602426907983;0.017628189637673455;0.10595535458884689;0.38949204853815966
711004.0;4304836.1570999995;0.19036424581246697;0.018195727311266105;0.10796300032247566;0.38072849162493394
709960.0;3822128.3197000003;0.2264445788125681;0.019637355854406565;0.09585694459746864;0.4528891576251362
709640.0;4226818.532499999;0.157914591106838;0.020079234335062642;0.10600635980876957;0.315829182213676
707774.0;3903744.6898;0.20173133052190015;0.022655938225388403;0.0979038397335106;0.4034626610438003
706567.0;3561241.2365000006;0.24042427836162653;0.024322648619613054;0.08931403536242223;0.48084855672325305
706169.0;4404929.287799999;0.1523817394322556;0.02487223497992905;0.1104732827833351;0.3047634788645112
704695.0;4223120.6804;0.16021448062775653;0.026907637731451117;0.10591361964563789;0.32042896125551307
704456.0;3732462.7116999994;0.21941639334436733;0.027237665721691125;0.09360817885769646;0.43883278668873466
703577.0;4187180.8067000005;0.17573912755584975;0.02845145067324329;0.10501226673596602;0.3514782551116995
703055.0;3662605.197299999;0.2321080739465547;0.02917226494481352;0.09185618956601216;0.4642161478931094
700526.0;4164926.4574;0.19352826139860044;0.032664485812248595;0.1044541394965147;0.3870565227972009
700410.0;4382810.4218;0.14621965250705526;0.032824666761486425;0.10991855339296047;0.29243930501411053
698191.0;3388275.6145999995;0.3162865646145447;0.035888817850785924;0.08497614959592958;0.6325731292290894
697946.0;3475133.8658000003;0.308401436814597;0.036227131062538234;0.08715450832088338;0.616802873629194
697424.0;3366046.587899999;0.2943529620612476;0.03694794533410846;0.08441865743381273;0.5887059241224952
697176.0;3451289.607699999;0.28924164569560795;0.03729040115661692;0.08655650701467947;0.5784832913912159
697166.0;3552172.3799000005;0.2682956118400849;0.037304209859137426;0.0890865932642101;0.5365912236801698
695977.0;4156513.274299999;0.16175970968080172;0.03894606458882517;0.10424314134081476;0.32351941936160344
695129.0;3647391.3079000013;0.20173553193595098;0.04011704256256378;0.0914746333147971;0.40347106387190196
693047.0;3269004.744799999;0.2787124834985757;0.042992014427332394;0.0819848996424461;0.5574249669971514
692962.0;3505249.6178;0.2514109167509657;0.043109388398756665;0.08790979535719137;0.5028218335019314
692333.0;3409164.8547999994;0.2659905275885915;0.04397795578729627;0.0855000406254939;0.531981055177183
691886.0;3995567.411900001;0.18185107300986167;0.044595204789962734;0.10020670474716338;0.36370214601972334
690691.0;3045352.793899999;0.33285545476627215;0.04624534474116278;0.07637582771358427;0.6657109095325443
689080.0;3146761.574099999;0.308952754713046;0.04846992671721572;0.07891910596387892;0.617905509426092
688705.0;2732703.480000001;0.34102225192176094;0.048987753061734564;0.06853474927399357;0.6820445038435219
687765.0;2545039.8290999997;0.3715988974215708;0.0502857710986618;0.06382824476064117;0.7431977948431416
687593.0;3009042.6980999988;0.3407605206037908;0.05052328078201444;0.07546518983063046;0.6815210412075816
687061.0;4046457.6957999985;0.18023330740093876;0.05125790375610517;0.10148300598990512;0.3604666148018775
687024.0;3845396.446200001;0.192552419090633;0.05130899595543103;0.09644049682969003;0.385104838181266
684739.0;2948807.9892999995;0.3385918627013491;0.054464284481365845;0.07395453538333567;0.6771837254026982
684621.0;3093009.0143999998;0.3268005053541401;0.054627227171107774;0.0775710203670198;0.6536010107082803
684548.0;2557648.9094000002;0.34351795419136055;0.05472803069950744;0.06414447378558323;0.6870359083827211
683237.0;3171390.6486;0.2943471238618995;0.056538351599945316;0.0795367900478133;0.588694247723799
682850.0;3379480.401299998;0.2700523928225598;0.05707274838748876;0.08475557032608254;0.5401047856451195
681180.0;2402035.191;0.3642623501575607;0.05937880170841268;0.060241764526348905;0.7285247003151214
679718.0;2975766.9575999994;0.33837199522026185;0.06139763401691014;0.07463065196409474;0.6767439904405237
678926.0;3239981.7964;0.2919612083973772;0.062491283256533935;0.08125701953897216;0.5839224167947544
678787.0;2475616.558200001;0.34887935057272296;0.06268322422156891;0.0620871460648866;0.6977587011454459
678517.0;3633474.7808000003;0.2227643449890859;0.06305605918962248;0.09112561421977136;0.4455286899781718
678282.0;3134865.8848000006;0.32471751690676776;0.0633805636988543;0.07862076840563909;0.6494350338135355
678193.0;2286888.2556000007;0.3965121285215489;0.06350346115128676;0.05735394065337324;0.7930242570430978
677818.0;3491778.0596000007;0.2351579219279063;0.0640212874958056;0.08757193584542065;0.4703158438558126
676472.0;3153190.6546000005;0.2934040859699057;0.06587993885506524;0.07908034388206313;0.5868081719398114
676442.0;2380899.3587999996;0.38243406805125024;0.06592136496262675;0.059711689100630114;0.7648681361025005
675355.0;2992482.6330999997;0.3355170056343497;0.06742237092660537;0.07504987221163435;0.6710340112686994
675033.0;3479156.191200001;0.25616420325888006;0.06786701114776554;0.08725538610173485;0.5123284065177601
674051.0;3138722.5503999987;0.3046443260420113;0.06922302573527889;0.07871749152685;0.6092886520840226
673299.0;2104755.0335999997;0.37796927585222373;0.07026144016482068;0.05278613635422744;0.7559385517044475
672871.0;4312723.741299999;0.15104707560769842;0.07085245263269818;0.10816081673742181;0.30209415121539684
671998.0;3025764.7472;0.31600750984358916;0.07205795236273804;0.07588456992466687;0.6320150196871783
671945.0;4239022.5973;0.15517757106192537;0.0721311384860967;0.10631243126047045;0.31035514212385074
671687.0;2904348.346300001;0.31572121384411395;0.07248740301112568;0.07283951119277982;0.6314424276882279
671541.0;3018502.7076999997;0.30955506642312464;0.07268901006792501;0.07570244183795971;0.6191101328462493
670703.0;3450797.4902999983;0.23093490784010054;0.07384617933914311;0.08654416497213104;0.4618698156802011
669211.0;2011691.5224;0.40804021367498805;0.07590643775520209;0.05045215301014012;0.8160804273499761
668630.0;2670099.9165000007;0.32229498437551785;0.07670872337164328;0.06696468521123215;0.6445899687510357
667497.0;2033521.1204999995;0.3820401333052692;0.0782732493672162;0.05099962771549509;0.7640802666105384
666027.0;2928519.1058000005;0.3103025523507591;0.08030312863773006;0.07344570098037231;0.6206051047015182
664834.0;1830474.2293999998;0.42620146936352443;0.08195050684842602;0.04590731972297102;0.8524029387270489
663699.0;3175155.87;0.2907837525794687;0.08351779458450305;0.07963121979714347;0.5815675051589374
663102.0;1833777.1606999994;0.4177600424766582;0.08434217412497705;0.04599015548256638;0.8355200849533164
660893.0;3048020.4160000007;0.30461803628836387;0.08739251651175604;0.0764427302564761;0.6092360725767277
658070.0;2322847.5716999997;0.368860758017714;0.09129071323329388;0.058255781168092276;0.737721516035428
657741.0;1682009.1339000002;0.4428301250479061;0.09174501954621841;0.04218389412246204;0.8856602500958122
657649.0;1786415.7165999992;0.4390562514046003;0.09187205960940704;0.044802355664399586;0.8781125028092006
657422.0;1802960.3733;0.43765166624963575;0.09218551715662245;0.045217286851430116;0.8753033324992715
656394.0;3363359.301000002;0.278112907854815;0.0936050517757301;0.08435126170820016;0.55622581570963
655847.0;1746312.6547999997;0.43255167411661466;0.09436038780360159;0.043796592212309846;0.8651033482332293
655339.0;1727549.7524;0.43731411088234967;0.09506186989164311;0.04332602860339741;0.8746282217646993
654388.0;2725064.154799999;0.31347658588618593;0.0963750775013429;0.06834315906267484;0.6269531717723719
654386.0;2314542.3907000003;0.377729610553235;0.096377839241847;0.05804749164759513;0.75545922110647
654279.0;3207062.3820999996;0.28791484867631817;0.09652559235881637;0.08043141814393999;0.5758296973526363
654115.0;2588391.1220999993;0.3395059104195655;0.09675205508015261;0.06491547212292285;0.679011820839131
653457.0;2373091.5012;0.3626931032899569;0.09766066770600168;0.059515872186391386;0.7253862065799138
652223.0;3225539.5801999993;0.2678823330149948;0.09936466159703168;0.08089481644102468;0.5357646660299896
652077.0;2467389.4535;0.36223538356802903;0.09956626865383102;0.06188081465645093;0.7244707671360581
650742.0;1749988.9684;0.4266149140413752;0.10140973044031809;0.04388879220132168;0.8532298280827504
650147.0;2954535.567700002;0.2968549916289494;0.102231348240288;0.07409818000210393;0.5937099832578988
649795.0;1564916.9731000003;0.44830983507656413;0.10271741456900968;0.039247285031461014;0.8966196701531283
649008.0;2883047.693200001;0.306692397446758;0.10380415945737323;0.07230530214658619;0.613384794893516
648661.0;1555250.3002000002;0.45303688541721554;0.10428332143483467;0.03900485001852825;0.9060737708344311
648343.0;1668290.8426000003;0.44751542934710226;0.10472243817498664;0.04183984667582392;0.8950308586942045
648326.0;1629665.6262999997;0.44697037920675964;0.10474591296927149;0.04087114680254886;0.8939407584135193
648306.0;1654032.9488000004;0.44493950645866764;0.1047735303743125;0.04148226628559504;0.8898790129173353
647042.0;2494700.5494;0.3389244248945754;0.10651895037290401;0.06256576241005957;0.6778488497891508
646802.0;1542238.7445;0.45307256169060917;0.10685035923339607;0.03867852712470147;0.9061451233812183
646134.0;1417512.4209000003;0.45183707402664175;0.10777278056176563;0.03555045729262698;0.9036741480532835
645990.0;1395429.6939000003;0.454898544013627;0.10797162587806088;0.03499663424914366;0.909797088027254
645747.0;2382249.0414000005;0.3443233948304409;0.10830717734930909;0.05974553842210517;0.6886467896608818
645035.0;4101080.855599999;0.17337813163191915;0.10929035696876886;0.10285292577404734;0.3467562632638383
644937.0;1692360.5220999997;0.44115513717082355;0.10942568225346978;0.04244350143079859;0.8823102743416471
643927.0;2644270.2172999987;0.32392760405160603;0.11082036120804054;0.06631689009864468;0.6478552081032121
642957.0;1520134.0350999995;0.44776357729356264;0.11215980535252927;0.038124152774322434;0.8955271545871253
642590.0;2518331.1676000007;0.3353815245187336;0.11266658473503172;0.06315840574124401;0.6707630490374672
642362.0;1326143.7246;0.45605769271069596;0.11298142315249916;0.03325897900446226;0.9121153854213919
642178.0;2939334.7605000013;0.30583374816384457;0.11323550327887641;0.0737169518455041;0.6116674963276891
642167.0;2614347.744799999;0.334621749896817;0.11325069285164896;0.06556645040935741;0.669243499793634
641977.0;2970630.5038000015;0.2893851332275857;0.11351305819953851;0.07450183243577171;0.5787702664551714
641197.0;1944574.3289000008;0.40737641943918246;0.11459013699613771;0.0487688895085704;0.8147528388783649
640990.0;1557263.1205000002;0.43720518319345014;0.1148759771383121;0.03905533048068;0.8744103663869003
639713.0;2823878.794499999;0.31161759270807304;0.11663934845018027;0.07082137764950794;0.6232351854161461
638728.0;2003290.2326999996;0.3902428327789508;0.11799950564844977;0.05024145313458402;0.7804856655579016
638414.0;1360611.7887;0.455131743955227;0.11843309890759354;0.03412341971247988;0.910263487910454
637654.0;2871057.2766;0.3030537791475647;0.11948256029915173;0.07200458887806435;0.6061075582951294
635950.0;3128831.353;0.2787536198355784;0.12183556320864536;0.07846942555892124;0.5575072396711568
635779.0;1713835.7372;0.427802372377176;0.12207169202174595;0.04298208839907208;0.855604744754352
635215.0;1889754.3620999996;0.4024656853684714;0.12285050284390228;0.04739403390958432;0.8049313707369428
632736.0;2831477.2116000005;0.2857479514667069;0.12627368019873483;0.07101194190744486;0.5714959029334138
631477.0;2251521.178900001;0.3474959840680475;0.1280121958460661;0.05646695318769014;0.694991968136095
630636.0;2723016.0240000016;0.31297546681411487;0.12917350772804037;0.068291793031971;0.6259509336282297
629826.0;2832422.7543000006;0.2784672509945424;0.13029201263220105;0.07103565561526082;0.5569345019890848
629599.0;2861873.5223999997;0.2638443459872023;0.13060547017941648;0.0717742652091784;0.5276886919744046
628857.0;1912349.1444;0.3901437557089869;0.13163007590643774;0.047960699027539605;0.7802875114179738
628532.0;1178938.6532;0.4789007458491248;0.1320788587383541;0.029567154137953394;0.9578014916982496
627864.0;1173194.5806999998;0.48236707394978456;0.13300128006672365;0.02942309585593329;0.9647341478995691
627418.0;2562261.6287;0.3090890115097426;0.13361714819913806;0.06426015833131256;0.6181780230194852
624240.0;2787744.8105999995;0.3031018726531673;0.13800555386015376;0.06991515655930133;0.6062037453063346
623832.0;1213606.1236;0.4744624410414529;0.13856894892299024;0.030436595849875826;0.9489248820829058
623599.0;1317975.5615000003;0.46478086227412974;0.13889069169171794;0.033054125819993244;0.9295617245482595
623432.0;1874304.1221999996;0.39646527889805017;0.13912129702381035;0.04700655011358552;0.7929305577961003
622950.0;1267711.8931999996;0.4735923066386801;0.13978687648529856;0.03179353976309265;0.9471846132773603
622687.0;1008519.2542000003;0.4836776678708767;0.1401500453615878;0.025293126287010102;0.9673553357417534
622520.0;1111399.6650000003;0.4750527327859093;0.14038065069368016;0.02787331224973426;0.9501054655718186
618684.0;2821082.1623000004;0.30023363615286486;0.1456776689805449;0.07075123960195129;0.6004672723057297
618154.0;1076699.1464000002;0.48097559145361085;0.14640953021413156;0.02700304170653996;0.9619511829072217
617293.0;2707873.0775;0.2982568805389867;0.1475984595011468;0.06791201599094089;0.5965137610779734
615914.0;1474641.0840000003;0.43669253207809944;0.1495026795787241;0.036983213766416424;0.8733850641561989
614672.0;991498.5673000001;0.4906238235276431;0.1512177204317705;0.02486625651584757;0.9812476470552862
612954.0;887393.7298999998;0.4976264940323834;0.15359005552479282;0.022255362585482726;0.9952529880647668
611674.0;948859.7981;0.48959699058610606;0.15535756944741716;0.023796898871353448;0.9791939811722121
611651.0;1991579.6454;0.3897961772625789;0.15538932946321432;0.04994775783601592;0.7795923545251578
611022.0;1022370.1944000003;0.4827002189943983;0.15625789685175392;0.025640500497481;0.9654004379887966
610357.0;950538.8962000001;0.4884790916951374;0.15717617556936733;0.023839009758294588;0.9769581833902748
607826.0;1819529.6589000006;0.41198382219363855;0.1606711581773065;0.0456328357181682;0.8239676443872771
607585.0;3306404.921300002;0.261224007836951;0.16100394790805062;0.0829228761693508;0.522448015673902
607158.0;843348.9263999999;0.4972959835483215;0.16159357950567607;0.021150742348860926;0.994591967096643
606851.0;1004277.3796000002;0.486684513755839;0.1620175066730555;0.025186742329039395;0.973369027511678
606500.0;1905667.0300000003;0.3807201187274824;0.16250219213152514;0.047793115153776565;0.7614402374549648
606199.0;2211909.911099999;0.36462993229996243;0.16291783407739224;0.055473523667448836;0.7292598645999249
605279.0;2540867.9245999996;0.3353654335292428;0.16418823470927849;0.06372361561554908;0.6707308670584856
604370.0;989200.5175999998;0.4875051834204474;0.16544344576839215;0.024808622652107367;0.9750103668408948
603429.0;877946.9108000001;0.4970674886614624;0.16674284467557143;0.02201844138887516;0.9941349773229248
603383.0;2533800.594500001;0.3202580356161654;0.16680636470716576;0.06354637073699389;0.6405160712323308
601609.0;945033.7985999999;0.4958765146526544;0.16925602853430288;0.02370094483961381;0.9917530293053088
600761.0;817916.5349000001;0.49623004360568695;0.1704270065080415;0.02051291150199183;0.9924600872113739
599631.0;608591.4124;0.497769940676161;0.17198738989285828;0.01526314880644848;0.995539881352322
598887.0;794206.3883999999;0.49371250506794895;0.17301475736038366;0.019918273643358457;0.9874250101358979
597842.0;1581930.3186999992;0.42883843849714265;0.17445776677377617;0.039673970686725644;0.8576768769942853
597760.0;675721.8857;0.4944077290159077;0.1745709981344443;0.016946745358336363;0.9888154580318154
597746.0;890393.3352;0.4929222569197243;0.174590330317973;0.022330591090390418;0.9858445138394486
597658.0;907351.6745000001;0.48888775754145275;0.17471184690015343;0.022755897216918577;0.9777755150829055
596949.0;639100.4343999999;0.4956504681201611;0.17569088390885704;0.016028298845107175;0.9913009362403222
595313.0;680629.0667;0.49316515114146775;0.17794998764121125;0.017069814846825872;0.9863303022829355
594578.0;802917.5820999999;0.49229808624928056;0.17896492727646818;0.020136745746342236;0.9845961724985611
593815.0;787737.1337;0.492361350821361;0.1800185312787825;0.019756028177614;0.984722701642722
593710.0;2227788.8398;0.35547691400574855;0.1801635226552478;0.05587175875045689;0.7109538280114971
593167.0;488112.14240000007;0.4954216138872105;0.1809133352021111;0.012241592818909075;0.990843227774421
592950.0;2428671.4222;0.3288257375995972;0.18121298404680597;0.06090978703236047;0.6576514751991944
592140.0;1000422.2293000002;0.4817854577435369;0.18233148895096668;0.025090057210746187;0.9635709154870739
591708.0;720646.1845999999;0.492510298970987;0.18292802489985238;0.018073422871632258;0.985020597941974
591206.0;636109.7335000001;0.4951422444508873;0.1836212217663816;0.015953293657813675;0.9902844889017746
591065.0;612902.4174;0.49237030759080264;0.1838159244719207;0.015371266518068598;0.9847406151816053
588857.0;732625.3822999999;0.491301783556337;0.18686488598844764;0.01837385477611137;0.982603567112674
588543.0;562548.4674999999;0.49382706451803454;0.1872984792475914;0.014108416246676643;0.9876541290360691
588305.0;550508.1069;0.4918166779766811;0.1876271263675794;0.013806450409208809;0.9836333559533622
588044.0;492010.62879999995;0.49266411154470846;0.1879875335033645;0.012339364783532206;0.9853282230894169
587593.0;2227109.5604999997;0.3446871093401428;0.18861030598703915;0.055854722787040706;0.6893742186802856
587390.0;703793.7041000001;0.4879866932951589;0.18889062264820536;0.017650771627483238;0.9759733865903178
587242.0;537513.2476;0.49254743995939204;0.1890949914455088;0.013480546252210289;0.9850948799187841
586872.0;524142.2648;0.4903143624162457;0.18960591343876737;0.013145209117957845;0.9806287248324914
586794.0;570222.561;0.4881812801270215;0.1897136213184273;0.01430087842845997;0.976362560254043
586316.0;391604.2566;0.492112003708749;0.1903736772989073;0.009821226392520872;0.984224007417498
585626.0;1809469.3060999995;0.41025610360665077;0.191326477772822;0.04538052742281082;0.8205122072133015
584750.0;503814.93740000005;0.49032334116478943;0.192536120113618;0.012635410562437516;0.9806466823295789
584588.0;409659.8468;0.486132121818127;0.19275982109445014;0.010274050987800772;0.972264243636254
584538.0;259473.43629999997;0.4888413212314537;0.19282886460705265;0.0065074557229612175;0.9776826424629074
583149.0;258770.00360000003;0.48904421966278766;0.19474689338715045;0.006489814005124482;0.9780884393255753
582754.0;319268.87940000003;0.4863750786930593;0.1952923371367103;0.008007093620222522;0.9727501573861186
582666.0;0.0;0.4775200092166145;0.19541385371889072;0.0;0.955040018433229
582661.0;0.0;0.47520791179727645;0.19542075807015097;0.0;0.9504158235945529
580128.0;0.0;0.47518291765399945;0.19891850241859424;0.0;0.9503658353079989
577156.0;1577625.1652999993;0.43227544676088797;0.20302244880768758;0.03956599973012003;0.8645508935217759
574888.0;0.0;0.47201285877540766;0.20615426253933755;0.0;0.9440257175508153
574077.0;2158984.4529999997;0.3503173444184031;0.2072741483137503;0.05414618133863726;0.7006346888368062
573987.0;0.0;0.4720100491081715;0.20739842663643482;0.0;0.944020098216343
573862.0;0.0;0.47128854619652016;0.20757103541794109;0.0;0.9425770923930403
572451.0;0.0;0.47060239887094824;0.209519443343584;0.0;0.9412047977418965
572296.0;0.0;0.4705500978471288;0.2097334782326518;0.0;0.9411001956942576
572085.0;0.0;0.4696938293916744;0.2100248418558344;0.0;0.9393876587833488
571988.0;0.0;0.4695188402866938;0.21015878627028325;0.0;0.9390376805733875
568776.0;0.0;0.46643367892949594;0.21459414151986866;0.0;0.9328673578589919
563231.0;1752292.4926999996;0.4015552552438502;0.22225106706748726;0.043946563365116965;0.8031105104877004
563037.0;0.0;0.4638737201018588;0.222518955896385;0.0;0.9277474402037176
562495.0;0.0;0.463355814166474;0.22326738757299625;0.0;0.926711628332948
559091.0;0.0;0.4587914877355522;0.22796786991097528;0.0;0.9175829754711043
555144.0;0.0;0.4565660205556214;0.23341816479581762;0.0;0.9131320411112428
553296.0;1446791.0231999995;0.4397138648593626;0.23597001302160647;0.03628474905988576;0.8794277297187252
550860.0;0.0;0.45438005554658806;0.23933381295560088;0.0;0.9087601110931761
550331.0;0.0;0.45438005554658795;0.24006429331893547;0.0;0.9087601110931759
550276.0;0.0;0.45276786539122427;0.24014024118279823;0.0;0.9055357307824485
549017.0;2341603.5074;0.33485458636801135;0.2418787568301295;0.05872617005587554;0.6697091727360227
545979.0;0.0;0.4501846176861515;0.24607384065585813;0.0;0.900369235372303
545107.0;0.0;0.44752513733300703;0.24727795951564596;0.0;0.8950502746660141
542770.0;2152901.012;0.36664273758374966;0.25050505329468736;0.053993611875206814;0.7332854751674993
540340.0;0.0;0.44518195700423063;0.2538605680071695;0.0;0.8903639140084613
538742.0;0.0;0.4409814203138146;0.25606719866994576;0.0;0.8819628406276292
535992.0;0.0;0.4360611064701952;0.25986459186308397;0.0;0.8721222129403904
531268.0;0.0;0.43407969553993414;0.26638782293376934;0.0;0.8681593910798683
530854.0;2042788.6282000002;0.3703082922512961;0.2669595032181181;0.05123205187759787;0.7406165845025922
529046.0;0.0;0.4320962597217472;0.26945611663382496;0.0;0.8641925194434944
525853.0;0.0;0.42234224232370315;0.2738652353486214;0.0;0.8446844846474063
521858.0;2021244.6871999998;0.37197228783974384;0.27938181200556217;0.05069174130031975;0.7439445756794877
519017.0;0.0;0.4202470123900943;0.2833048643916369;0.0;0.8404940247801886
515369.0;0.0;0.41994771363912564;0.2883422790711162;0.0;0.8398954272782513
513978.0;0.0;0.4140521746098658;0.2902630695917181;0.0;0.8281043492197316
511639.0;0.0;0.4124119845653147;0.2934929251112636;0.0;0.8248239691306294
509952.0;0.0;0.40962922914430927;0.2958224532264724;0.0;0.8192584582886185
509195.0;0.0;0.40588860757625816;0.29686777200727443;0.0;0.8117772151525163
509094.0;0.0;0.40131841161807147;0.2970072399027315;0.0;0.8026368232361429
501018.0;0.0;0.3967733677616302;0.3081591480582893;0.0;0.7935467355232604
499917.0;0.0;0.39588829024001254;0.3096794862057966;0.0;0.7917765804800251
499234.0;0.0;0.38883042998930817;0.31062262058794693;0.0;0.7776608599786163
491779.0;0.0;0.38775074121853353;0.32091700831698156;0.0;0.7755014824370671
491086.0;0.0;0.37400335130604995;0.32187395140165237;0.0;0.7480067026120999
481244.0;0.0;0.36547880916932673;0.3354644764223309;0.0;0.7309576183386535
473597.0;0.0;0.35380367590093126;0.34602399123975913;0.0;0.7076073518018625
468884.0;0.0;0.3520559546025041;0.3525320327376719;0.0;0.7041119092050082
464564.0;0.0;0.35072230678236366;0.358497392226529;0.0;0.7014446135647273
463159.0;0.0;0.35034565609105695;0.3604375149306596;0.0;0.7006913121821139
460678.0;0.0;0.34785363238011374;0.36386345402599624;0.0;0.6957072647602275
460242.0;0.0;0.34399642109873146;0.3644655134558902;0.0;0.6879928421974629
456514.0;0.0;0.34027241850625844;0.3696133977555335;0.0;0.6805448370125169
454468.0;0.0;0.3357215715947457;0.3724386582912283;0.0;0.6714431431894914
454165.0;0.0;0.3356056170089784;0.37285706197759955;0.0;0.6712112340179568
452232.0;0.0;0.3316485660945091;0.37552628417481265;0.0;0.6632971321890182
450459.0;0.0;0.3315418715448604;0.37797456713169775;0.0;0.6630837430897208
449013.0;0.0;0.3297035381227276;0.37997130551616237;0.0;0.6594070762454552
448465.0;0.0;0.3296962935521624;0.38072802241428594;0.0;0.6593925871043248
448405.0;0.0;0.327459581361953;0.38081087462940894;0.0;0.654919162723906
446640.0;0.0;0.32551759813487474;0.3832481106242776;0.0;0.6510351962697495
443816.0;0.0;0.32377969405431284;0.38714768821606754;0.0;0.6475593881086257
443141.0;0.0;0.3209011279284464;0.38807977563620144;0.0;0.6418022558568928
441641.0;0.0;0.3192481841541099;0.3901510810142768;0.0;0.6384963683082198
438785.0;0.0;0.31564061825203105;0.39409484645413234;0.0;0.6312812365040621
435636.0;0.0;0.3120036464401074;0.3984432068778386;0.0;0.6240072928802148
432420.0;0.0;0.30948171205543124;0.40288408560843214;0.0;0.6189634241108625
429869.0;0.0;0.3034828702993079;0.4064066856214123;0.0;0.6069657405986159
429057.0;0.0;0.29698453801687763;0.40752795226607713;0.0;0.5939690760337553
424145.0;0.0;0.29551286711560504;0.41431078694414797;0.0;0.5910257342312101
422652.0;0.0;0.28959472685716237;0.41637242623045895;0.0;0.5791894537143247
419202.0;0.0;0.28809033523494715;0.4211364286000323;0.0;0.5761806704698943
418576.0;0.0;0.28648711915993197;0.4220008533778158;0.0;0.5729742383198639
417068.0;0.0;0.28216852917639;0.42408320571790753;0.0;0.56433705835278
414332.0;0.0;0.2818061085868525;0.427861266727517;0.0;0.563612217173705
413282.0;0.0;0.2774408156136488;0.42931118049216976;0.0;0.5548816312272976
411320.0;261822.3901;0.2756616854882775;0.43202044792669236;0.006566366234444591;0.551323370976555
409951.0;207380.1233;0.27307384246083366;0.43391085930174916;0.005200983150493652;0.5461476849216673
409658.0;0.0;0.2697677675476935;0.43431545428559987;0.0;0.539535535095387
405740.0;0.0;0.2697677675476934;0.43972570393313276;0.0;0.5395355350953868
404504.0;0.0;0.2621230978926681;0.44143245956466687;0.0;0.5242461957853362
401011.0;0.0;0.2612620260298865;0.44625583935507834;0.0;0.522524052059773
399210.0;0.0;0.2599998487178683;0.44874278667902084;0.0;0.5199996974357366
396382.0;0.0;0.2586493704616497;0.45264788775181897;0.0;0.5172987409232994
396170.0;0.0;0.258509730135944;0.4529406322452536;0.0;0.517019460271888
396133.0;158442.9551;0.25244355362134774;0.45299172444457947;0.003973665010302953;0.5048871072426955
395896.0;162814.78969999996;0.25098072610178584;0.45331899069431536;0.004083308295925134;0.5019614522035717
395177.0;0.0;0.25464456716174;0.4543118364055395;0.0;0.50928913432348
394792.0;0.0;0.25440816620040635;0.45484347145257886;0.0;0.5088163324008127
394179.0;0.0;0.2496316415027416;0.45568994491708564;0.0;0.4992632830054832
393471.0;428374.6411;0.24591101345242625;0.4566676010555372;0.010743408071162362;0.4918220269048525
390719.0;0.0;0.24845587351976614;0.4604677559891795;0.0;0.4969117470395323
389677.0;65903.4864;0.24184623533914865;0.4619066227918159;0.0016528243732854774;0.4836924706782973
389531.0;0.0;0.2424531343467497;0.4621082298486152;0.0;0.4849062686934994
386490.0;0.0;0.24155543799906704;0.4663074562851;0.0;0.48311087599813407
384902.0;0.0;0.2380391437616261;0.4685002782453558;0.0;0.4760782875232522
384116.0;0.0;0.23571643670629253;0.4695856422634673;0.0;0.47143287341258505
383312.0;0.0;0.23493081200050267;0.4706958619461157;0.0;0.46986162400100534
383241.0;0.0;0.2347807551645293;0.47079390373401125;0.0;0.4695615103290586
382919.0;121118.30960000001;0.23456256587451751;0.47123854395517145;0.0030375827606901303;0.46912513174903503
381202.0;0.0;0.23392377901841963;0.4736094981779417;0.0;0.46784755803683925
378800.0;0.0;0.2326575813438652;0.4769263485233664;0.0;0.4653151626877304
376483.0;0.0;0.2295376420605114;0.4801258248973668;0.0;0.4590752841210228
376374.0;0.0;0.22820871247484548;0.4802763397548403;0.0;0.45641742494969095
375622.0;410140.7923;0.227164735724569;0.4813147541843821;0.010286112845041483;0.454329471449138
373999.0;270355.44;0.2252952025035316;0.48355590660345965;0.006780370585710311;0.4505904050070632
370934.0;0.0;0.22729762834796796;0.48778827392599367;0.0;0.4545952566959359
370079.0;0.0;0.22359551377136425;0.4889689179914966;0.0;0.4471910275427285
369859.0;0.0;0.22190290771946608;0.4892727094469477;0.0;0.44380581543893216
368864.0;293837.4909;0.22140497766732065;0.49064667534773765;0.007369287928059747;0.4428099553346413
365598.0;0.0;0.21082222132870193;0.4951565975909338;0.0;0.42164444265740386
359945.0;0.0;0.20862844335906167;0.5029626571257738;0.0;0.41725688671812333
356112.0;0.0;0.2045619505737473;0.5082555328018824;0.0;0.4091239011474946
353921.0;0.0;0.20362567284688238;0.5112810195241245;0.0;0.40725134569376475
349657.0;0.0;0.2009816853681852;0.5171690502788667;0.0;0.4019633707363704
345001.0;0.0;0.1960881275662796;0.5235983821724127;0.0;0.3921762551325592
343633.0;0.0;0.19294728700694116;0.5254874126772174;0.0;0.38589457401388233
336875.0;0.0;0.18530531963109587;0.534819333840573;0.0;0.37061063926219173
327955.0;0.0;0.17962722096369363;0.5471366964888612;0.0;0.35925444192738726
327389.0;0.0;0.17834486640658784;0.5479182690515216;0.0;0.3566897328131757
316601.0;0.0;0.17006509993981406;0.5628150973306397;0.0;0.3401301998796281
313873.0;0.0;0.16876664626274665;0.5665821113782328;0.0;0.3375332925254933
308220.0;0.0;0.16503384784667527;0.5743881709130728;0.0;0.33006769569335054
306058.0;0.0;0.16458393258636012;0.5773736123980054;0.0;0.32916786517272023
301462.0;0.0;0.16012729984503318;0.5837200920764284;0.0;0.32025459969006637
294704.0;0.0;0.15544411505192085;0.593052013239784;0.0;0.3108882301038417
287946.0;0.0;0.15171749256360034;0.6023839344031395;0.0;0.3034349851272007
281188.0;0.0;0.1467193864233272;0.6117158555664951;0.0;0.2934387728466544
274430.0;0.0;0.14243557790928074;0.6210477767298507;0.0;0.2848711558185615
267672.0;0.0;0.13886491931471842;0.6303796978932062;0.0;0.27772983862943684
260914.0;0.0;0.1354196321938683;0.6397116190565618;0.0;0.2708392643877366
254156.0;0.0;0.13214382500300767;0.6490435402199174;0.0;0.26428765000601534
247398.0;0.0;0.12937095038391597;0.658375461383273;0.0;0.25874190076783193
238478.0;0.0;0.12422946200756661;0.6706928240315612;0.0;0.24845892401513323
231720.0;0.0;0.12323899614876488;0.6800247451949167;0.0;0.24647799229752976
224962.0;0.0;0.11933858064039203;0.6893566663582723;0.0;0.23867716128078406
211446.0;0.0;0.11331337856396283;0.7080205086849835;0.0;0.22662675712792565
204688.0;0.0;0.11137472376626596;0.717352429848339;0.0;0.22274944753253192
191172.0;0.0;0.1076935181961014;0.7360162721750502;0.0;0.2153870363922028
