720702.0;7306554.332399996;0.14545178767620984;0.004804047606882809;0.18324449501848075;0.2909035753524197
720579.0;7678892.083299998;0.14544282888060392;0.00497389464788499;0.1925825276992802;0.29088565776120784
720567.0;7443594.351799997;0.145434457876363;0.004990465090909593;0.18668138578940416;0.290868915752726
720189.0;8313485.738099999;0.14543060122899074;0.005512434046184587;0.20849779890996611;0.29086120245798147
719366.0;8648392.169999998;0.14542660870909513;0.0066488902636219396;0.216897074026531;0.29085321741819026
719132.0;8462123.070500001;0.14543048879491746;0.006972013902601697;0.21222554412028413;0.2908609775898349
719014.0;5882282.360900001;0.1459225393475872;0.007134956592343627;0.14752451179339676;0.2918450786951744
718248.0;7040222.725499998;0.14551303540192662;0.008192703205414115;0.17656504002593573;0.29102607080385323
715694.0;5244972.526400002;0.16665852130229328;0.011719445829150446;0.1315411202410474;0.33331704260458656
713193.0;5858874.576100001;0.15195097201404376;0.015173002329528115;0.14693745700532015;0.3039019440280875
713159.0;5621369.0992;0.14941330624657992;0.015219951918097824;0.14098094601549926;0.29882661249315984
712755.0;6775746.072299999;0.14555788127673064;0.015777823499926125;0.16993210628521138;0.2911157625534613
711762.0;6521208.8149;0.14554059520559445;0.017149027660212018;0.16354844730264262;0.2910811904111889
709068.0;4955557.030000002;0.1777104510518669;0.020869092119235384;0.12428273358221298;0.3554209021037338
702241.0;5405391.236000001;0.15900857360558834;0.030296293329982422;0.13556433612295987;0.3180171472111767
700793.0;4854436.255100002;0.3040695877474703;0.03229579345495118;0.12174667835160176;0.6081391754949406
698812.0;6237633.0655000005;0.14578318628798423;0.03503129742426272;0.15643651839138226;0.29156637257596846
695104.0;4806234.4067;0.3229977374182659;0.04015156431886503;0.12053780164074941;0.6459954748365317
694005.0;4262005.221100002;0.26251201251301237;0.041669140725868255;0.10688882323688483;0.5250240250260247
690966.0;4118889.8433000008;0.33564237046905704;0.045865605421848955;0.10329956570983842;0.6712847409381141
689859.0;3981227.091300001;0.34515684710503697;0.04739422879086858;0.09984705713664777;0.6903136942100739
688857.0;5370402.2711;0.1628490010998508;0.04877786078342293;0.13468683150003674;0.3256980021997016
687157.0;4549158.379400001;0.24527204032853844;0.05112534021190835;0.11409047165990577;0.4905440806570769
686078.0;3823206.0958000002;0.34237529383526755;0.052615299213870564;0.09588397464859845;0.6847505876705351
685215.0;4196499.1737;0.2907142047937669;0.05380699024138993;0.10524596642225179;0.5814284095875338
683502.0;4469406.424800002;0.25886613582300866;0.056172420983152005;0.11209033507259412;0.5177322716460173
680973.0;3739589.7150000003;0.3624018354704382;0.05966464185058708;0.09378692030835706;0.7248036709408764
679518.0;5498301.580500001;0.15514627717505744;0.06167380806732019;0.13789447812770744;0.3102925543501149
676913.0;4058360.8082000013;0.283583650586745;0.06527097507391108;0.10178152971554341;0.56716730117349
675850.0;4204236.6323000025;0.27605603315093985;0.06673884015184049;0.10544001776702816;0.5521120663018797
671165.0;4657498.735800001;0.20956149511358324;0.0732082172826959;0.11680759015317498;0.4191229902271665
668679.0;3527844.3848000006;0.3377348595262375;0.07664106072929282;0.0884764600914308;0.675469719052475
664311.0;3749531.2133000004;0.2964371146617437;0.08267270199024829;0.09403624779609399;0.5928742293234874
661212.0;2116507.761;0.42864394698463004;0.08695201890135201;0.053080888504081845;0.8572878939692601
658310.0;3033961.174100001;0.3698838653963186;0.09095930437280182;0.07609013195020144;0.7397677307926372
656214.0;2981778.2697000005;0.3236866102851661;0.09385360842109915;0.07478141247309124;0.6473732205703322
650130.0;1946756.423299999;0.4458978095004486;0.10225482303457285;0.04882361527508351;0.8917956190008972
648060.0;2488110.3468;0.4094248158950765;0.10511322445631686;0.06240048363533651;0.818849631790153
647773.0;1838684.4113;0.44675945119946336;0.10550953421865528;0.04611322671658687;0.8935189023989267
646579.0;2869349.6857000003;0.3593559219638394;0.10715829329960327;0.07196176340685953;0.7187118439276788
641707.0;1743575.3582000001;0.4557769062462438;0.11388589316759208;0.04372794227003015;0.9115538124924876
641005.0;2546352.8217999996;0.39949851184452695;0.11485526408453135;0.06386117391894598;0.7989970236890539
635771.0;2649221.6324999994;0.3931732893638671;0.12208273898376235;0.06644106895733427;0.7863465787277342
626391.0;2173098.4432;0.4121863435222539;0.13503530194799365;0.05450015270314572;0.8243726870445078
622889.0;1627668.7585;0.4703461579820565;0.13987110957067364;0.04082106642060918;0.940692315964113
619043.0;3219753.074300001;0.30758481646529245;0.14518193656005887;0.0807496939519104;0.6151696329305849
617831.0;2304279.4520999994;0.3661836614270964;0.14685555130554379;0.057790102608164674;0.7323673228541928
617139.0;1255647.4770999998;0.4787870474356102;0.14781111351996254;0.031490970626484156;0.9575740948712204
611489.0;2911840.4594;0.30003756552230937;0.15561303044404645;0.07302740940295842;0.6000751310446187
609190.0;1469615.513;0.4751783801107318;0.15878765115350996;0.036857175119719324;0.9503567602214636
607953.0;1589039.9686;0.4740029193065145;0.16049578765529612;0.039852276923347564;0.948005838613029
603253.0;1046822.4004000002;0.4960711425229703;0.1669858778399323;0.02625374881354273;0.9921422850459406
600585.0;2198137.4871000005;0.40568241162076796;0.17067003967240235;0.05512811860149743;0.8113648232415359
594014.0;880000.7554;0.4937327036953595;0.1797437380986245;0.02206995071864289;0.987465407390719
586034.0;718251.0152;0.49243714609549616;0.1907630827099855;0.018013353297491073;0.9848742921909923
582082.0;1216823.1023000001;0.4872105993304131;0.19622028194608807;0.03051727596399647;0.9744211986608262
579361.0;0.0;0.4767384081437385;0.19997762990191678;0.0;0.953476816287477
563133.0;1993772.8561;0.4261512371510869;0.22238639235218818;0.050002762393418373;0.8523024743021738
550457.0;0.0;0.45871190039771237;0.23989030366717712;0.0;0.9174238007954247
546742.0;0.0;0.4564539640216644;0.2450202366535438;0.0;0.9129079280433288
534850.0;0.0;0.4528026473783924;0.2614415456909253;0.0;0.9056052947567848
531504.0;0.0;0.4510423012731005;0.2660619375542855;0.0;0.902084602546201
524099.0;0.0;0.4372584610967214;0.27628728177071754;0.0;0.8745169221934428
515050.0;0.0;0.42409232473213254;0.28878277668152025;0.0;0.8481846494642651
513685.0;0.0;0.4154748817884552;0.2906676645755688;0.0;0.8309497635769104
507635.0;0.0;0.40818300930268436;0.2990219296004728;0.0;0.8163660186053687
499917.0;0.0;0.39588829024001254;0.3096794862057966;0.0;0.7917765804800251
492975.0;0.0;0.39160662603059687;0.3192654874955294;0.0;0.7832132520611937
489248.0;0.0;0.38713523321154875;0.3244119909249207;0.0;0.7742704664230975
485990.0;0.0;0.3782974856617818;0.3289108662061004;0.0;0.7565949713235636
475396.0;0.0;0.3741459280038767;0.34353980565632075;0.0;0.7482918560077534
471449.0;0.0;0.36606428160485843;0.34899010054116303;0.0;0.7321285632097169
463159.0;0.0;0.35034565609105695;0.3604375149306596;0.0;0.7006913121821139
454835.0;0.0;0.34655809204083177;0.37193187890872587;0.0;0.6931161840816635
442181.0;0.0;0.32940879860525724;0.38940541107816967;0.0;0.6588175972105145
436434.0;0.0;0.3172120198850294;0.3973412724167025;0.0;0.6344240397700588
426849.0;0.0;0.31014983233657206;0.4105769137826041;0.0;0.6202996646731441
416924.0;0.0;0.2919090217065479;0.4242820510342028;0.0;0.5838180434130958
411757.0;0.0;0.27765654516515775;0.4314170076265464;0.0;0.5553130903303155
409658.0;0.0;0.2697677675476935;0.43431545428559987;0.0;0.539535535095387
395896.0;162814.78969999996;0.25098072610178584;0.45331899069431536;0.004083308295925134;0.5019614522035717
393471.0;428374.6411;0.24591101345242625;0.4566676010555372;0.010743408071162362;0.4918220269048525
389677.0;65903.4864;0.24184623533914865;0.4619066227918159;0.0016528243732854774;0.4836924706782973
384902.0;0.0;0.2380391437616261;0.4685002782453558;0.0;0.4760782875232522
373999.0;270355.44;0.2252952025035316;0.48355590660345965;0.006780370585710311;0.4505904050070632
368864.0;293837.4909;0.22140497766732065;0.49064667534773765;0.007369287928059747;0.4428099553346413
366499.0;0.0;0.22674802536623695;0.4939124334938365;0.0;0.4534960507324739
362106.0;319182.5226999999;0.21609214080792932;0.4999785965110932;0.008004927840134799;0.43218428161585865
356112.0;0.0;0.2045619505737473;0.5082555328018824;0.0;0.4091239011474946
349657.0;0.0;0.2009816853681852;0.5171690502788667;0.0;0.4019633707363704
342899.0;0.0;0.19341998322843573;0.5265009714422223;0.0;0.38683996645687146
336875.0;0.0;0.18797124540668095;0.534819333840573;0.0;0.3759424908133619
334147.0;0.0;0.18599055710275608;0.5385863478881661;0.0;0.37198111420551216
327389.0;0.0;0.18230717091531168;0.5479182690515216;0.0;0.36461434183062336
316601.0;0.0;0.17006509993981406;0.5628150973306397;0.0;0.3401301998796281
306058.0;0.0;0.16458393258636012;0.5773736123980054;0.0;0.32916786517272023
294704.0;0.0;0.15766162125985414;0.593052013239784;0.0;0.3153232425197083
285784.0;0.0;0.15335588219481466;0.6053693758880722;0.0;0.3067117643896293
281188.0;0.0;0.14893667485268658;0.6117158555664951;0.0;0.29787334970537316
272268.0;0.0;0.14382642190039435;0.6240332182147833;0.0;0.2876528438007887
