720727.0;6678791.3425;0.1454442214686964;0.004769525850581553;0.16750053324905792;0.2908884429373928
719841.0;6472912.2329;0.14686880338818678;0.0059929768938980724;0.16233719472350774;0.29373760677637356
719466.0;5434669.324100002;0.14563790993751985;0.0065108032384169155;0.13629861499435628;0.2912758198750397
719169.0;4856120.1076;0.14553994315266605;0.006920921703275839;0.12178890847636516;0.2910798863053321
718226.0;4576137.5859;0.16227418658620266;0.008223082350959221;0.11476709580395258;0.3245483731724053
718226.0;5131482.9125;0.14553342164318084;0.008223082350959221;0.12869486110947156;0.2910668432863617
718062.0;6101536.175200002;0.14543614415831085;0.008449545072295462;0.1530232807964711;0.2908722883166217
718010.0;6244698.706500003;0.14543609548712408;0.008521350325402076;0.15661372090820827;0.29087219097424816
718006.0;5990233.927600003;0.14542993706380383;0.008526873806410276;0.15023187964785548;0.29085987412760766
717543.0;6345590.727000003;0.14542948475206605;0.00916621673310954;0.15914403910018207;0.2908589695041321
717499.0;5000334.164599999;0.14552256476176975;0.009226975024199752;0.1254057202931673;0.2910451295235395
717132.0;6809443.992000003;0.14542726994879454;0.009733754406702192;0.17077723218145202;0.2908545398975891
713999.0;4713926.477900001;0.1455667845839138;0.014060020906375616;0.11822276790122728;0.2911335691678276
712306.0;5273901.359999999;0.145518174873586;0.016397834243096685;0.13226663999541347;0.291036349747172
712067.0;4487939.4262000015;0.16508395395947892;0.016727862233336693;0.11255513288675124;0.33016790791895784
711248.0;5826430.773900001;0.14545789312720098;0.017858794969765845;0.1461237837086945;0.29091578625440195
708880.0;4131388.1898;0.19730042978535126;0.021128695726620832;0.10361301758999518;0.3946008595707025
708267.0;4009130.6811999995;0.18571865100790114;0.021975169191127634;0.10054686432452485;0.3714373020158023
708202.0;3897706.7489999984;0.23979438294830221;0.022064925757510897;0.09775241139088658;0.47958876589660443
703336.0;4640454.251100001;0.14579549592488503;0.0287842404039874;0.11638012354585067;0.29159099184977005
700494.0;3370757.6421999987;0.23726098837927764;0.0327086736603142;0.08453680816902043;0.4745219767585553
699991.0;3248240.7649999987;0.2573921616865731;0.033403251397095476;0.08146415007706577;0.5147843233731462
695040.0;4294198.868600001;0.16574301954907747;0.04023994001499625;0.10769622278673564;0.33148603909815494
694309.0;3050245.240199999;0.2964507006637255;0.04124935616924498;0.07649852766363775;0.592901401327451
691359.0;3654768.5845999992;0.22728352831502308;0.04532292341279321;0.09165965148916531;0.45456705663004615
689006.0;3560275.8696999997;0.20771076084318335;0.04857211111586744;0.08928982447672618;0.4154215216863667
688990.0;3435946.4243000005;0.20627705570466218;0.048594205039900244;0.08617170813873856;0.41255411140932435
688323.0;3745858.3185;0.1887323039548973;0.04951524549801776;0.09394413354876709;0.3774646079097946
686587.0;2784357.4554999997;0.34368478743715547;0.05191243625557699;0.0698302034957218;0.6873695748743109
683515.0;2958991.7108;0.32289208166674477;0.05615446966987535;0.07420993770004758;0.6457841633334895
680320.0;2346670.1633999995;0.3662481458309098;0.06056635012517589;0.05885323909251231;0.7324962916618196
678360.0;2885622.1292;0.3404602535878472;0.06327285581919437;0.07236986763167198;0.6809205071756944
677642.0;2674294.8416;0.3562419151275839;0.06426432066016645;0.06706989170072353;0.7124838302551678
674225.0;2274795.6678;0.3731690686547514;0.06898275431142215;0.05705066498551819;0.7463381373095028
672079.0;2502800.3138999995;0.3482843731014389;0.07194610187232198;0.06276890019403379;0.6965687462028778
666370.0;2114366.517299999;0.3962374758513108;0.07982949014127684;0.053027187251389;0.7924749517026216
665383.0;4408449.018200001;0.1473112405285547;0.08119240908005043;0.11056155574900503;0.2946224810571094
663918.0;2563984.2420999995;0.3435821929467029;0.08321538399930405;0.06430336055882427;0.6871643858934058
662769.0;4200055.7858;0.14771503937403854;0.08480200391890977;0.10533516436133383;0.2954300787480771
661401.0;2030741.2496999993;0.40508745207185454;0.08669103442371451;0.050929910034932066;0.8101749041437091
658423.0;3810936.036100002;0.179439158515844;0.09080326603432015;0.0955762480799199;0.358878317031688
657631.0;1932417.2318999993;0.4051462752470343;0.09189691527394395;0.0484639959843031;0.8102925504940686
655828.0;1718455.1532999997;0.4389753926145991;0.09438662433839054;0.04309794089698221;0.8779507852291982
655800.0;4072586.3267;0.1481240886175214;0.09442528870544795;0.10213829815047437;0.2962481772350428
655038.0;2206300.330799999;0.35152331741671194;0.09547751183751023;0.05533283837824474;0.7030466348334239
654700.0;1799814.8297000001;0.4136351206659444;0.09594424598270322;0.04513839829160861;0.8272702413318888
650961.0;1613381.6722999993;0.4457834373655697;0.10110731985511909;0.040462753900520836;0.8915668747311394
648126.0;1510053.3005;0.4326024888891894;0.10502208701968155;0.037871333314265745;0.8652049777783788
639657.0;2422183.6403;0.3196771196961847;0.11671667718429508;0.06074707691429788;0.6393542393923694
633063.0;3337650.5298999986;0.1920307319629012;0.12582213562631442;0.08370649940801778;0.3840614639258024
632508.0;3883400.983400002;0.17246421578055848;0.1265885186162023;0.0973936304013852;0.34492843156111697
632054.0;1377918.4264999996;0.45360772698052276;0.12721543371063312;0.034557460980066956;0.9072154539610455
631088.0;3494674.8089000005;0.16613893040914085;0.12854935437411366;0.08764458477657548;0.3322778608182817
626871.0;3421820.461400001;0.16136155999088328;0.13437248422700954;0.08581743650528449;0.32272311998176656
626544.0;3249118.9158999994;0.1924167866990854;0.13482402879942998;0.08148617363439527;0.3848335733981708
626522.0;3613762.2593;0.15761637157764788;0.13485440794497508;0.0906312346690999;0.31523274315529576
620948.0;1291998.924;0.4725426950995679;0.14255137872990317;0.032402645573024066;0.9450853901991358
619786.0;3168661.858999999;0.19304867648138402;0.14415594996278555;0.07946835345656719;0.38609735296276804
619731.0;2301244.9729999998;0.2934686834621209;0.1442318978266483;0.05771399948690849;0.5869373669242418
614763.0;4022874.548100001;0.15388088808723097;0.15109206123883392;0.10089155319360286;0.30776177617446193
612215.0;2948711.1622;0.27677184720541603;0.15461051864105796;0.073952107011187;0.5535436944108321
606243.0;2680235.5226000003;0.2900496024117921;0.16285707578630204;0.06721888081931307;0.5800992048235842
605821.0;2841042.8363;0.26299813377876646;0.16343980303266725;0.07125184268528688;0.5259962675575329
605465.0;1121586.9736000001;0.4928194800186745;0.16393139284239713;0.02812880452900555;0.985638960037349
605040.0;1207167.5801000001;0.49108875533163426;0.1645182626995185;0.030275120604686692;0.9821775106632685
604271.0;3092522.1359999995;0.2418610263934649;0.16558015192334513;0.07755880971580383;0.4837220527869298
602766.0;3029316.3227999997;0.26002019637686696;0.16765836165268075;0.0759736415510087;0.5200403927537339
600913.0;2752993.1513999994;0.28634097787398305;0.17021711422972985;0.0690436034370697;0.5726819557479661
586282.0;1888843.6950999994;0.3659398403330299;0.19042062688747702;0.047371194865767866;0.7318796806660598
584122.0;652592.9521999999;0.49345054520705317;0.19340330663190555;0.01636668401249383;0.9869010904141063
583644.0;808157.5465;0.491752053190681;0.19406336261238558;0.020268161265437876;0.983504106381362
583632.0;2478527.6617;0.281236339809805;0.1940799330554102;0.0621601549917399;0.56247267961961
583337.0;1668018.6914999993;0.3735353680162107;0.194487289779765;0.041833021271040806;0.7470707360324214
582894.0;945388.6555000002;0.49046851064101327;0.19509901530142326;0.02370984446185518;0.9809370212820265
581899.0;746037.3304999999;0.49159683524561526;0.19647298120221326;0.018710219300799132;0.9831936704912305
579200.0;502765.74640000006;0.4902469513685006;0.20019995001249688;0.01260909741040628;0.9804939027370012
577899.0;1771686.2696999998;0.3398604918432843;0.20199646221041426;0.04443294897332454;0.6797209836865686
577424.0;0.0;0.47613008858756556;0.20265237558013813;0.0;0.9522601771751311
573116.0;1597242.9762999995;0.3703992945320479;0.2086011646259706;0.04005800399184462;0.7407985890640958
569724.0;2091949.7163999998;0.32026502228092046;0.21328507652092502;0.05246498581224623;0.6405300445618409
565200.0;1512141.2708999997;0.3749944850634019;0.21953213354120032;0.03792369850093997;0.7499889701268038
563597.0;2233575.9101000004;0.28268273503308056;0.2217456685552369;0.056016895394422915;0.5653654700661611
562693.0;1327353.1743;0.4343081869386227;0.2229939752630903;0.03328931135941978;0.8686163738772454
560412.0;2362906.1081000003;0.28250039191564585;0.22614374030801693;0.05926042794684091;0.5650007838312917
546135.0;2029537.2004000002;0.33035917823553695;0.2458584248965383;0.05089971311913315;0.6607183564710739
542796.0;1034059.8764999998;0.4677042829035575;0.2504691506681341;0.025933671504756242;0.935408565807115
523781.0;1096266.0869000002;0.46638686158575543;0.2767263985108695;0.027493770163191485;0.9327737231715109
521014.0;1265838.8905000004;0.4538999871104121;0.28054726649829254;0.031746565851955406;0.9077999742208241
500902.0;0.0;0.45124236352517433;0.3083193290075271;0.0;0.9024847270503487
470069.0;1203602.2534;0.4460274945401677;0.3508957014889924;0.030185704108073464;0.8920549890803354
467609.0;2026882.7319000002;0.31469517621409004;0.354292642309036;0.050833140461530646;0.6293903524281801
467579.0;1731666.9357999999;0.3523665171577476;0.3543340684165975;0.043429285372417234;0.7047330343154952
463619.0;2121436.5715999994;0.2938309601453918;0.3598023146147165;0.05320450045143076;0.5876619202907836
463605.0;1934728.7497999999;0.3262559592650225;0.3598216467982452;0.04852196762333321;0.652511918530045
452558.0;1595129.6683;0.3748799753032782;0.37507612047264427;0.04000500335164392;0.7497599506065564
404390.0;0.0;0.410579975170403;0.44158987877340056;0.0;0.821159950340806
309908.0;0.0;0.3455269154576601;0.572057261927612;0.0;0.6910538309153202
238160.0;0.0;0.33376073775851156;0.6711319407717131;0.0;0.6675214755170231
157106.0;0.0;0.28490468439862876;0.7830569981813938;0.0;0.5698093687972575
50990.0;0.0;0.18389670979451012;0.9295894258479579;0.0;0.36779341958902023
