720739.0;6216487.701699998;0.14544458429268883;0.0047529554075569505;0.15590620391820695;0.29088916858537767
720669.0;6398203.748899999;0.14543932645207372;0.004849616325200467;0.16046354569533722;0.29087865290414744
720667.0;7629350.696099998;0.14543585032722836;0.004852378065704569;0.19134005606805957;0.2908717006544567
719913.0;9169268.242599998;0.14541803634187678;0.005893554235750454;0.22996036878197348;0.29083607268375355
719347.0;9347891.716699997;0.14541002961215294;0.006675126798410895;0.2344401504712379;0.29082005922430587
719205.0;5482576.9624999985;0.1634633812394026;0.00687121037420203;0.13750011307495041;0.3269267624788052
717684.0;7239382.105299996;0.14542710077458784;0.008971514027570456;0.18155985130350505;0.2908542015491757
716972.0;8414825.1049;0.14541814211259171;0.009954693647030232;0.21103933630912197;0.29083628422518343
715680.0;8824078.715499997;0.14540563941541235;0.011738778012679151;0.22130319910917498;0.2908112788308247
715590.0;8099603.595700002;0.1454104924365197;0.011863056335363673;0.2031337485800092;0.2908209848730394
715141.0;8660714.026999997;0.14540682462235183;0.012483067078534233;0.21720609964393348;0.29081364924470365
712026.0;5897926.110899998;0.14623874041027463;0.016784477913670753;0.14791684871974153;0.29247748082054925
708300.0;5153165.2907;0.20013702853265117;0.021929600472809976;0.12923864361806667;0.40027405706530234
706510.0;5367265.042300001;0.15315713570993797;0.024401358223979916;0.13460815147097516;0.30631427141987594
703501.0;5655763.9215;0.14672085051783518;0.02855639681239911;0.14184354985814304;0.29344170103567035
702589.0;4137356.6618;0.25974244887388265;0.029815750482268935;0.10376270369207782;0.5194848977477653
699810.0;4955741.3122999985;0.16820512755066205;0.03365318891271657;0.1242873552842448;0.3364102551013241
699020.0;4251489.599700001;0.2574021907716698;0.034744076411836265;0.1066250970472767;0.5148043815433396
697907.0;4679387.008200002;0.18192108491446968;0.03628098500236819;0.11735653637875483;0.36384216982893935
695866.0;4300999.0831;0.24874216491289838;0.03909934118680275;0.10786676854816853;0.49748432982579677
695524.0;5308018.0479000015;0.1583209121745165;0.039571598813003935;0.13312226837529378;0.316641824349033
691240.0;3981961.7276000003;0.3419450654858438;0.04548724697278719;0.09986548142416982;0.6838901309716876
691149.0;4671845.757800003;0.18471832966180182;0.04561290616572376;0.11716740583123697;0.36943665932360364
687356.0;4406988.344200001;0.21974063925924242;0.05085054703175035;0.1105249228222738;0.43948127851848484
680237.0;3281512.1132;0.3545419209340084;0.06068096235609606;0.08229857778705457;0.7090838418680168
677488.0;3871378.4165000007;0.3111667921744392;0.06447697467898218;0.09709211082044573;0.6223335843488784
676508.0;2856863.432699999;0.38083517135461376;0.06583022752599144;0.07164861482524806;0.7616703427092275
675527.0;3490982.7811000017;0.3517749569873326;0.06718486124325272;0.08755199068378883;0.7035499139746652
669699.0;3776378.905400001;0.3320377453025882;0.07523257307220156;0.09470957362896441;0.6640754906051765
668897.0;2903564.809;0.37156693147505737;0.07634003101434586;0.07281986049419674;0.7431338629501147
664746.0;2076933.718599999;0.42240021144029705;0.08207202343060643;0.052088392577065844;0.8448004228805941
656408.0;1965423.6592999997;0.4350200240904321;0.0935857195922014;0.04929177962158573;0.8700400481808642
652961.0;1824733.8934999998;0.4407981732272335;0.0983455793510186;0.04576335515289077;0.881596346454467
652951.0;3605908.458600001;0.34969074273546596;0.0983593880535391;0.09043426552635839;0.6993814854709319
651614.0;1849733.0313999993;0.43170759242978796;0.10020561158053028;0.04639032022999546;0.8634151848595759
646911.0;4503942.871999999;0.2152882958648276;0.1066998443759226;0.1129564907923747;0.4305765917296552
646481.0;1695351.5727999995;0.4459942313605725;0.1072936185843042;0.04251851539088997;0.891988462721145
640904.0;1596546.3176999995;0.44975350494905464;0.11499473197998843;0.040040532164831555;0.8995070098981093
630235.0;3087287.8787000002;0.29405667133124685;0.1297272366991125;0.0774275373277396;0.5881133426624937
625741.0;2614318.9787000003;0.3581343255371937;0.13593286761182632;0.06556572897087518;0.7162686510743874
625705.0;2174130.7665999997;0.4024837426345042;0.13598257894090013;0.054526042824743784;0.8049674852690084
616003.0;1346248.3256999997;0.4799759276003297;0.14937978212629163;0.033763191702885775;0.9599518552006594
611706.0;1118571.8679000002;0.49542472093385465;0.15531338159935154;0.028053187282313242;0.9908494418677093
606851.0;1004277.3796000002;0.486684513755839;0.1620175066730555;0.025186742329039395;0.973369027511678
599803.0;2574817.7928999993;0.39482137861611694;0.17174988020950563;0.06457506024862196;0.7896427572322339
597904.0;2433492.173299999;0.3938083241880104;0.17437215281814905;0.06103068890494518;0.7876166483760207
594876.0;2263931.0095999995;0.39358506439879054;0.1785534279413572;0.05677818513867997;0.7871701287975811
591720.0;2121968.357;0.3948087351747691;0.18291145445682777;0.05321783734631282;0.7896174703495382
581079.0;2509483.7853999995;0.3631382324659174;0.19760529480889447;0.06293651810314276;0.7262764649318348
581007.0;0.0;0.4754879182668106;0.19770471746704207;0.0;0.9509758365336212
566654.0;2666868.3104999997;0.3360288760830062;0.21752434819471927;0.06688363825221032;0.6720577521660124
562262.0;0.0;0.47233362848526145;0.22358913034172395;0.0;0.9446672569705229
555563.0;0.0;0.4662835398133811;0.23283958016020856;0.0;0.9325670796267622
548295.0;0.0;0.46254073791451217;0.24287574515210977;0.0;0.9250814758290243
542708.0;0.0;0.45533309616328055;0.2505906672503145;0.0;0.9106661923265611
535276.0;0.0;0.4526312597204545;0.2608532949635519;0.0;0.905262519440909
527718.0;0.0;0.44471419312509586;0.2712899123285477;0.0;0.8894283862501917
520744.0;0.0;0.4376190638924074;0.2809201014663461;0.0;0.8752381277848148
503198.0;0.0;0.4269327768231312;0.30514885090881977;0.0;0.8538655536462624
487349.0;1492339.2738;0.4197277175766205;0.32703426353356413;0.0374270749498283;0.839455435153241
486642.0;1204789.9565999995;0.4154330314408247;0.3280105388017637;0.030215491072381747;0.8308660628816494
482569.0;1302253.1804000002;0.411154794065694;0.3336348233383643;0.03265981686749808;0.822309588131388
472636.0;1373039.2260999999;0.38830178376534896;0.3473510075519794;0.03443509323013766;0.7766035675306979
467026.0;1055472.1585;0.39132289213741234;0.3550976896659813;0.02647068014436688;0.7826457842748247
465429.0;881696.4874999998;0.3854911652682188;0.35730293945850555;0.02211247877745348;0.7709823305364376
461302.0;550703.3256999999;0.37626103402625904;0.36300179098871693;0.013811346392841678;0.7525220680525181
457975.0;729361.1830999999;0.37158370667516094;0.3675959463172881;0.018291990396975596;0.7431674133503219
457336.0;574582.5498999999;0.36726824602925723;0.3684783224083482;0.014410224630228955;0.7345364920585145
448716.0;411743.63099999994;0.3391577904234189;0.3803814239810213;0.010326311186806375;0.6783155808468379
439189.0;363821.4542;0.3290339348241867;0.39353697487230405;0.009124448490875682;0.6580678696483734
431946.0;986428.7877;0.3250544637513658;0.403538618107904;0.024739109140984775;0.6501089275027316
427615.0;0.0;0.31476746235825637;0.40951916716953357;0.0;0.6295349247165127
421131.0;848386.7622;0.30323136673838613;0.4184727298838274;0.02127708859021623;0.6064627334767723
414579.0;948066.3419;0.3022884192380719;0.4275201917752606;0.023776999412036006;0.6045768384761439
411613.0;347778.3452;0.28503750564340735;0.43161585294284166;0.008722095853299963;0.5700750112868147
409310.0;632896.2787;0.27927840635823353;0.43479599713331335;0.01587270192123005;0.5585568127164671
408406.0;0.0;0.2723984789289614;0.43604430384116677;0.0;0.5447969578579228
402987.0;255521.49349999998;0.26596785530275857;0.44352723973702707;0.006408343100268921;0.5319357106055171
398554.0;932470.686;0.2643448526543339;0.4496486375643658;0.02338586866012948;0.5286897053086678
396133.0;158442.9551;0.25244355362134774;0.45299172444457947;0.003973665010302953;0.5048871072426955
386490.0;0.0;0.24155543799906704;0.4663074562851;0.0;0.48311087599813407
384116.0;0.0;0.23571643670629253;0.4695856422634673;0.0;0.47143287341258505
376374.0;0.0;0.22820871247484548;0.4802763397548403;0.0;0.45641742494969095
364285.0;0.0;0.2248888146165402;0.4969696802318757;0.0;0.4497776292330804
352055.0;0.0;0.20597359927938735;0.5138577234144502;0.0;0.4119471985587747
341356.0;0.0;0.20585098387556192;0.5286316542411359;0.0;0.41170196775112383
335811.0;0.0;0.19361345988622375;0.5362885797887544;0.0;0.3872269197724475
320338.0;0.0;0.19075436478042782;0.5576547851987279;0.0;0.38150872956085563
316642.0;0.0;0.17966909816323512;0.5627584816503056;0.0;0.35933819632647024
309884.0;0.0;0.17250225218749457;0.5720904028136612;0.0;0.34500450437498914
300964.0;0.0;0.16775296241661444;0.5844077654619494;0.0;0.3355059248332289
289610.0;0.0;0.16491873429111298;0.6000861663037279;0.0;0.32983746858222596
280690.0;0.0;0.15666687287862185;0.6124035289520161;0.0;0.3133337457572437
260416.0;0.0;0.14857442629288808;0.6403992924420828;0.0;0.29714885258577617
246900.0;0.0;0.14065738557951785;0.659063134768794;0.0;0.2813147711590357
242304.0;0.0;0.13858028636454436;0.6654096144472169;0.0;0.27716057272908873
233384.0;0.0;0.1358765205368417;0.6777269770955051;0.0;0.2717530410736834
226626.0;0.0;0.13562119822227436;0.6870588982588607;0.0;0.27124239644454873
213110.0;0.0;0.13064228001621064;0.7057227405855718;0.0;0.2612845600324213
199594.0;0.0;0.12753523969115976;0.724386582912283;0.0;0.2550704793823195
