720739.0;6320408.322200001;0.14544458429268883;0.0047529554075569505;0.15851247778673716;0.29088916858537767
720730.0;6560883.5364000015;0.145443338875857;0.004765383239825402;0.16454346820791776;0.290886677751714
720687.0;1.0534703165099993E7;0.14543587287797227;0.004824760660663564;0.2642047501238862;0.29087174575594454
720627.0;8232153.910899999;0.14544149721562505;0.004907612875786578;0.20645803995845785;0.2908829944312501
720611.0;8142267.799799999;0.1454350829979977;0.0049297067998193824;0.20420374411826198;0.2908701659959954
720575.0;4958160.001099998;0.1454620072961587;0.0049794181288931915;0.12434801471242388;0.2909240145923174
720474.0;4394658.899599999;0.14546428618996526;0.005118886024350266;0.11021570691190041;0.29092857237993053
720462.0;4532023.631999998;0.14546405215556174;0.005135456467374869;0.11366074131209197;0.2909281043111235
720441.0;4754822.8421;0.14545497838081345;0.005164454742667924;0.11924842695541227;0.2909099567616269
720429.0;4844481.577899998;0.14545473936441405;0.005181025185692527;0.12149702034406493;0.2909094787288281
720381.0;4636383.719199999;0.1454619104541344;0.005247306957790939;0.11627803677162868;0.2909238209082688
720268.0;5128673.935399999;0.14544609931273061;0.005403345296272617;0.1286244134583913;0.29089219862546123
719983.0;6832061.105699996;0.1454263557260964;0.0057968933181069375;0.17134445735903714;0.2908527114521928
718575.0;6464457.937899999;0.14542989578860963;0.007741158632993685;0.16212516550323045;0.29085979157721925
718440.0;5346971.108699999;0.14544040120214244;0.007927576117020468;0.13409919041419074;0.2908808024042849
718280.0;4302525.823299998;0.1536637691429699;0.008148515357348509;0.10790505838004351;0.3073275382859398
717546.0;7475362.527499994;0.14541905169505678;0.009162074122353389;0.18747811473289402;0.29083810339011357
716491.0;6112534.384400001;0.1454361845141656;0.010618892238266401;0.15329911003133007;0.2908723690283312
716212.0;9921599.505699996;0.14541221843032462;0.011004155038588419;0.2488284365635336;0.29082443686064924
715675.0;5591443.244499997;0.14543479489177408;0.011745682363939402;0.1402304215024355;0.29086958978354815
715639.0;5758956.595999999;0.14543402924994359;0.01179539369301321;0.14443156722831535;0.29086805849988717
715282.0;1.0020481767699998E7;0.14541216701581924;0.012288364372995148;0.2513083510816706;0.2908243340316385
713943.0;4105107.8249999997;0.21874885986335632;0.01413734964049043;0.10295392002394785;0.43749771972671264
712083.0;5868694.0533;0.1454317546526204;0.01670576830930389;0.14718372426879348;0.2908635093052408
711697.0;3849044.6740999995;0.1805703472930615;0.017238784226595284;0.09653199244428952;0.361140694586123
711697.0;3968959.8000999996;0.17460285249154553;0.017238784226595284;0.09953940000047609;0.34920570498309106
706035.0;3670730.6973999995;0.20894258267495505;0.025057271593703783;0.09205997278514112;0.4178851653499101
704200.0;4171656.6742999996;0.1684237665902222;0.02759116850621599;0.10462292975538356;0.3368475331804444
700756.0;3533028.111299998;0.253530471422943;0.03234688565427704;0.08860646519391717;0.507060942845886
698181.0;3760994.2558999998;0.18444941527288677;0.03590262655330642;0.09432373480529853;0.36889883054577355
695694.0;3443255.195599999;0.25845250156838423;0.03933685087015539;0.08635500823412481;0.5169050031367685
694768.0;3233016.5848;0.3104043671573904;0.04061553672355392;0.08108233573806219;0.6208087343147808
690737.0;3116129.8543000002;0.30919423384512534;0.04618182470956846;0.07815087872968075;0.6183884676902507
685628.0;3021213.0488999994;0.31022680009208614;0.053236690827293175;0.07577041575314972;0.6204536001841723
682017.0;2911469.5079000005;0.3034810939870234;0.05822301330744662;0.07301810613671261;0.6069621879740468
680759.0;3347689.3068;0.2802193641069456;0.05996014808452583;0.08395826659128316;0.5604387282138912
679599.0;2805753.5489;0.3079883634744909;0.061561957576904115;0.070366806133858;0.6159767269489818
679062.0;2729605.0520000006;0.35320471152843075;0.062303484902255096;0.06845704234835101;0.7064094230568615
677203.0;2635526.3513;0.3645548289963392;0.0648705227008165;0.06609759859176106;0.7291096579926784
676151.0;2530252.1733999993;0.3633751726250437;0.06632319820597336;0.06345737822383356;0.7267503452500874
664253.0;2342578.9292000006;0.4046520100694859;0.0827527924648672;0.05875063311562158;0.8093040201389718
657023.0;2230419.2993;0.3888732478415395;0.0927364843871905;0.05593772927511399;0.777746495683079
648598.0;2130478.3566999994;0.4141602310178269;0.10437031626071383;0.05343126361082698;0.8283204620356538
645154.0;2034166.4082999998;0.42211762787852586;0.10912603340877487;0.051015811190177306;0.8442352557570517
642585.0;1696710.2792;0.4337316202239794;0.11267348908629196;0.04255259102446768;0.8674632404479587
640985.0;1794165.4077999997;0.4323403918317234;0.11488288148957236;0.04499671379627524;0.8646807836634468
634271.0;1939049.8960999998;0.40783547486303545;0.12415404436183772;0.04863033967336139;0.8156709497260709
629960.0;1565267.3716;0.4444556686337778;0.13010697601842633;0.03925607283940257;0.8889113372675556
615732.0;1357808.2677;0.4932454168494796;0.14975399796459724;0.03405310889748456;0.9864908336989592
610092.0;4142591.0259000007;0.15510309021888177;0.15754210618616063;0.10389397875862925;0.31020618043776355
607483.0;1468729.5434999997;0.48680955682883403;0.16114479667375975;0.03683495547606192;0.9736191136576681
607372.0;3675076.176299999;0.15969802036125993;0.1612980732717373;0.09216895508383051;0.31939604072251987
605311.0;4017338.9610999995;0.1554232766819239;0.16414404686121287;0.10075272361699271;0.3108465533638478
602214.0;3262128.525299999;0.21503348494242241;0.1684206020318125;0.0818124477160536;0.43006696988484483
600614.0;3565308.810499999;0.16070985221081588;0.17062999443509289;0.08941604795408598;0.32141970442163176
600579.0;3895323.7344999984;0.1559472474849019;0.17067832489391463;0.09769264665517007;0.3118944949698038
599596.0;3445339.2332999995;0.1684541990015414;0.17203572035168005;0.08640727479077555;0.3369083980030828
595687.0;1079269.1948999998;0.4927323510838086;0.17743354216694446;0.027067497155460262;0.9854647021676172
595456.0;3152361.1594999987;0.2156143339356509;0.17775252319516807;0.07905954058630905;0.4312286678713018
594459.0;961813.3644000001;0.4908018071062561;0.17912925083646217;0.02412176742188296;0.9816036142125122
593821.0;3806290.9449999984;0.1568973825978136;0.1800102460572702;0.09545975166667071;0.3137947651956272
592180.0;3364188.8969000005;0.1939730819797876;0.18227625414088466;0.08437206753196452;0.3879461639595752
590998.0;1179940.7351;0.4891534157059976;0.18390844277880805;0.02959228581882222;0.9783068314119951
590694.0;3005857.992599999;0.22739885298483326;0.18432822733543133;0.07538531911119405;0.4547977059696665
588133.0;861486.2851000001;0.4917394747678594;0.187864636050932;0.021605617654613822;0.9834789495357188
586103.0;2663664.269600001;0.28190232235351037;0.19066780266259403;0.06680328261122982;0.5638046447070207
584458.0;2834882.5705999993;0.25979459086286044;0.19293933422721668;0.07109734649925695;0.5195891817257209
580380.0;750634.801;0.4903038709792721;0.19857052311507759;0.018825521414737995;0.9806077419585442
579976.0;2566601.7964000013;0.30724832602490143;0.19912839469690588;0.06436900742793196;0.6144966520498029
576311.0;2376933.3534000004;0.3248117734545839;0.20418928417067003;0.0596122237954122;0.6496235469091678
576082.0;635273.4435;0.48705904011238615;0.20450550345838955;0.015932319949583044;0.9741180802247723
575401.0;433733.079;0.48863284219008124;0.20544587610003576;0.010877794842601159;0.9772656843801625
574625.0;557042.8365000001;0.486694522219772;0.20651743141562676;0.013970337950607684;0.973389044439544
572786.0;321700.779;0.4869936801269333;0.20905685180914715;0.008068084368236472;0.9739873602538666
572575.0;0.0;0.47476066948017065;0.20934821543232976;0.0;0.9495213389603413
567983.0;2253134.4812999996;0.30423441161268877;0.2156891716297445;0.05650741395348352;0.6084688232253775
552523.0;1787885.0316999995;0.4040217810966989;0.23703742572644132;0.044839205305321116;0.8080435621933978
546302.0;2177242.263;0.3444785158664366;0.2456278195644459;0.05460407749890497;0.6889570317328731
545420.0;1860596.3316000002;0.40066921981072295;0.24684574712675422;0.046662766018916245;0.8013384396214459
542647.0;1623203.8323999997;0.4243178008265598;0.25067490033568957;0.04070908844969869;0.8486356016531196
541872.0;1291940.5126999998;0.44377059402382596;0.2517450747810285;0.032401180648699276;0.8875411880476519
538889.0;1540210.8729;0.4258164834577561;0.2558642107428944;0.03862766918395414;0.8516329669155122
531289.0;1363204.2367999996;0.441995718957687;0.26635882465847627;0.03418843693144991;0.883991437915374
507303.0;2751119.6511999993;0.2640769443935717;0.2994803785241535;0.06899661704889713;0.5281538887871434
498287.0;2847731.7966999984;0.2445170082667669;0.3119303047166385;0.07141959825308729;0.4890340165335338
498287.0;2939260.0984999994;0.24422574423401688;0.3119303047166385;0.07371507936226986;0.48845148846803377
487784.0;2013935.7438;0.36179982907205566;0.3264335849739223;0.05050843688875703;0.7235996581441113
482940.0;2141184.4834;0.3060240752331055;0.3331225204748537;0.05369976757199591;0.612048150466211
457668.0;1725528.9252999995;0.362415725445465;0.3680198734846675;0.04327534733496186;0.72483145089093
444037.0;2329583.994199999;0.27685386338182616;0.38684251589036445;0.0584247270601073;0.5537077267636523
443502.0;2494790.308299999;0.2671654731025825;0.3875812814752113;0.06256801351551304;0.534330946205165
440436.0;1821039.3856;0.3609310559810338;0.39181502966799736;0.04567069886051569;0.7218621119620676
435907.0;1657400.2352;0.38483770105740633;0.3980689910395329;0.04156671603685663;0.7696754021148127
423908.0;1923907.668499999;0.3355659103289123;0.41463805319388386;0.04825058066196078;0.6711318206578246
420271.0;1593035.4060999996;0.3555837573292142;0.4196602783005906;0.039952480369973384;0.7111675146584284
412311.0;1447405.2398;0.3789776219972387;0.4306520055069106;0.03630015328540421;0.7579552439944774
406343.0;1353749.0112;0.3990056324039724;0.4388930391711464;0.033951304904295244;0.7980112648079448
372525.0;0.0;0.40486518898482016;0.4855913093549817;0.0;0.8097303779696403
205274.0;0.0;0.28262412161586387;0.7165432398806376;0.0;0.5652482432317277
88694.0;0.0;0.18098643370374015;0.8775250938646554;0.0;0.3619728674074803
