720702.0;5394009.8248;0.14545178767620984;0.004804047606882809;0.1352788963858332;0.2909035753524197
720497.0;5673829.9949;0.1454450073316092;0.0050871260085531105;0.1422966373665011;0.2908900146632184
720496.0;6856029.8155000005;0.14544333771676404;0.00508850687880516;0.17194557984765943;0.2908866754335281
720189.0;5770462.3769000005;0.1454434091263801;0.005512434046184587;0.14472012609134394;0.2908868182527602
719728.0;6677777.594600001;0.14544325858047263;0.006149015232379751;0.1674751089911163;0.29088651716094527
719496.0;6234512.487899999;0.1454403766160774;0.006469377130855407;0.1563582559655569;0.2908807532321548
719212.0;5145085.335900001;0.14553767010442267;0.006861544282437678;0.1290360026508282;0.29107534020884535
718907.0;7180313.091799999;0.14542647986529036;0.007282709709313003;0.18007843187409647;0.29085295973058073
717919.0;4585588.049100001;0.16366871679925196;0.008647009518338647;0.11500410839264924;0.3273374335985039
717876.0;6428096.468200001;0.14543630204252037;0.008706386939176807;0.16121323919019948;0.29087260408504073
717019.0;4492952.319800001;0.15087601496480718;0.00988979274518387;0.11268085359100165;0.30175202992961436
716780.0;4269292.091400002;0.1545300669518929;0.010219820735423879;0.10707157406684413;0.3090601339037858
716689.0;6324893.5268;0.1454350587472161;0.010345479928360452;0.15862496433163792;0.2908701174944322
716201.0;4144082.843900002;0.1608363040780033;0.011019344611360973;0.10393139276030958;0.3216726081560066
716113.0;6067984.354699999;0.1454351267826507;0.011140861193541393;0.15218181899043068;0.2908702535653014
715845.0;5897035.179199999;0.14543728361183256;0.01151093442109086;0.14789450462674844;0.2908745672236651
715424.0;5519633.156300002;0.1454459399854447;0.012092280797204013;0.13842946269876388;0.2908918799708894
715379.0;4955190.336900001;0.14545222003101718;0.012154419958546275;0.12427353711437335;0.29090444006203436
712840.0;4766675.2497;0.14655188139991926;0.015660449528501853;0.11954567903164527;0.2931037627998385
712629.0;4061195.8894000007;0.202440582426212;0.015951813151684455;0.10185263204356232;0.404881164852424
709901.0;3659328.9346;0.2130659540850882;0.01971882719927753;0.09177402264071509;0.4261319081701764
709252.0;3911945.3850000016;0.1895681429923135;0.02061501199285814;0.09810950880573814;0.379136285984627
700516.0;3479323.221700001;0.254537772053066;0.0326782945147691;0.08725957513780201;0.509075544106132
699080.0;3558697.3281;0.22085713396436799;0.034661224196713254;0.0892502354933014;0.44171426792873597
693351.0;3808631.5752999997;0.1896183117719278;0.04257222987070912;0.09551845342920284;0.3792366235438556
687539.0;3352683.8105000006;0.23957730472162994;0.050597847775625156;0.08408352608662643;0.4791546094432599
686928.0;3273336.8932000003;0.23721208792956275;0.05144155949962786;0.08209354761928836;0.4744241758591255
682893.0;2970452.3429999994;0.35718046293930106;0.0570133709666506;0.07449736425770265;0.7143609258786021
680704.0;2763757.7722000005;0.3369682877667906;0.060036095948388594;0.06931357439914337;0.6739365755335812
679019.0;2642895.6733;0.3802340063929209;0.06236286232309326;0.0662824172664858;0.7604680127858418
674401.0;3115733.7869000006;0.2986085611408914;0.0687397211470613;0.07814094557002649;0.5972171222817828
674252.0;2304470.5763;0.4091615910718744;0.06894547081461679;0.05779489590140819;0.8183231821437488
668569.0;2397375.8419000003;0.3921934972891804;0.07679295645701834;0.060124910530046136;0.7843869945783608
667294.0;2112393.2236;0.4183703648966802;0.07855356602838241;0.05297769809533415;0.8367407297933604
661494.0;1999100.8422000005;0.4331877935130424;0.08656261349027385;0.05013638544991584;0.8663755870260847
657858.0;1808504.3835;0.4430621192704668;0.09158345772672855;0.045356327677414446;0.8861242385409336
657338.0;1716596.9029;0.4367402942485868;0.09230151025779466;0.04305133696567963;0.8734805884971736
649442.0;1527070.3684000003;0.45297760599095266;0.10320486176798342;0.03829811232283386;0.9059552119819053
649288.0;1622317.9440000001;0.4516449849922909;0.10341751578679916;0.040686870839986164;0.9032899699845818
646663.0;1445861.0783000002;0.45239357606950975;0.10704230019843106;0.03626142653659462;0.9047871521390195
645835.0;2864360.0620000004;0.33425732564381777;0.10818566076712866;0.07183662629931976;0.6685146512876355
642166.0;2539015.484100001;0.32883151989767107;0.11325207372190102;0.0636771573934472;0.6576630397953421
630497.0;4365691.288899999;0.150393432041964;0.12936544869307534;0.10948921464849863;0.300786864083928
628978.0;1267776.1488;0.47638433644697703;0.1314629906059397;0.03179515125935183;0.9527686728939541
625713.0;4177829.094000001;0.15788161754767252;0.13597153197888373;0.10477773075726668;0.31576323509534504
625540.0;1372378.3457;0.46097970963573415;0.1362104225324884;0.034418518701343895;0.9219594192714683
625404.0;3697410.9371999996;0.20437743221252863;0.13639822088676726;0.0927290990034248;0.40875486442505726
624810.0;3865212.0378;0.18523890309292912;0.13721845781648512;0.09693746132362838;0.37047780618585824
624047.0;3775316.6380000003;0.17539201834893015;0.13827206181879945;0.09468293252777878;0.3507840366978603
623238.0;1149284.6435999998;0.4747441279314899;0.1393891858527081;0.02882344735535559;0.9494882558629798
621909.0;3550024.786700001;0.15850384441393323;0.14122436241768288;0.0890327327694357;0.31700768882786645
617002.0;1933498.8513;0.4263356921566637;0.14800029274449344;0.048491122423352;0.8526713843133275
616981.0;4072358.4125999985;0.1517134881804805;0.14802929101978649;0.10213258218611383;0.303426976360961
615275.0;3428837.6452999995;0.1588767869259049;0.15038505566978422;0.08599342374382525;0.3177535738518098
610151.0;1043354.4095;0.4956397753456956;0.15746063484128967;0.02616677344700351;0.9912795506913912
607519.0;2465331.8552;0.34931826858409104;0.16109508534468592;0.061829211185884456;0.6986365371681821
603423.0;937351.0068999997;0.4969447723467224;0.16675112989708374;0.02350826451160258;0.9938895446934448
602025.0;811324.4721000001;0.4948335143091499;0.16868158650944998;0.020347586074442547;0.9896670286182998
594578.0;695745.5129000001;0.4915759548729811;0.17896492727646818;0.017448927274432112;0.9831519097459622
591435.0;2370969.8155;0.3212828840763471;0.1833050024786621;0.05946266143793224;0.6425657681526942
588513.0;3034932.831299999;0.31723311499529594;0.18733990535515294;0.07611450059578245;0.6344662299905919
587705.0;547969.3914999999;0.4887111026415922;0.18845564851880953;0.01374278077776492;0.9774222052831844
586893.0;2162434.5221999995;0.4118342935785058;0.18957691516347433;0.05423270723847616;0.8236685871570116
584025.0;406392.2308;0.4896167060619093;0.19353725104635444;0.010192100917138994;0.9792334121238186
582681.0;1840052.1979999999;0.4272880755769612;0.19539314066510996;0.04614753007925716;0.8545761511539224
580947.0;291676.615;0.486903047210654;0.1977875696821651;0.007315094310236742;0.973806094421308
579870.0;0.0;0.4779411142544486;0.1992747669436232;0.0;0.9558822285088971
573617.0;1577858.7122999995;0.4496501178241566;0.2079093486296934;0.03957185696461542;0.8993002356483132
572291.0;2260241.4146999996;0.35538501036843434;0.20974038258391203;0.056685652061730804;0.7107700207368687
568072.0;2682083.8215999994;0.29399244665254937;0.21556627417731203;0.06726523517479854;0.5879848933050987
566406.0;3241753.197;0.22884166158520677;0.21786680401722774;0.0813014453235014;0.45768332317041355
563605.0;3317805.8447;0.22483320348787406;0.22173462159322047;0.08320880526207142;0.4496664069757481
559648.0;3113855.0718;0.23977896166719154;0.22719872518058332;0.07809382839493664;0.4795579233343831
547700.0;1976377.5746999995;0.3832346431623583;0.24369736295207967;0.04956649799150836;0.7664692863247166
534748.0;1249647.1327000004;0.4418329880743476;0.26158239445663445;0.03134048518156806;0.8836659761486952
533340.0;1757840.5764000001;0.3806493232371587;0.26352665977152123;0.0440857063523139;0.7612986464743174
531819.0;2554656.328200001;0.29774879284001343;0.2656269634248896;0.0640694214413662;0.5954975856800269
530788.0;1504559.1624999999;0.43007046995227055;0.2670506406547534;0.03773354325652163;0.8601409399045411
526503.0;1662161.6146;0.3968404209149798;0.27296766968478875;0.041686128898795596;0.7936808418299596
525061.0;2421139.4212000007;0.2999774023658082;0.2749588845882452;0.06072088845487323;0.5999548047316164
521095.0;1381636.6764000005;0.43073043967953994;0.28043541600787647;0.03465071270916952;0.8614608793590799
517700.0;1005650.1322000001;0.4533251343763643;0.28512347051358705;0.02522117023383945;0.9066502687527286
516209.0;1123133.0748;0.4510006853135599;0.28718234805939397;0.028167579924459073;0.9020013706271198
490359.0;2659793.4862000016;0.2685260927419688;0.3228778440748929;0.06670620542310661;0.5370521854839376
490099.0;2896301.588500001;0.254638287151483;0.3232368703404259;0.07263770278863801;0.509276574302966
479984.0;2054680.2778999996;0.32621110580832585;0.3372043729399142;0.051530288124819114;0.6524222116166517
464058.0;2280967.6236000005;0.3073926529857411;0.3591961125740664;0.05720545435303611;0.6147853059714822
462594.0;2162262.3544000005;0.29864751477503737;0.361217706623068;0.05422838936165845;0.5972950295500747
462329.0;0.0;0.46075148891515677;0.3615836372398613;0.0;0.9215029778303135
452393.0;1933000.7359999998;0.33148720915417607;0.37530396406423255;0.04847862995666291;0.6629744183083521
446414.0;1804421.3662000003;0.3373436482111164;0.383560187301241;0.04525392777600368;0.6746872964222328
446409.0;1490508.6302999998;0.41650279812697855;0.38356709165250125;0.037381163384888734;0.8330055962539571
438860.0;1691388.3335999995;0.35710107481250764;0.3939912811852286;0.042419119460496216;0.7142021496250153
431275.0;1250915.8691999998;0.423338954985018;0.4044651820470297;0.03137230441792452;0.846677909970036
425019.0;1367222.3683000002;0.40518124931986543;0.413103906343856;0.03428920953152084;0.8103624986397309
419229.0;1571082.7095999995;0.36364197605657606;0.42109914510322694;0.03940191842224403;0.7272839521131521
385574.0;0.0;0.41664590818537256;0.46757233343597804;0.0;0.8332918163707451
309752.0;0.0;0.3783888821353505;0.5722726776869319;0.0;0.756777764270701
214724.0;0.0;0.26525398087105406;0.7034940159987627;0.0;0.5305079617421081
103990.0;0.0;0.1742364415712486;0.8564033024892947;0.0;0.3484728831424972
