720644.0;6500339.570800003;0.1454440855282544;0.004884138081501724;0.16302505776462692;0.2908881710565088
720460.0;5155582.912800001;0.14546526701072593;0.005138218207878969;0.12929927629397736;0.29093053402145186
720438.0;6235696.369600001;0.1454378080045975;0.005168597353424075;0.1563879470886786;0.290875616009195
720400.0;5912691.3106;0.14542955218698797;0.0052210704230019845;0.14828715207201745;0.29085910437397594
719398.0;4757866.0441000005;0.14548342037174766;0.006604702415556332;0.11932474884235923;0.2909668407434953
719172.0;4999971.788900002;0.14548194823710112;0.006916779092519688;0.12539663210342258;0.29096389647420223
718597.0;6013206.5034;0.1454225198444954;0.00771077948744858;0.150808019625776;0.2908450396889908
718576.0;6127455.9669;0.14542246905471556;0.007739777762741635;0.15367333538102246;0.29084493810943113
718388.0;5557138.4698;0.1454574267612336;0.007999381370127082;0.13937007600568765;0.2909148535224672
717050.0;5076648.193900001;0.1454794349861323;0.009846985767370312;0.12731963554319065;0.2909588699722646
716993.0;5781889.6969;0.1454207033539022;0.009925695371737176;0.1450067171967476;0.2908414067078044
716969.0;4878637.992599999;0.14547228835191403;0.009958836257786383;0.12235364505095156;0.29094457670382806
716817.0;4216298.176700002;0.1717046179567128;0.01016872853609802;0.10574251488292859;0.3434092359134256
716477.0;5328472.2881000005;0.14543566441920266;0.010638224421795104;0.1336352498363109;0.29087132883840533
714893.0;4676904.779499999;0.15961186298223778;0.012825522901042696;0.11729428340369169;0.31922372596447557
712472.0;4107730.750100001;0.15027165772474546;0.016168609781256345;0.10301970158986186;0.3005433154494909
711883.0;4020514.5922000012;0.17188377272719088;0.01698194235971394;0.10083236675530545;0.34376754545438176
709199.0;3912999.856700002;0.1910933304318083;0.0206881981162168;0.09813595439491567;0.3821866608636166
703228.0;4588748.0448;0.1459449257004568;0.028933374391208827;0.11508335940344912;0.2918898514009136
700252.0;3188628.773;0.29559386330088255;0.033042844261310364;0.07996911303578268;0.5911877266017651
699210.0;3455904.878000001;0.28816742536231527;0.03448171106394672;0.08667225553813154;0.5763348507246305
698853.0;3324823.6292000012;0.2866550934446328;0.034974681743928655;0.08338480756334067;0.5733101868892656
698497.0;3703596.0584000023;0.21594207304632976;0.03546627155365854;0.09288421855216979;0.4318841460926595
697635.0;3798590.512200003;0.21566970408111183;0.03665658171092586;0.095266628909258;0.43133940816222366
690648.0;3083002.5668000015;0.2816890928218124;0.04630472216200093;0.07732006398539686;0.5633781856436249
689949.0;3604901.177100001;0.2186927669522817;0.04726995046818406;0.09040900344228814;0.4373855339045634
687652.0;4438701.333700002;0.14834139049097408;0.05044180943714348;0.11132026772523099;0.29668278098194817
686612.0;3000414.566;0.34170372535813376;0.051877914499275736;0.07524880086837968;0.6834074507162675
684473.0;2809311.6004;0.3601302185573858;0.05483159596841121;0.07045604017232618;0.7202604371147716
681331.0;2579007.1997000007;0.3517215762591654;0.05917029030035309;0.06468012834208553;0.7034431525183308
677275.0;2913556.8237999994;0.2953527009081442;0.0647711000426689;0.07307045490887507;0.5907054018162884
674109.0;2467442.1919;0.3881065302781674;0.06914293526065997;0.06188213730746212;0.7762130605563348
673620.0;2682373.4601999996;0.3466671914387248;0.06981818081391254;0.06727249915677697;0.6933343828774496
672564.0;2369161.8772000005;0.37358733017772394;0.0712763798000776;0.05941731930732782;0.7471746603554479
669793.0;2280210.6792;0.4074527359682835;0.07510277126850884;0.05718647059023562;0.814905471936567
657658.0;2110477.8204999994;0.3998696282368791;0.09185963177713859;0.052929660804725075;0.7997392564737582
655554.0;1862719.7876;0.41151107612650345;0.09476498278745231;0.04671602116555745;0.8230221522530069
654646.0;1709384.1133000003;0.4383723174184197;0.09601881297631393;0.04287044404025983;0.8767446348368394
653391.0;2021484.0498;0.3993510401550272;0.097751805142637;0.05069774438696879;0.7987020803100544
649957.0;1782558.3578;0.42660681654149035;0.10249371358817753;0.04470561515810149;0.8532136330829807
636823.0;1533900.2915000007;0.4379069762566281;0.12063006347860548;0.03846940316014753;0.8758139525132562
630086.0;1221642.2651000002;0.4633461807636;0.129932986366668;0.030638138002862306;0.9266923615272
623417.0;2216612.4895;0.3751547851608921;0.1391420100775911;0.05559146183159439;0.7503095703217842
619476.0;3971815.1714000003;0.18261273090625357;0.1445840197409211;0.09961101119340716;0.36522546181250715
610101.0;1110579.0687000002;0.48664151592748234;0.1575296783538922;0.027852732131149395;0.9732830318549647
608443.0;3390076.0547000007;0.21884311940156875;0.1598191612317915;0.08502130367566765;0.4376862388031375
607546.0;955037.7616;0.4924670803154309;0.16105780184788057;0.0239518389087908;0.9849341606308618
606605.0;3687868.2936999993;0.15321479267504629;0.16235720075505986;0.09248977458185102;0.30642958535009257
604145.0;1656763.0710000005;0.42605658764662857;0.16575414157510346;0.04155073629774007;0.8521131752932571
602461.0;3600890.416200001;0.15733981878830766;0.1680795270795561;0.09030841569294351;0.3146796375766153
599856.0;3172506.8703000005;0.239897769912351;0.17167669408614697;0.07956478429413516;0.479795539824702
597260.0;1379341.4079000002;0.43679424173412634;0.17526143326046942;0.034593148596445515;0.8735884834682527
595469.0;3495997.3645000006;0.17151455907412327;0.1777345718818914;0.08767775376732413;0.34302911814824655
595451.0;806100.5783000003;0.493217340116869;0.17775942754642832;0.02021657359744414;0.986434680233738
594350.0;3264762.7138000005;0.20079408799225454;0.17927976569393564;0.08187851176204664;0.4015881759845091
593098.0;3058987.9265000005;0.24962635088712223;0.18100861524950254;0.07671778958427312;0.49925270177424447
590438.0;650350.9380000001;0.49258129978110005;0.1846817301199562;0.016310455489278525;0.9851625995622001
588571.0;1912985.3613999998;0.40976213946890455;0.187259814880534;0.04797665501138416;0.8195242789378091
588009.0;2549317.1005;0.3221473680422741;0.18803586396218624;0.06393551645152211;0.6442947360845482
587891.0;2937974.5067000003;0.24012679178698748;0.18819880665192817;0.0736828374039577;0.48025358357397496
587222.0;564932.426;0.4909999615892373;0.1891226088505498;0.014168204657410878;0.9819999231784746
586706.0;401506.8513;0.48925727812011544;0.18983513790060771;0.01006957819866944;0.9785145562402309
583173.0;2821988.999200001;0.27483686527290774;0.19471375250110123;0.07077398258889765;0.5496737305458155
582120.0;482678.08660000004;0.48681850844014607;0.19616780887651014;0.012105309590772705;0.9736370168802921
577864.0;284290.0557;0.4893190188793243;0.202044792669236;0.0071298433331995325;0.9786380377586485
576925.0;0.0;0.47747583900383705;0.2033414298359112;0.0;0.9549516780076741
571508.0;1736846.0428000004;0.4094402072793034;0.21082160399126737;0.043559174620301615;0.8188804145586068
570933.0;2444026.849200001;0.345833726370569;0.21161560438619628;0.06129489297127492;0.691667452741138
560971.0;2678722.4912000005;0.2582251679692098;0.22537183383712084;0.06718093479684793;0.5164503359384196
559029.0;2271599.2804000005;0.3430364059882001;0.2280534838666024;0.05697050129024544;0.6860728119764002
557636.0;1274832.9052000002;0.4356765362916992;0.2299770361277084;0.03197213095513707;0.8713530725833984
547381.0;1477780.0114000004;0.42942748346028814;0.24413786056248368;0.03706193639546225;0.8588549669205763
539013.0;2134917.7179000005;0.35268436777796974;0.25569298283164016;0.05354260042764794;0.7053687355559395
530586.0;1966176.3113000009;0.38049181636753093;0.26732957644566757;0.049310655733278114;0.7609836327350619
524180.0;3112153.0811000005;0.2294035840590572;0.2761754312803015;0.0780511433737681;0.4588071681181144
520076.0;2617159.5111000007;0.3042588202269243;0.28184252279471567;0.06563696801208965;0.6085176404538486
508855.0;1884466.4765000003;0.39266835929122684;0.2973372678929715;0.0472614165522904;0.7853367185824537
493845.0;1619080.6093000001;0.40622063238279915;0.3180641303762457;0.04060568020821645;0.8124412647655983
481943.0;1798854.2777000002;0.3879359187207125;0.3344992481161478;0.04511430815853474;0.775871837441425
470275.0;1700181.7777000002;0.3868981926260386;0.35061124221707;0.04263965435974859;0.7737963852520772
465801.0;2056396.1372000002;0.3470790698208648;0.35678925572474285;0.05157332096309653;0.6941581396417296
455668.0;2535733.907300001;0.26684008876427934;0.370781613988768;0.06359485719334963;0.5336801775285587
454469.0;1320826.8971;0.39873898100686767;0.37243727742097626;0.033125635799715586;0.7974779620137353
449652.0;1535201.4172999999;0.3959008954143977;0.3790889294251023;0.03850203470291443;0.7918017908287954
448910.0;2385705.7616000012;0.2722419301248767;0.3801135351521236;0.05983223112548527;0.5444838602497534
444242.0;1415173.7394;0.39212709848809324;0.38655943748869415;0.03549180440496196;0.7842541969761865
444079.0;0.0;0.43547840333131144;0.3867845193397783;0.0;0.8709568066626229
443070.0;1223196.7615000003;0.41683609561643054;0.388177817424097;0.03067712394546495;0.8336721912328611
438347.0;2236095.0923;0.29573459719319894;0.39469966762453035;0.056080075143603934;0.5914691943863979
425009.0;1880156.7008;0.3702962958644024;0.4131177150463765;0.047153329670860195;0.7405925917288048
330129.0;0.0;0.3920988632523594;0.544134684560904;0.0;0.7841977265047188
274445.0;1341989.7337000002;0.33843349920812016;0.62102706367607;0.033656388481418;0.6768669984162403
247833.0;1586547.1463000001;0.3377155484710431;0.6577747828236311;0.039789758266433085;0.6754310969420863
241943.0;1839218.6677;0.3345009058937311;0.665908108608207;0.04612662558283417;0.6690018117874622
241414.0;1955670.1236000003;0.30191659674262156;0.6666385889715416;0.04904716613584654;0.6038331934852431
237896.0;1401736.1437000001;0.30298697956873083;0.6714964905182544;0.03515479665462061;0.6059739591374617
199928.0;2153230.0726;0.29530191998572575;0.7239253722480982;0.054001864539969746;0.5906038399714515
195405.0;0.0;0.305887043988648;0.7301710483981214;0.0;0.611774087977296
193796.0;1319872.7847;0.3040303359451434;0.7323928686336703;0.033101707168383364;0.6080606718902868
83479.0;0.0;0.17939102773540738;0.8847263322290975;0.0;0.35878205547081476
