720739.0;5873991.948599999;0.14544458429268883;0.0047529554075569505;0.1473165926640375;0.29088916858537767
720664.0;5784721.546999998;0.14542804883248497;0.0048565206764607195;0.14507773849049768;0.29085609766496995
719414.0;4668545.975299998;0.1454691198367912;0.006582608491523528;0.11708464904187009;0.2909382396735824
719135.0;4520632.021399998;0.14717461981754426;0.0069678712918455465;0.11337504577944019;0.2943492396350885
718880.0;4172267.944699999;0.14762599160109618;0.00731999320611836;0.10463826009177359;0.29525198320219237
718186.0;5739673.9077;0.14544401016931396;0.008278317161041231;0.14394796766559623;0.29088802033862793
717763.0;5524808.1022999985;0.1454293667937193;0.008862425277658487;0.13855924759098212;0.2908587335874386
717610.0;4041705.184799999;0.14759741563437842;0.009073698426222174;0.1013638155427195;0.29519483126875684
717410.0;5328206.220699999;0.14542792799929014;0.009349872476632224;0.1336285770074868;0.29085585599858027
716719.0;5218916.140599999;0.14543734859671872;0.010304053820798943;0.13088763994914623;0.29087469719343745
715846.0;4354706.6604;0.14714864706529948;0.011509553550838809;0.1092137260103697;0.29429729413059896
715194.0;3860037.157999999;0.17972406930694304;0.01240988095517557;0.09680767809167079;0.3594481386138861
714310.0;3922566.0963999988;0.16882320448148047;0.013630570257987988;0.09837587059663037;0.33764640896296094
712342.0;3728297.1693999977;0.1939023971546621;0.016348122914022874;0.09350370927319517;0.3878047943093242
711005.0;5143950.783599999;0.1454369865566892;0.018194346441014055;0.12900754868281156;0.2908739731133784
710314.0;5034660.703499999;0.1454463078617161;0.019148527785180777;0.126266611624471;0.2908926157234322
710265.0;3652850.9050999996;0.21985165725744493;0.019216190427531237;0.09161155710765548;0.43970331451488986
708567.0;3588343.809299999;0.19280122603264446;0.021560908115512558;0.08999375346763284;0.3856024520652889
708567.0;3815703.5030999985;0.19278714189124302;0.021560908115512558;0.09569581361562772;0.38557428378248604
705895.0;3501731.2339;0.23219459227720918;0.02525059342899082;0.08782155616102504;0.46438918455441835
705810.0;3423269.6801999994;0.219751761558503;0.025367967400415088;0.08585378214169473;0.439503523117006
702663.0;3261750.0555000007;0.2586441632737346;0.029713566083617218;0.08180295589484414;0.5172883265474691
702609.0;4417848.8344;0.14555811521819242;0.02978813307722793;0.11079729813788967;0.29111623043638485
699819.0;3348189.6596999997;0.2257625613131685;0.03364076108044812;0.08397081517578968;0.451525122626337
696874.0;3149152.5827000006;0.2999724445269581;0.0377074239727361;0.07897907118737002;0.5999448890539162
696497.0;3038949.9277000003;0.2821838013346856;0.03822801205775904;0.07621524723609616;0.5643676026693712
689816.0;2812246.5192000004;0.32015149577080426;0.047453606211706745;0.07052964637423198;0.6403029915416085
688209.0;2622778.910199999;0.3515898862351722;0.04967266470675149;0.06577789955157336;0.7031797724703444
686676.0;2554268.1836999995;0.341486278021666;0.05178953880314452;0.06405968698382832;0.682972556043332
685914.0;2715765.7449;0.32493728315101567;0.05284176193520681;0.0681099598898384;0.6498745663020313
679512.0;2368603.5522000003;0.36859794579398497;0.061682093288832486;0.05940331681339883;0.7371958915879699
679406.0;2466834.351399999;0.34125334526893647;0.06182846553554981;0.0618668929911391;0.6825066905378729
670036.0;1977447.8273;0.4010591331565019;0.07476721979726063;0.049593339357261255;0.8021182663130038
669690.0;1882679.2654;0.40503190087053537;0.07524500090447002;0.047216594248833524;0.8100638017410707
668842.0;2050825.9966;0.40105495600748775;0.07641597887820863;0.05143362480058354;0.8021099120149755
668361.0;2128020.872;0.3991224163178406;0.07708017746944479;0.053369631202118246;0.7982448326356812
666164.0;2271112.7224;0.3952300843179639;0.08011394941319919;0.05695829867449098;0.7904601686359278
664053.0;2969176.7088999995;0.300610536463591;0.08302896651527726;0.07446537203320823;0.601221072927182
660672.0;1756926.6753;0.4241981289017398;0.08769768883745914;0.04406278619899023;0.8483962578034796
659112.0;1662615.2525999995;0.4274734619381151;0.08985184643065752;0.04169750589846594;0.8549469238762302
653211.0;1570347.9070999995;0.43600398966939413;0.09800036178800604;0.0393834899665144;0.8720079793387883
651676.0;1487051.1237999995;0.44544597026484706;0.10011999762490317;0.03729445096152302;0.8908919405296941
646821.0;1396042.5616999995;0.4524925764910612;0.10682412269860711;0.03501200464747574;0.9049851529821225
639206.0;1316755.8422999997;0.4686407277207932;0.11733944966796975;0.033023535911439854;0.9372814554415864
637303.0;2197869.0908000004;0.3762779041243808;0.11996724575762137;0.055121387365100506;0.7525558082487616
630414.0;1212862.1427000002;0.46814576572181643;0.12948006092399553;0.030417937204757793;0.9362915314436329
628709.0;4021468.635800001;0.16227799395660733;0.1318344447037412;0.10085629366117027;0.32455598791321466
623037.0;3526626.5367;0.18296940645458137;0.13966674077337018;0.08844591710906985;0.36593881290916275
621951.0;3608521.8466000007;0.16326685561711476;0.14116636586709677;0.09049980790687881;0.32653371123422953
621333.0;1094957.6882000002;0.4933610267451949;0.14201974368286382;0.027460956219962297;0.9867220534903898
614816.0;3302460.905100001;0.20056543928304083;0.15101887511547527;0.08282396234156893;0.40113087856608165
614090.0;3930304.236500001;0.15471911814205863;0.15202138691846376;0.09856993903306414;0.30943823628411726
613576.0;3857870.4873000006;0.15469418978789987;0.15273115422801758;0.0967533391433471;0.30938837957579973
612433.0;3427002.1320000007;0.197012440685778;0.15430948892611102;0.08594739004689282;0.394024881371556
612344.0;2908151.859299999;0.2351539121406738;0.15443238637854348;0.07293490127506391;0.4703078242813476
608022.0;2137866.1577;0.3861446175550777;0.16040050760790464;0.053616545729039525;0.7722892351101553
605156.0;2058767.2822999996;0.39804565589493096;0.16435808175028066;0.05163278802057645;0.7960913117898619
604639.0;3044331.0313;0.23112920150730085;0.16507199167059064;0.07635020245123107;0.4622584030146017
602582.0;1969154.7098999997;0.386103579175413;0.167912441779058;0.04938535238543334;0.772207158350826
602072.0;2725210.5198999997;0.24440255085256005;0.16861668560760362;0.06834682982150558;0.4888051017051201
600574.0;3685043.0881000008;0.156664500464208;0.1706852292451749;0.09241891992862558;0.313329000928416
599789.0;947237.1212000002;0.49606323540635217;0.17176921239303433;0.023756202998087977;0.9921264708127043
598915.0;2648313.811699999;0.2715004526991042;0.17297609299332625;0.06641830129469942;0.5430009053982084
597799.0;2581470.263199999;0.2706400496949017;0.17451714419461434;0.0647419006641299;0.5412800993898034
594752.0;1135047.4128999999;0.48980410078044345;0.17872465585261144;0.028466385184680382;0.9796082015608869
594323.0;2427587.3411999983;0.337093423669752;0.17931704919074098;0.0608825988576933;0.674186847339504
592808.0;2819586.7186;0.2302730212420219;0.18140906762259712;0.07071373466964413;0.4605460424840438
592652.0;1873265.3318999999;0.3999933933584964;0.18162448338191695;0.04698049780557633;0.7999867867169927
592179.0;689743.1362;0.49554887855590135;0.18227763501113672;0.01729839086051333;0.9910977571118027
591078.0;1019275.1862000001;0.49223319955611433;0.18379797315864405;0.025562879338602847;0.9844663991122287
588706.0;863674.4812;0.4899438069197158;0.18707339739650722;0.021660496448516416;0.9798876138394316
586694.0;791751.5863;0.4897355817522206;0.18985170834363232;0.019856708512830366;0.9794711635044412
583403.0;331754.0251;0.4894323348793555;0.19439615234312968;0.00832021443133913;0.978864669758711
581694.0;598703.2278999999;0.4888541844575845;0.19675605960388357;0.015015158400448597;0.977708368915169
579940.0;490523.8402999999;0.487958946087659;0.19917810602597968;0.01230207691903585;0.975917892175318
578699.0;0.0;0.47486556320717294;0.20089176600877404;0.0;0.9497311264143459
576340.0;2345120.1368999984;0.31767198657584617;0.2041492389333606;0.05881436525262332;0.6353439731516923
575244.0;1777244.2132;0.4061190634466445;0.20566267272960764;0.044572339239059316;0.812238126893289
572486.0;1633007.9406;0.40949216043009357;0.20947111288476222;0.04095497026682952;0.8189843208601871
570635.0;1699359.4911999998;0.4017957148860202;0.21202710372130723;0.04261903185184703;0.8035914297720405
555958.0;2228942.3189999987;0.31982810589807;0.23229413641064872;0.055900687395054896;0.63965621179614
540768.0;1567783.8302999998;0.4403391467981713;0.253269555539292;0.0393191842846527;0.8806782935963426
538562.0;1348144.9929999998;0.4458395510883762;0.2563157553153148;0.033810759109599686;0.8916791021767524
535222.0;1938583.1770000001;0.3479912420072723;0.26092786195716267;0.048618634606663165;0.6959824840145445
530473.0;1290726.1217999998;0.45719599163809693;0.2674856147841493;0.03237072437107485;0.9143919832761939
522575.0;2134997.7550999997;0.31525901550906754;0.27839172803484213;0.053544607718038095;0.6305180310181351
517401.0;2034979.637;0.31818784294256625;0.2855363507189501;0.0510362065332743;0.6363756858851325
515527.0;1875381.8262999998;0.34150366544524074;0.28812410157129226;0.04703357835899364;0.6830073308904815
507091.0;0.0;0.4456486999456707;0.29977312301758813;0.0;0.8912973998913414
503516.0;1224334.8865000003;0.44461338575270515;0.30470973416866776;0.03070566751489659;0.8892267715054103
493764.0;1812764.2602999997;0.3782311541929129;0.31817598086666177;0.045463163120982614;0.7564623083858258
493089.0;1736727.1224;0.3860423591191516;0.3191080682867957;0.043556192159944225;0.7720847182383032
490077.0;1529007.4291000003;0.4169570531737242;0.3232672494859711;0.03834669277452744;0.8339141063474484
480052.0;1615035.3483000002;0.3822529887365815;0.33711047376277475;0.040504227214720474;0.764505977473163
479320.0;1336034.4745;0.4174878257693451;0.33812127078727555;0.03350703374932915;0.8349756515386902
425886.0;0.0;0.4329285358139981;0.41190669183532846;0.0;0.8658570716279962
347582.0;0.0;0.3955417278502069;0.520034356051871;0.0;0.7910834557004138
272351.0;0.0;0.34331838503040263;0.6239186059838632;0.0;0.6866367700608053
191127.0;0.0;0.2851732559429005;0.7360784113363924;0.0;0.570346511885801
109299.0;0.0;0.17015914091943768;0.8490722623211601;0.0;0.34031828183887536
