720739.0;6508998.8413;0.14544458429268883;0.0047529554075569505;0.16324222766138172;0.29088916858537767
720655.0;6818497.7228000015;0.14543586771639996;0.004868948508729171;0.17100429493264818;0.2908717354327999
720629.0;6163876.3513;0.14557785677301993;0.004904851135282478;0.1545867392433824;0.29115571354603986
720590.0;7841209.543600003;0.1454344877607676;0.004958705075112437;0.1966533632384702;0.2908689755215352
720553.0;7691696.273700001;0.1454337545495982;0.005009797274438297;0.192903649981717;0.2908675090991964
720526.0;7514783.7812;0.14543324345155154;0.005047080771243653;0.18846677880060927;0.29086648690310307
720423.0;7310840.1841;0.14543147927991062;0.005189310407204829;0.18335198189872043;0.29086295855982125
720087.0;6743807.292600001;0.14542776867661691;0.005653282811893712;0.1691310986841757;0.29085553735323383
720085.0;7008128.8229;0.14542198838208253;0.005656044552397812;0.17576014202510512;0.29084397676416507
720069.0;5606282.505800004;0.15235529366042244;0.005678138476430616;0.14060258228023317;0.3047105873208449
719438.0;6622877.536700001;0.14543563404258988;0.006549467605474322;0.16609824474995677;0.29087126808517977
719230.0;6338058.6235000035;0.14544560597188985;0.006836688617900774;0.15895513795204938;0.2908912119437797
718201.0;5484657.649900001;0.16389702491993122;0.008257604107260478;0.1375522956078598;0.32779404983986243
717915.0;5252436.705100001;0.14545425440816456;0.008652532999346848;0.13172831787133718;0.2909085088163291
717793.0;6088271.489500001;0.14545165120578563;0.008820999170096978;0.15269060953692853;0.29090330241157125
717376.0;5058435.896200001;0.14545566441767505;0.009396822065201932;0.12686288080719096;0.2909113288353501
716640.0;4621273.200300001;0.14769094144946346;0.010413142570710913;0.1158990729975527;0.2953818828989269
713626.0;4762870.8545;0.1474058270203778;0.014575085510390358;0.11945026682425454;0.2948116540407556
712143.0;4378777.461200001;0.14817464111569187;0.016622916094180876;0.10981740888695178;0.29634928223138374
712092.0;3921735.2573000016;0.18681509130979645;0.016693340477035436;0.09835503359407154;0.3736301826195929
711659.0;4495754.721100001;0.1472325967004444;0.017291257296173194;0.11275113632451675;0.2944651934008888
711520.0;4077955.867700001;0.1836523534944436;0.01748319826120818;0.10227296338175351;0.3673047069888872
710794.0;5359726.495600001;0.14544467419108517;0.018485710064196657;0.1344190887308147;0.29088934838217034
707577.0;3810462.1463000006;0.178537237133421;0.022927969665042302;0.095564363175881;0.357074474266842
707370.0;4165612.0049000005;0.15383229788789954;0.023213809807216705;0.10447133266305172;0.3076645957757991
705337.0;3606866.7993;0.2216879092073758;0.026021119029634856;0.09045830020120482;0.4433758184147516
704574.0;3415548.488000001;0.23870674939431918;0.027074723031949195;0.0856601387495755;0.47741349878863837
704399.0;4965483.8368999995;0.1456454596200873;0.027316375326057987;0.12453169261745477;0.2912909192401746
703269.0;4855408.9187;0.1455986512953421;0.028876758710874768;0.12177107223715931;0.2911973025906842
702768.0;3288048.1528000007;0.23580434894978528;0.02956857470715194;0.08246249818255645;0.47160869789957055
698701.0;3681890.472100001;0.19099329492248276;0.035184574022240296;0.09233985399677512;0.38198658984496553
696618.0;4282825.1283;0.150560327238939;0.038060926757260964;0.1074109754316995;0.301120654477878
694806.0;3167041.520100001;0.26463923866719125;0.04056306365397601;0.07942771621909778;0.5292784773343825
690716.0;3009087.2057000003;0.2905261626728834;0.04621082298486152;0.0754663060575571;0.5810523253457668
687725.0;2742699.379;0.3288892532035795;0.05034100590874381;0.0687854411023412;0.657778506407159
683750.0;2648191.5291999998;0.3473372308885982;0.05582996516064354;0.06641523451466294;0.6946744617771964
678976.0;2887644.8737000003;0.3227971291911471;0.06242223974393142;0.07242059698747934;0.6455942583822942
677692.0;2491701.9664999996;0.3467596165791334;0.06419527714756394;0.06249055954639987;0.6935192331582668
677102.0;2422035.3899000003;0.39216287806827327;0.06500999059627359;0.06074335887314628;0.7843257561365465
674392.0;2266161.8658;0.4024282003341042;0.06875214897932976;0.05683413382519219;0.8048564006682084
668405.0;2137652.5630999994;0.3868994175724533;0.07701941917835459;0.053611188890119954;0.7737988351449065
663768.0;2343083.1788999997;0.38683559466667256;0.08342251453711158;0.05876327942979867;0.7736711893333451
658026.0;1963515.5118999998;0.425238804814464;0.0913514715243841;0.049243924300072094;0.850477609628928
656253.0;1884363.0642999997;0.4163910303218332;0.09379975448126919;0.047258823029337475;0.8327820606436664
649754.0;1798907.0209;0.4126660741155457;0.10277403024934374;0.04511563092992737;0.8253321482310914
644642.0;1533766.1807;0.4378708400910712;0.1098330389778246;0.038466039732640574;0.8757416801821424
625159.0;1415521.9692000004;0.45603171907184026;0.13673653409851957;0.03550053782306145;0.9120634381436805
620436.0;3826557.8268999984;0.15880302846173422;0.14325838429895288;0.0959680342812126;0.31760605692346844
620302.0;4001200.5943999994;0.156919202216612;0.14344342091272763;0.10034798196698527;0.313838404433224
614845.0;3700566.8699999996;0.15736040709353097;0.15097882987816583;0.09280824811885446;0.31472081418706194
614516.0;3614634.0301999995;0.18754244402916181;0.15143313619109036;0.09065309821942401;0.37508488805832363
608663.0;1309393.9528000003;0.48824583018609735;0.15951536977634045;0.032838903639860466;0.9764916603721947
608295.0;1224488.3673999999;0.4908796020264961;0.16002353002909495;0.030709516734205165;0.9817592040529922
600402.0;2057875.4612999996;0.38304516866767124;0.17092273892852752;0.0516104216244125;0.7660903373353425
599640.0;3373672.2163999993;0.17925047364210644;0.17197496206058982;0.0846099041391831;0.3585009472842129
599341.0;908150.682;0.49420818223308427;0.17238784226595286;0.02277593589988631;0.9884163644661685
597178.0;3226042.4521000003;0.20977268675263455;0.17537466462113754;0.08090742820071092;0.4195453735052691
596279.0;804725.6955000001;0.49545891385738067;0.17661606697773072;0.02018209226836151;0.9909178277147613
594283.0;3476897.0045;0.16421156058729258;0.179372284000823;0.08719872690135656;0.32842312117458516
592882.0;3294295.4052;0.1814292201812532;0.1813068832239454;0.08261917594873885;0.3628584403625064
590854.0;3086760.4436999997;0.2545937541638193;0.1841072880951033;0.0774143095385748;0.5091875083276386
588955.0;2968334.778299999;0.27027018950036197;0.18672956070374672;0.07444425686173081;0.5405403790007239
588934.0;1106530.4172;0.4899852552237735;0.18675855897903976;0.027751194105717417;0.979970510447547
585896.0;2835533.3643000005;0.3063434055209854;0.19095364280476843;0.07111366805898163;0.6126868110419708
585478.0;704379.4561;0.4924495233545214;0.19153084657012542;0.017665461975978982;0.9848990467090428
585368.0;538208.1631000001;0.49245311877099984;0.19168274229785096;0.013497974363202821;0.9849062375419997
584376.0;2621837.7282000002;0.32089674289105946;0.1930525655878848;0.06575429520779322;0.6417934857821189
578437.0;410076.71640000003;0.4925199913827709;0.2012535540148112;0.010284505855562696;0.9850399827655418
578350.0;0.0;0.47673840814373847;0.20137368972673958;0.0;0.9534768162874769
576993.0;2738393.0403999994;0.2611870199179267;0.20324753065877177;0.06867744042155018;0.5223740398358534
576991.0;2539238.3774;0.3221582637064999;0.20325029239927586;0.06368274743881513;0.6443165274129998
573694.0;2231518.5315000005;0.3577187860252948;0.20780302162028555;0.05596529743381554;0.7154375720505896
573694.0;2339535.531700001;0.3545787035532467;0.20780302162028555;0.05867430632563865;0.7091574071064934
563964.0;2455260.9823999996;0.25591357289108546;0.22123888917273443;0.06157663905452452;0.5118271457821709
561534.0;1919653.1435;0.40006900684479396;0.22459440388521654;0.048143879438689065;0.8001380136895879
559462.0;1746248.1361999996;0.4152378655137879;0.22745556704746464;0.04379497412015061;0.8304757310275758
547518.0;1995187.5756000003;0.3519237523820562;0.2439486813379528;0.05003824280574088;0.7038475047641124
545712.0;1613231.3842000004;0.43597783832802034;0.24644253301315555;0.04045898475493748;0.8719556766560407
518077.0;1438301.8799000003;0.408525211462983;0.28460288242856413;0.03607184586278644;0.817050422925966
516389.0;1550917.6328000003;0.4068221362516215;0.2869337914140249;0.03889618902544216;0.813644272503243
516179.0;2935122.865100001;0.24207529952476353;0.2872237741669555;0.07361131974991818;0.48415059904952706
513913.0;1863388.8537000006;0.4020716344975163;0.2903528261581014;0.04673280098735183;0.8041432689950326
505745.0;2395779.1152000003;0.3372628966063652;0.3016317743768478;0.060084865473989196;0.6745257932127304
498391.0;1693409.7989999992;0.3911410495360259;0.3117866942104253;0.042469816737156114;0.7822820990720518
492932.0;2619523.5724000013;0.2473736689873689;0.3193248649163676;0.06569625741163472;0.4947473379747378
481724.0;2175443.2278;0.3138703416349933;0.33480165870134676;0.05455895865331142;0.6277406832699866
477802.0;1339720.0146000003;0.42710843329230375;0.34021743182988784;0.03359946513405179;0.8542168665846075
473772.0;0.0;0.4340263958885833;0.3457823389456503;0.0;0.8680527917771667
473272.0;2309638.4475000002;0.2928211906983333;0.3464727740716754;0.05792450336140686;0.5856423813966666
455246.0;1785792.8969;0.3880189935889526;0.37136434123513323;0.04478673567771067;0.7760379871779052
445106.0;1270869.1262999997;0.4010765803038356;0.3853663655909227;0.03187272148935446;0.8021531606076712
437507.0;1501497.465;0.3987266208118292;0.39585959863625253;0.037656757512275686;0.7974532416236584
434966.0;1197308.8383999998;0.42299133102370917;0.3993683899467122;0.030027868608445012;0.8459826620474183
432648.0;1630478.9893;0.37753015895585457;0.4025692471909647;0.04089154551381839;0.7550603179117091
429051.0;1427958.0204;0.3977502796595341;0.40753623748758944;0.03581242737024003;0.7955005593190682
423899.0;1081409.3935;0.42498875621155346;0.4146504810261523;0.027121172197601157;0.8499775124231069
335478.0;0.0;0.4065255627003524;0.5367484095826872;0.0;0.8130511254007048
238961.0;0.0;0.3619618404642866;0.6700258636998209;0.0;0.7239236809285732
157695.0;0.0;0.2615099776407133;0.7822436656029362;0.0;0.5230199552814266
84618.0;0.0;0.1780550424908869;0.8831535210120122;0.0;0.3561100849817738
