69917.0;673866.4921522222;0.4960115702783143;0.2761615868809011;0.780371928507256;0.9920231405566285
69778.0;721277.367776111;0.49530689145492085;0.27760062945171443;0.8352761519308983;0.9906137829098417
69667.0;651303.6531961099;0.4970683326863403;0.278749792943515;0.7542430048200954;0.9941366653726806
69561.0;711406.380076111;0.49426083560626355;0.2798471923140633;0.8238450423603392;0.9885216712125271
69453.0;680810.6388961101;0.49310761117104446;0.2809652973331125;0.7884136062720276;0.9862152223420889
69313.0;702725.7329961098;0.49184646432049567;0.28241469272817626;0.8137924082237523;0.9836929286409913
69241.0;659870.1119322232;0.4923164937468077;0.28316009607420906;0.7641634030031653;0.9846329874936154
69235.0;667152.5850961101;0.49184646432049567;0.2832222130197118;0.772596880098983;0.9836929286409913
69154.0;690211.4587761108;0.4904765625628579;0.2840607917839987;0.7993002374144592;0.9809531251257158
68689.0;641288.4291522224;0.4884154674814089;0.2888748550604605;0.7426448621722855;0.9768309349628178
68680.0;631653.3098156176;0.4874067535526426;0.2889680304787146;0.7314869002530195;0.9748135071052852
68586.0;626265.2912522223;0.48689562865842895;0.2899411959582574;0.7252472986611365;0.9737912573168579
68195.0;617576.4104310556;0.4835206085962977;0.2939891502401855;0.7151851294303626;0.9670412171925954
67547.0;601185.2463522223;0.48166307761377886;0.3006977803544807;0.696203321503061;0.9633261552275577
67150.0;586549.3258993995;0.4777541788743595;0.30480785158191154;0.6792541756377283;0.955508357748719
66970.0;593987.3459993995;0.47510771215581615;0.3066713599469935;0.6878677840561768;0.9502154243116323
66631.0;560397.0250160052;0.47306737662199433;0.31018096736789796;0.6489684711058189;0.9461347532439887
66390.0;545725.8540971737;0.47306737662199433;0.31267599801225776;0.6319785033945265;0.9461347532439887
66133.0;609617.8192156176;0.47054979642497324;0.3153366738446248;0.7059686729848783;0.9410995928499465
66093.0;536031.7211322233;0.4706190738471958;0.315750786814643;0.6207522006696312;0.9412381476943916
65883.0;523263.2549522222;0.47306737662199433;0.3179248799072387;0.6059656625452274;0.9461347532439887
65593.0;506585.61219939945;0.4705497964249733;0.3209271989398708;0.5866520976335662;0.9410995928499466
65103.0;485325.2455196115;0.47775417887435956;0.326000082822594;0.562031503584308;0.9555083577487191
65086.0;570638.6721156177;0.46473782478535275;0.3261760808348517;0.6608288232546388;0.9294756495707055
64572.0;476592.78388056805;0.4679025191801179;0.3314974324995859;0.5519188655332434;0.9358050383602358
64383.0;403822.2564801049;0.4730728697201034;0.333454116282922;0.4676468658607007;0.9461457394402067
64126.0;383141.06120010384;0.4730728697201034;0.33611479211528905;0.44369698197057866;0.9461457394402067
63913.0;413281.96148010495;0.470621850702888;0.33831994368063606;0.47860168898951155;0.941243701405776
63870.0;367145.4859001039;0.4730728697201034;0.3387651151234057;0.4251732861201189;0.9461457394402067
63838.0;374039.21670010395;0.4730700814211732;0.3390964054994202;0.4331565796384301;0.9461401628423464
63687.0;388849.0304001039;0.47054979642497324;0.340659681961239;0.4503071027947164;0.9410995928499465
63635.0;555352.8667156176;0.4556147234774969;0.3411980288222627;0.6431270773187537;0.9112294469549937
63529.0;350628.84000010375;0.4730728697201034;0.342295428192811;0.40604616381390546;0.9461457394402067
63451.0;458324.5268522223;0.4625256061430543;0.3431029484843465;0.5307632877834952;0.9250512122861086
63199.0;442633.13423961046;0.46440178687880646;0.3457118601954613;0.5125918510721084;0.9288035737576129
63060.0;331612.46256505436;0.4679025191801179;0.34715090276627464;0.38402422429764427;0.9358050383602358
62560.0;499153.4287156176;0.45216056873944793;0.3523273148915024;0.5780452483157811;0.9043211374788959
62539.0;358885.74820010393;0.46512891727322586;0.352544724200762;0.415608086614017;0.9302578345464517
62495.0;431997.56053961045;0.46154017288763305;0.353000248467782;0.500275311734261;0.9230803457752661
62480.0;529808.0754160051;0.44990099008373685;0.35315554083153883;0.6135449000151657;0.8998019801674737
62209.0;490978.1304322233;0.44990099008373685;0.3559611562034123;0.5685778339809943;0.8998019801674737
62042.0;467755.3160310556;0.44990099008373685;0.35769007785323836;0.5416846249096764;0.8998019801674737
61862.0;420282.12403961044;0.46154017288763305;0.35955358621832034;0.4867082359391581;0.9230803457752661
61799.0;320028.6879001038;0.47067888578602024;0.36020581414609903;0.3706096196542085;0.9413577715720405
61553.0;341507.46220010385;0.46222671666788545;0.3627526089117111;0.395483140919422;0.9244534333357709
61285.0;304149.87830010394;0.4681087768210397;0.3655271658108332;0.3522211444677137;0.9362175536420794
61159.0;516913.58463222336;0.43895868144919004;0.3668316216663906;0.5986124189417698;0.8779173628983801
61070.0;325593.5081001039;0.45919347905706376;0.36775302302468116;0.3770539666010355;0.9183869581141275
60880.0;264320.1254001039;0.4679025191801179;0.3697200596322677;0.3060962496339174;0.9358050383602358
60739.0;481502.4279160051;0.43895868144919004;0.3711798078515819;0.5576044849086503;0.8779173628983801
60329.0;277417.90900010394;0.4651289172732259;0.3754244657942687;0.32126415420572363;0.9302578345464518
60305.0;313024.9558001039;0.4527232438144536;0.3756729335762796;0.36249893899375735;0.9054464876289072
59988.0;452274.0179144499;0.4419632389469833;0.378954778863674;0.5237564883904291;0.8839264778939666
59840.0;410294.47593961057;0.44875988480732637;0.38048699685274145;0.47514202764743;0.8975197696146527
59665.0;230084.3396001039;0.45919347905706376;0.38229874109657114;0.26644945535070763;0.9183869581141275
59566.0;405540.83245222224;0.44275308839506666;0.3833236706973662;0.4696370649005196;0.8855061767901333
59410.0;477302.20588056813;0.42985235241121383;0.38493871128043733;0.5527404125617912;0.8597047048224277
59397.0;355192.09575504856;0.44275308839506666;0.38507329799569323;0.4113306478107054;0.8855061767901333
59379.0;400435.4156805681;0.4336995599049753;0.38525964883220143;0.4637247306646914;0.8673991198099505
59235.0;271000.7676001039;0.4560265896903735;0.386750455524267;0.31383277563423867;0.912053179380747
59142.0;295175.82427893725;0.4456949209131959;0.38771326817955937;0.3418287300583559;0.8913898418263918
59069.0;256714.4384001039;0.4560265896903736;0.38846902434984265;0.29728847435359995;0.9120531793807471
58921.0;393020.44628010486;0.4419632389469833;0.39000124233891004;0.45513781613748167;0.8839264778939666
58837.0;462537.7655805681;0.4298523524112138;0.3908708795759483;0.5356424341277506;0.8597047048224276
58673.0;380754.5973522222;0.43501222562704994;0.392568742753023;0.44093333454638894;0.8700244512540999
58587.0;373372.14260116767;0.4266461277958747;0.3934590856385622;0.432384073649326;0.8532922555917494
58181.0;335868.97275504854;0.43501222562704994;0.39766233228424713;0.3889534812118257;0.8700244512540999
58159.0;244641.74590010394;0.44928043153945346;0.3978900944177572;0.28330767780381116;0.8985608630789069
57877.0;286062.37300010386;0.44569492091319596;0.4008095908563856;0.3312748864815579;0.8913898418263919
57839.0;414880.61229717376;0.4222171098570515;0.40120299817790295;0.480453008554521;0.844434219714103
57563.0;455899.17373222334;0.4128407488477066;0.40406037767102865;0.5279546045894107;0.8256814976954132
56808.0;358580.1241184438;0.42955091781650934;0.4118767599801226;0.41525415826651657;0.8591018356330187
55778.0;385098.4176033933;0.4113950634675052;0.42254016895809177;0.445963700985398;0.8227901269350104
55605.0;425308.6662971737;0.40273269387872657;0.4243312075534206;0.49252922944594274;0.8054653877574531
55337.0;237562.72087893725;0.41627269471912015;0.42710576445254267;0.2751098040824523;0.8325453894382403
55307.0;366781.82382116665;0.4128407488477068;0.42741634918005633;0.42475214679776024;0.8256814976954135
55272.0;222203.1263001039;0.4298523524112136;0.42777869802882224;0.2573226064963373;0.8597047048224272
55108.0;196857.9048001039;0.4298523524112138;0.42947656120589695;0.22797154124715338;0.8597047048224276
54958.0;211021.79560010388;0.4298523524112136;0.4310294848434653;0.24437405258654396;0.8597047048224272
54852.0;341287.7719196115;0.4058110522468315;0.4321268842140136;0.3952287283171355;0.811622104493663
54719.0;349991.54561999906;0.40273269387872657;0.4335038098393242;0.40530814426519524;0.8054653877574531
54613.0;318230.959984562;0.40633154666022847;0.43460120920987244;0.3685277586079617;0.8126630933204569
54518.0;185215.6223001039;0.4254956282768703;0.4355847275136657;0.21448918153264337;0.8509912565537406
54341.0;174516.35810010388;0.4209709018223819;0.43741717740599634;0.2020988853321364;0.8419418036447638
54282.0;231837.8311001039;0.4113950634675051;0.4380279940367732;0.26848008836097303;0.8227901269350102
54223.0;168415.9233001039;0.41627269471912015;0.4386388106675501;0.1950342692322853;0.8325453894382403
54185.0;308861.3377196115;0.4010639436305706;0.43903221798906744;0.3576772559024016;0.8021278872611411
54090.0;299056.5646989363;0.40633154666022847;0.44001573629286067;0.3463228263235054;0.8126630933204569
54005.0;205708.9128001039;0.411395063467505;0.4408957263541494;0.238221462058816;0.82279012693501
53997.0;292866.5527396105;0.4058110522468315;0.4409785489481531;0.33915447528299864;0.811622104493663
53780.0;261454.10730010387;0.40633154666022847;0.4432251118105019;0.30277725381222204;0.8126630933204569
53583.0;252427.39240010397;0.40633154666022847;0.44526461818784163;0.29232385540670097;0.8126630933204569
53446.0;280772.14805621613;0.40273269387872657;0.44668295511015405;0.3251485349122529;0.8054653877574531
53246.0;0.0;0.3009568440770061;0.44875351996024515;0.0;0.6019136881540122
46585.0;0.0;0.24608102699981427;0.5177136822925295;0.0;0.49216205399962853
38711.0;0.0;0.23383663340690158;0.5992318204406162;0.0;0.46767326681380317
31828.0;0.0;0.20454600114078866;0.6704903097565016;0.0;0.4090920022815773
22798.0;0.0;0.17766419727192725;0.763976312738115;0.0;0.3553283945438545
16040.0;0.0;0.17455014925472503;0.8339406990226934;0.0;0.34910029850945007
9282.0;0.0;0.16717913724636344;0.9039050853072719;0.0;0.33435827449272687
