70245.0;729906.3040961102;0.49780845732391865;0.2727658605267517;0.8452689023576149;0.9956169146478373
70136.0;711655.6128961098;0.49780845732391865;0.27389431837005135;0.8241336667372073;0.9956169146478373
70027.0;693828.1217961101;0.49708013439207804;0.27502277621335103;0.8034885185184262;0.9941602687841561
69968.0;675786.242376111;0.4962464564310941;0.27563359284412786;0.7825950976392951;0.9924929128621882
69439.0;665757.58819611;0.4942608356062636;0.2811102368726188;0.7709814022056722;0.9885216712125272
69179.0;683922.6807522221;0.4911249915035026;0.2838019711777373;0.7920175102101698;0.9822499830070052
68956.0;654915.4688522222;0.48982493835310775;0.28611065098558885;0.7584256724282904;0.9796498767062155
68738.0;648853.6736522221;0.48841546748140885;0.28836756667218816;0.7514058029652284;0.9768309349628177
68295.0;623277.9801322233;0.4835206085962977;0.29295386781514;0.7217878393069264;0.9670412171925954
68293.0;611876.0046344489;0.48628450235443726;0.29297457346364086;0.708583767414922;0.9725690047088745
67782.0;590340.6655396104;0.49310761117104446;0.29826486665562363;0.6836447412187648;0.9862152223420889
67722.0;604446.2853396104;0.4915286957883115;0.298886036110651;0.6999797717542044;0.983057391576623
67629.0;633244.70171445;0.47775417887435956;0.29984884876594337;0.7333298136187463;0.9555083577487191
67347.0;583558.0728562161;0.4852643848743047;0.3027683452045718;0.6757901513344766;0.9705287697486094
67269.0;597133.1504156175;0.47775417887435956;0.3035758654961073;0.6915107867689992;0.9555083577487191
66615.0;551088.9792522225;0.48526438487430473;0.31034661255590523;0.6381892771439441;0.9705287697486095
66313.0;480218.80730010394;0.4889969918839256;0.3134731654795428;0.556117986459524;0.9779939837678512
66126.0;473822.55290010385;0.4867849067458369;0.315409143614378;0.5487107961043408;0.9735698134916738
65918.0;460300.4188001038;0.4867849067458369;0.31756253105847276;0.5330514719087596;0.9735698134916738
65748.0;519451.5264801049;0.4777541788743596;0.3193225111810502;0.6015514856520687;0.9555083577487192
65723.0;450800.8403989362;0.48509459774584845;0.3195813317873116;0.5220504733381844;0.9701891954916969
65492.0;509281.43531961145;0.4722255808322457;0.3219728341891668;0.589773998947453;0.9444511616644914
65467.0;574091.2104156178;0.4675179572416768;0.3222316547954282;0.664827039522688;0.9350359144833535
65335.0;558872.1099322233;0.46535030829019974;0.3235982275964883;0.6472025412983581;0.9307006165803995
65185.0;490404.33633844287;0.4722255808322457;0.32515115123405663;0.5679133510177601;0.9444511616644914
65167.0;434518.8422001038;0.48509459774584845;0.32533750207056483;0.503195085093855;0.9701891954916969
65077.0;566728.7408322234;0.4625256061430543;0.3262692562531058;0.6563009224738652;0.9250512122861086
64642.0;467939.3366362171;0.46535030829019974;0.330772734802054;0.5418977302001268;0.9307006165803995
64526.0;540365.6542156177;0.46473782478535275;0.33197366241510684;0.6257711172617118;0.9294756495707055
64126.0;383141.06120010384;0.4730728697201034;0.33611479211528905;0.44369698197057866;0.9461457394402067
64117.0;533369.7123510547;0.4625256061430544;0.33620796753354315;0.6176694580930875;0.9250512122861088
63918.0;369618.9271001038;0.4730728697201034;0.3382681795593838;0.4280376577749974;0.9461457394402067
63905.0;485026.1223196115;0.46440178687880646;0.3384027662746397;0.5616851035908913;0.9288035737576129
63710.0;426721.22283504944;0.46535030829019974;0.34042156700347853;0.4941650422997129;0.9307006165803995
63659.0;361373.34609893616;0.47054979642497324;0.34094956104025176;0.4184888524515678;0.9410995928499465
63529.0;350628.8400001038;0.4730728697201034;0.342295428192811;0.4060461638139055;0.9461457394402067
63520.0;406046.9311196114;0.4671350916089014;0.3423886036110651;0.4702231530911107;0.9342701832178028
63184.0;391956.05613844283;0.46440178687880646;0.3458671525592181;0.453905197811439;0.9288035737576129
63179.0;336535.9423001038;0.4730728697201034;0.3459189166804704;0.3897258661221779;0.9461457394402067
62331.0;345363.61410010385;0.46512891727322586;0.3546981116448567;0.3999487624184357;0.9302578345464517
61979.0;300593.25950010394;0.47054979642497324;0.35834230578101706;0.348102397647321;0.9410995928499465
61913.0;356775.2171001039;0.45919347905706376;0.3590255921815471;0.41316398345135447;0.9183869581141275
61652.0;471913.6545356166;0.44875988480732637;0.36172767931091604;0.5465001939815648;0.8975197696146527
61629.0;286500.3618001038;0.47054979642497324;0.3619657942686765;0.3317820999555932;0.9410995928499465
61623.0;443947.4053322233;0.44639932374083513;0.3620279112141792;0.5141138443438734;0.8927986474816703
61436.0;526992.1297156176;0.44569492091319596;0.3639638893490144;0.610283890598056;0.8913898418263919
60969.0;514401.40803222335;0.44275308839506666;0.3687986582739771;0.5957031897087929;0.8855061767901333
60965.0;503313.27003222326;0.43895868144919004;0.368840069570979;0.5828625577210251;0.8779173628983801
60839.0;420475.6181196115;0.4487598848073263;0.37014452542653636;0.4869323119989172;0.8975197696146526
60581.0;322457.4162001039;0.4622267166678854;0.37281555408315387;0.373422211479687;0.9244534333357708
60536.0;280311.5783001039;0.46222671666788545;0.37328143117442436;0.32461517153393515;0.9244534333357709
60504.0;476775.7410510546;0.43895868144919004;0.37361272155043895;0.5521307393118473;0.8779173628983801
60307.0;400815.35811961145;0.44521699674533594;0.3756522279277787;0.4641647234782991;0.8904339934906719
60232.0;453568.24335222226;0.43895868144919004;0.37642868974656285;0.5252552677666996;0.8779173628983801
60229.0;265215.9526001039;0.46222671666788545;0.3764597482193142;0.30713366343593107;0.9244534333357709
60172.0;255174.86150010387;0.46222671666788545;0.3770498592015902;0.2955055654116506;0.9244534333357709
59903.0;312254.9151001039;0.45919347905706376;0.3798347689249627;0.36160719240435674;0.9183869581141275
59802.0;436158.9626310557;0.4266461277958748;0.3808804041742587;0.5050944285967472;0.8532922555917496
59783.0;236184.77440010392;0.46222671666788545;0.3810771078350174;0.2735140714505587;0.9244534333357709
59437.0;365983.4271989363;0.44569492091319596;0.384659185025675;0.4238275625973889;0.8913898418263919
59354.0;413527.30621961143;0.4376906569892459;0.3855184694384628;0.4788858107699347;0.8753813139784918
59131.0;306176.74750010384;0.4555485735473797;0.3878271492463144;0.35456836286313226;0.9110971470947594
59061.0;386440.7203196114;0.4415204221571941;0.38855184694384626;0.44751815631370806;0.8830408443143882
58889.0;407459.16045105463;0.43090954336093934;0.39033253271492463;0.4718585870230651;0.8618190867218787
58146.0;222836.20320010392;0.44928043153945346;0.3980246811330131;0.2580557419869722;0.8985608630789069
57842.0;459378.93673105567;0.4176172207153524;0.4011719397051516;0.5319843484537689;0.8352344414307048
57736.0;275069.7549001039;0.44569492091319596;0.40226933907569984;0.3185448714326676;0.8913898418263919
57649.0;341087.55671844387;0.42955091781650945;0.40317003478548946;0.3949968688546585;0.8591018356330189
57046.0;297530.7524384428;0.42524011972224546;0.40941278780851414;0.34455585753943896;0.8504802394444909
56981.0;250673.84698010492;0.438081650291751;0.41008572138479377;0.2902931599543136;0.876163300583502
56559.0;204727.0064001039;0.438081650291751;0.414454613218486;0.23708436413229006;0.876163300583502
55983.0;352139.7779184439;0.41128284528949105;0.42041783998674837;0.40779590734756005;0.8225656905789821
55928.0;198771.67110010394;0.4340461332085858;0.42098724532052345;0.23018778068869822;0.8680922664171716
55593.0;291337.13843844284;0.41611170776318734;0.42445544144442604;0.337383335151254;0.8322234155263747
55568.0;394759.97693105566;0.3973869910520175;0.4247142620506874;0.4571522817691595;0.794773982104035
55550.0;381676.51463621715;0.40273269387872657;0.4249006128871956;0.4420009620025896;0.8054653877574531
55367.0;285709.42030010396;0.4209709018223819;0.426795179725029;0.3308661491687839;0.8419418036447638
55259.0;369210.6346749434;0.4010751040220532;0.4279132847440782;0.42756483422474234;0.8021502080441064
54666.0;239610.3998650544;0.420970901822382;0.4340525095245983;0.27748112127653984;0.841941803644764
54614.0;193778.69570010388;0.4254956282768704;0.434590856385622;0.224405659323021;0.8509912565537407
54345.0;183776.99850010392;0.4209709018223819;0.43737576610899453;0.212823181453582;0.8419418036447638
54341.0;174516.3581001039;0.4209709018223819;0.43741717740599634;0.20209888533213644;0.8419418036447638
54252.0;328472.49151961145;0.4058110522468315;0.4383385787642869;0.3803879769270958;0.811622104493663
54223.0;168415.9233001039;0.41627269471912015;0.4386388106675501;0.1950342692322853;0.8325453894382403
54109.0;361776.9055196115;0.4010639436305706;0.43981903263210204;0.4189561949400982;0.8021278872611411
54049.0;319452.1920362171;0.40273269387872657;0.44044020208712936;0.36994200790274584;0.8054653877574531
53902.0;337455.1517196115;0.4010639436305706;0.4419620672519463;0.3907903577325446;0.8021278872611411
53780.0;261454.1073001039;0.40633154666022847;0.4432251118105019;0.30277725381222204;0.8126630933204569
53751.0;345895.5984384429;0.4005428648656925;0.4435253437137651;0.4005648275424329;0.801085729731385
53722.0;271104.25733844284;0.40626923340364973;0.44382557561702835;0.3139526220543067;0.8125384668072995
53382.0;313103.25273844285;0.3956594109076249;0.44734553586218323;0.3625896108604837;0.7913188218152498
53253.0;211122.90670010395;0.4113950634675049;0.448681050190492;0.24449114442152825;0.8227901269350097
53246.0;0.0;0.3009568440770061;0.44875351996024515;0.0;0.6019136881540122
46926.0;0.0;0.24608102699981427;0.514183369223124;0.0;0.49216205399962853
37908.0;0.0;0.2338366334069015;0.607545138313732;0.0;0.467673266813803
31025.0;0.0;0.20454600114078855;0.6788036276296173;0.0;0.4090920022815771
25025.0;0.0;0.1877858962920647;0.7409205731323505;0.0;0.3755717925841294
18267.0;0.0;0.17766419727192723;0.810884959416929;0.0;0.35532839454385445
11509.0;0.0;0.17050872340172804;0.8808493457015074;0.0;0.3410174468034561
4751.0;0.0;0.16717913724636344;0.9508137319860858;0.0;0.33435827449272687
