70509.0;687691.13279611;0.49895081681725745;0.27003271492463143;0.7963815707818469;0.9979016336345149
70116.0;741178.0543961102;0.4970801343920781;0.2741013748550605;0.8583221667975335;0.9941602687841562
69996.0;728382.7600761111;0.4962464564310941;0.27534371376511513;0.8435045603122712;0.9924929128621882
69762.0;661766.0354522223;0.49524717299297827;0.2777662746397217;0.7663589795911606;0.9904943459859565
69571.0;671129.4939156176;0.49310761117104446;0.2797436640715587;0.7772023442986712;0.9862152223420889
69334.0;651205.696252222;0.4923164937468077;0.2821972834189167;0.7541295656595158;0.9846329874936154
69319.0;708108.9142749434;0.49184646432049567;0.28235257578267353;0.8200264079922386;0.9836929286409913
69223.0;696230.0317322232;0.4911249915035026;0.28334644691071725;0.806270053304284;0.9822499830070052
69086.0;664648.8531310556;0.4898249383531077;0.28476478383302967;0.7696974301859971;0.9796498767062154
68886.0;644327.2255356166;0.4889969918839256;0.28683534868312077;0.7461639440997403;0.9779939837678512
68738.0;634565.6590322232;0.48841546748140885;0.28836756667218816;0.7348595498818657;0.9768309349628177
68473.0;626742.8121322233;0.48526438487430473;0.2911110650985589;0.7258002923095351;0.9705287697486095
68364.0;619687.1786356164;0.49184646432049567;0.29223952294185856;0.7176295071722565;0.9836929286409913
68360.0;610332.7742522222;0.4835206085962977;0.29228093423886037;0.7067966275533406;0.9670412171925954
68201.0;605647.1500322231;0.48166307761377886;0.2939270332946828;0.7013704346035434;0.9633261552275577
68020.0;601293.8285322231;0.47969047043334834;0.29580089448401525;0.6963290652315229;0.9593809408666967
67741.0;596870.5911356164;0.4904765625628579;0.2986893324498923;0.6912067296685674;0.9809531251257158
67438.0;624755.3543310554;0.47539421396183107;0.30182623819778037;0.7234987143335021;0.9507884279236621
67150.0;586549.3258993994;0.4777541788743595;0.30480785158191154;0.679254175637728;0.955508357748719
67071.0;584464.8415356164;0.48628450235443726;0.30562572469769755;0.6768402359303045;0.9725690047088745
66836.0;550244.9010949424;0.4874067535526426;0.30805863839655456;0.6372117913851498;0.9748135071052852
66586.0;560518.7973156176;0.4722255808322457;0.31064684445916846;0.6491094896686855;0.9444511616644914
66350.0;547538.4667344488;0.46974232687488465;0.31309011098227596;0.6340776017112707;0.9394846537497693
65945.0;536616.8344196116;0.47307286972010343;0.31728300480371047;0.621429791839087;0.9461457394402069
65890.0;527130.7817356165;0.4754737163124691;0.3178524101374855;0.610444456742089;0.9509474326249382
65454.0;569395.5029322233;0.46535030829019974;0.3223662415106841;0.6593891696371873;0.9307006165803995
65015.0;539568.1392510546;0.4653503082901998;0.3269111313566341;0.6248475540660975;0.9307006165803996
64781.0;475861.4654384427;0.475473716312469;0.3293336922312407;0.5510719613026865;0.950947432624938
64618.0;524203.56403561664;0.46440178687880646;0.3310212025840649;0.6070545886475741;0.9288035737576129
64404.0;509803.69763444894;0.4615401728876331;0.3332367069736624;0.5903788054700547;0.9230803457752662
63975.0;393710.75600010395;0.47054979642497324;0.33767806857710786;0.45593723016642745;0.9410995928499465
63692.0;491458.8219522223;0.46535030829019974;0.34060791783998673;0.5691344993929821;0.9307006165803995
63529.0;350628.84000010387;0.4730728697201034;0.342295428192811;0.4060461638139056;0.9461457394402067
63152.0;468670.61535105464;0.45648378638224407;0.3461984429352327;0.5427445884244487;0.9129675727644881
62960.0;520122.28013222327;0.4532614380349661;0.3481861851913202;0.6023282527523072;0.9065228760699322
62457.0;430452.82363961043;0.46512891727322586;0.3533936557892993;0.4984864272479004;0.9302578345464517
62214.0;411671.9278196115;0.46222671666788545;0.35590939208216;0.47673718750853117;0.9244534333357709
62119.0;485718.4121522223;0.4532614380349662;0.3568929103859533;0.5624868106917074;0.9065228760699324
61926.0;498531.2927510547;0.4463993237408351;0.3588910054662912;0.5773247829890231;0.8927986474816701
61609.0;443604.2387384427;0.4521605687394479;0.3621728507536856;0.5137164398435657;0.9043211374788958
61258.0;458259.1829522222;0.44990099008373685;0.3658066920655955;0.5306876161989111;0.8998019801674737
61029.0;411062.80739611;0.44928043153945346;0.3681774888189498;0.47603179484527103;0.8985608630789069
60677.0;339560.48060010397;0.4560265896903736;0.37182168295511014;0.39322843645844274;0.9120531793807471
60392.0;401474.7305196115;0.4487598848073263;0.37477223786649;0.4649283105053808;0.8975197696146526
60238.0;452326.70391561755;0.4415204221571941;0.3763665728010601;0.5238175014795429;0.8830408443143882
59783.0;247767.0193001039;0.46222671666788545;0.3810771078350174;0.28692690454779274;0.9244534333357709
59375.0;424229.2769522223;0.43895868144919;0.38530106012920323;0.4912792412738945;0.87791736289838
59204.0;269260.89840010385;0.45919347905706376;0.38707139307603117;0.31181791794541364;0.9183869581141275
58901.0;328425.10011844384;0.437690656989246;0.39020829882391916;0.38033309525609044;0.875381313978492
58462.0;359019.5049396105;0.4376906569892459;0.39475318866986914;0.41576298377239357;0.8753813139784918
58264.0;278037.8614001039;0.44569492091319596;0.3968030478714593;0.32198209085282636;0.8913898418263919
58196.0;223511.70630010392;0.4527232438144536;0.3975070399204903;0.258838009191231;0.9054464876289072
58163.0;368305.8919;0.4350122256270499;0.39784868312075533;0.426517095730088;0.8700244512540998
57919.0;345663.03793844284;0.4335861515119471;0.4003747722378665;0.4002955105664544;0.8671723030238943
57693.0;249311.79020010392;0.4419632389469833;0.40271451051846946;0.28871582840789556;0.8839264778939666
57518.0;386249.06723844283;0.4254956282768703;0.40452625476229914;0.4472962122249343;0.8509912565537406
57280.0;258545.95390010392;0.43404613320858587;0.4069902269339076;0.2994094631540092;0.8680922664171717
57231.0;394406.9450362172;0.42221710985705163;0.40749751532217987;0.4567434527447043;0.8444342197141033
56945.0;323068.3102001039;0.42665002235160904;0.41045842305781016;0.37412965803541487;0.8533000447032181
56647.0;344543.42063621717;0.41761722071535257;0.4135435646844459;0.398998936358502;0.8352344414307051
56500.0;255902.36320010392;0.4298523524112138;0.41506542984926287;0.29634804965924705;0.8597047048224276
56441.0;201974.2375001039;0.4340461332085858;0.41567624648003976;0.23389651668736539;0.8680922664171716
55978.0;194011.0455001039;0.438081650291751;0.42046960410800066;0.22467473229760265;0.876163300583502
55648.0;381239.77003621723;0.4128407488477068;0.423886036110651;0.44149518937591015;0.8256814976954135
55449.0;320360.8266350494;0.4128407488477068;0.4259462481364916;0.37099425332889036;0.8256814976954135
55222.0;212010.4559001039;0.42985235241121367;0.428296339241345;0.24551897187535657;0.8597047048224273
54943.0;294985.5923384428;0.4108857740853183;0.43118477720722215;0.3416084317233056;0.8217715481706366
54792.0;357221.6910196115;0.40581105224683156;0.4327480536690409;0.4136810231285783;0.8116221044936631
54518.0;185215.62230010395;0.4254956282768703;0.4355847275136657;0.21448918153264346;0.8509912565537406
54341.0;180662.4743001039;0.4209709018223819;0.43741717740599634;0.20921640283401607;0.8419418036447638
54223.0;168415.9233001039;0.41627269471912015;0.4386388106675501;0.1950342692322853;0.8325453894382403
54205.0;285041.0750001039;0.40633154666022847;0.4388251615040583;0.3300921710637085;0.8126630933204569
54104.0;311539.7191384429;0.39565941090762496;0.43987079675335433;0.3607789588323335;0.7913188218152499
53967.0;368509.3396362172;0.3918363233354997;0.44128913367566674;0.4267526986337955;0.7836726466709995
53766.0;302998.6216184439;0.4005428648656925;0.4433700513500083;0.35088793023709586;0.801085729731385
53740.0;354873.1752396106;0.39507347260110953;0.44363922478052015;0.41096132151154785;0.7901469452022191
53606.0;290540.45375621616;0.40273269387872657;0.44502650323008114;0.336460733465131;0.8054653877574531
53301.0;326499.6202350496;0.3860718503101924;0.4481841146264701;0.3781032908847419;0.7721437006203848
53246.0;0.0;0.3009568440770061;0.44875351996024515;0.0;0.6019136881540122
52219.0;0.0;0.2911669977675984;0.459385870465463;0.0;0.5823339955351968
52023.0;0.0;0.29116699776759836;0.4614150240185523;0.0;0.5823339955351967
51187.0;0.0;0.28085210497759894;0.4700699850919331;0.0;0.5617042099551979
49964.0;0.0;0.26995198617688826;0.48273148915024017;0.0;0.5399039723537765
49040.0;0.0;0.2699519861768882;0.4922974987576611;0.0;0.5399039723537764
48631.0;0.0;0.25839258987148134;0.4965318038760974;0.0;0.5167851797429627
48149.0;0.0;0.2583925898714813;0.501521865164817;0.0;0.5167851797429626
47162.0;0.0;0.24608102699981427;0.5117401027000166;0.0;0.49216205399962853
46384.0;0.0;0.24608102699981407;0.5197945999668709;0.0;0.49216205399962815
45651.0;0.0;0.24608102699981405;0.5273832201424549;0.0;0.4921620539996281
45593.0;0.0;0.232898043974657;0.5279836839489813;0.0;0.465796087949314
45206.0;0.0;0.23289804397465694;0.5319902269339075;0.0;0.4657960879493139
43783.0;0.0;0.21868610292907464;0.5467222958423058;0.0;0.4373722058581493
43637.0;0.0;0.21868610292907456;0.5482338081828723;0.0;0.4373722058581491
42593.0;0.0;0.21868610292907448;0.5590421567003478;0.0;0.43737220585814895
41827.0;0.0;0.2032294516809432;0.5669724200761967;0.0;0.4064589033618864
41124.0;0.0;0.20322945168094295;0.574250455524267;0.0;0.4064589033618859
39555.0;0.0;0.18621840439632775;0.5904940367732318;0.0;0.3724368087926555
38391.0;0.0;0.18621840439632772;0.602544724200762;0.0;0.37243680879265545
38075.0;0.0;0.18621840439632767;0.605816216663906;0.0;0.37243680879265534
36119.0;0.0;0.16717913724636344;0.6260663408977969;0.0;0.33435827449272687
