70509.0;697288.4495961099;0.49895081681725745;0.27003271492463143;0.8074957554266284;0.9979016336345149
70116.0;741178.05439611;0.4970801343920781;0.2741013748550605;0.8583221667975331;0.9941602687841562
69996.0;728382.7600761108;0.4962464564310941;0.27534371376511513;0.843504560312271;0.9924929128621882
69917.0;669489.042752222;0.4960115702783143;0.2761615868809011;0.7753026177906617;0.9920231405566285
69705.0;717731.9690522223;0.49437691345193524;0.27835638562199766;0.8311703985335871;0.9887538269038705
69667.0;653845.7709961099;0.4970683326863403;0.278749792943515;0.7571869074969338;0.9941366653726806
69535.0;660501.1097522221;0.4934002314958247;0.2801163657445751;0.7648941308126216;0.9868004629916494
69440.0;709909.1221522223;0.4923164937468077;0.2810998840483684;0.8221111409612564;0.9846329874936154
68938.0;647317.48671445;0.4904765625628579;0.28629700182209705;0.749626819773249;0.9809531251257158
68793.0;640651.3523761109;0.4874067535526426;0.2877981613384131;0.7419070946201499;0.9748135071052852
68643.0;634591.3890522223;0.4884154674814089;0.28935108497598144;0.7348893465634949;0.9768309349628178
68612.0;628469.3808761109;0.4857047605645539;0.28967202252774554;0.7277997473886334;0.9714095211291078
68454.0;622640.3600156176;0.4838898336920933;0.2913077687593175;0.7210494425386563;0.9677796673841866
68342.0;617442.773232223;0.48526438487430473;0.29246728507536857;0.7150303707062121;0.9705287697486095
67983.0;606790.150332223;0.47969047043334834;0.2961839489812821;0.7026940875211214;0.9593809408666967
67375.0;598981.9948322232;0.4776013611809573;0.30247846612555906;0.6936518433428146;0.9552027223619146
67246.0;590956.1977322231;0.4776013611809573;0.3038139804538678;0.6843575590392107;0.9552027223619146
66971.0;583697.9018156177;0.4751077121558162;0.3066610071227431;0.6759520804346473;0.9502154243116324
66847.0;574099.9680322232;0.47306737662199433;0.3079447573297996;0.6648371812914791;0.9461347532439887
66660.0;555970.2297156177;0.4722255808322457;0.30988073546463474;0.6438420153079695;0.9444511616644914
66444.0;564312.0012310557;0.4706190738471958;0.31211694550273317;0.6535022141759653;0.9412381476943916
66371.0;550119.5819322234;0.4706190738471958;0.3128727016730164;0.6370666653730557;0.9412381476943916
65918.0;460300.41880010394;0.4867849067458369;0.31756253105847276;0.5330514719087597;0.9735698134916738
65695.0;516614.9682322232;0.4706190738471958;0.3198712108663243;0.5982666058487225;0.9412381476943916
65138.0;542658.2552322232;0.46535030829019974;0.32563773397382806;0.6284260667175188;0.9307006165803995
64243.0;389863.01160010387;0.4730728697201034;0.33490351167798577;0.4514813449832349;0.9461457394402067
64059.0;449376.21865621617;0.47306737662199433;0.33680843134006955;0.5204006883589535;0.9461347532439887
63972.0;503461.91101561754;0.4647378247853528;0.3377091270498592;0.5830346915965294;0.9294756495707056
63918.0;369618.9271001038;0.4730728697201034;0.3382681795593838;0.4280376577749974;0.9461457394402067
63838.0;376178.18225621607;0.4706190738471958;0.3390964054994202;0.4356336113583227;0.9412381476943916
63773.0;488580.35613105557;0.4625256061430544;0.33976933907569984;0.5658010884723235;0.9250512122861088
63559.0;412831.4449384429;0.4675179572416768;0.34198484346529734;0.4780799677486789;0.9350359144833535
63421.0;398149.74073961045;0.47017158632757117;0.3434135332118602;0.4610778019593939;0.9403431726551423
63324.0;421133.8748011676;0.45957094005100174;0.3444177571641544;0.48769460696686856;0.9191418801020035
63271.0;531910.8631005671;0.45919347905706376;0.3449664568494285;0.6159800359059592;0.9183869581141275
62821.0;315641.7456001038;0.47054979642497324;0.3496252277621335;0.3655293156729746;0.9410995928499465
62491.0;356412.3070001039;0.46512891727322586;0.35304165976478386;0.41274371495913836;0.9302578345464517
62379.0;524141.978734449;0.4527232438144536;0.35420117608083485;0.6069832697130381;0.9054464876289072
62331.0;345363.6141001039;0.46512891727322586;0.3546981116448567;0.3999487624184358;0.9302578345464517
61942.0;326373.52700010384;0.4651289172732259;0.3587253602782839;0.37795726845734384;0.9302578345464518
61900.0;384074.53675504855;0.45648378638224407;0.3591601788968031;0.44477799449681366;0.9129675727644881
61892.0;337280.26880010386;0.46222671666788545;0.3592430014908067;0.390587834350319;0.9244534333357709
61833.0;470889.32223222323;0.44990099008373685;0.35985381812158357;0.5453139646849006;0.8998019801674737
61777.0;308302.41070010385;0.4679025191801179;0.3604335762796091;0.35702998977300127;0.9358050383602358
61645.0;443669.6242550486;0.4499009900837369;0.3618001490806692;0.5137921596223118;0.8998019801674738
61167.0;294028.26040010387;0.47054979642497324;0.36674879907238694;0.34049979228263966;0.9410995928499465
61060.0;496396.94911561755;0.445694920913196;0.3678565512671857;0.5748531036901109;0.891389841826392
61054.0;510501.67734106147;0.44569492091319596;0.3679186682126884;0.5911871017365281;0.8913898418263919
61036.0;462272.9477971737;0.44990099008373685;0.3681050190491966;0.535335761564658;0.8998019801674737
60835.0;363989.35650010395;0.4527232438144536;0.37018593672353817;0.42151832654699917;0.9054464876289072
60747.0;479909.73871445004;0.44196323894698336;0.3710969852575783;0.5557600691998938;0.8839264778939667
60251.0;436433.39601445;0.4376906569892459;0.3762319860858042;0.5054122365173669;0.8753813139784918
60233.0;260725.32970010387;0.4679025191801179;0.3764183369223124;0.3019332920070453;0.9358050383602358
60210.0;274698.2722001039;0.4622267166678854;0.3766564518800729;0.31811467543037014;0.9244534333357708
59783.0;242330.89060010388;0.46222671666788545;0.3810771078350174;0.28063158895243834;0.9244534333357709
59625.0;300735.5033001039;0.4527232438144536;0.3827128540665894;0.348267123256647;0.9054464876289072
59429.0;283521.2875001039;0.4527232438144536;0.38474200761967864;0.32833217926101715;0.9054464876289072
59055.0;404670.1461384428;0.4419632389469833;0.388613963889349;0.46862876553303084;0.8839264778939666
58916.0;453580.2979160052;0.42221710985705163;0.39005300646016233;0.5252692275692661;0.8444342197141033
58711.0;429495.19038056815;0.4336995599049752;0.39217533543150573;0.4973774388624196;0.8673991198099504
58708.0;248931.1827650544;0.4527232438144536;0.3922063939042571;0.28827506549483667;0.9054464876289072
58491.0;268616.4427001039;0.44928043153945346;0.3944529567666059;0.3110716052213009;0.8985608630789069
58385.0;231042.2889001039;0.44928043153945346;0.3955503561371542;0.26755880972781215;0.8985608630789069
58196.0;218075.5776001039;0.4527232438144536;0.3975070399204903;0.2525426935958766;0.9054464876289072
58078.0;205829.02660010388;0.44928043153945346;0.3987286731820441;0.23836055999414582;0.8985608630789069
58031.0;416734.49681561766;0.42501713040841205;0.39921525592181545;0.48259990182453244;0.8500342608168241
57634.0;391253.7720156176;0.4207621816833348;0.4033253271492463;0.4530919168104223;0.8415243633666696
57593.0;380256.38683561666;0.425017130408412;0.403749792943515;0.4403563812386138;0.850034260816824
57559.0;322058.38089893636;0.43404613320858576;0.4041017889680305;0.37296010815337377;0.8680922664171715
57331.0;255479.9015001039;0.44569492091319596;0.40646223289713435;0.29585881736265884;0.8913898418263919
56306.0;224804.93550010392;0.43808165029175095;0.41707387775385124;0.2603356348731115;0.8761633005835019
56305.0;440574.9604144499;0.41139506346750504;0.41708423057810173;0.5102083803166269;0.8227901269350101
56231.0;411400.14080000005;0.4176172207153524;0.4178503395726354;0.4764224442127783;0.8352344414307048
56125.0;423770.878134449;0.411395063467505;0.4189477389431837;0.4907483919534176;0.82279012693501
55978.0;192242.3787001039;0.438081650291751;0.42046960410800066;0.22262652551231707;0.876163300583502
55928.0;212746.43730010392;0.4340461332085858;0.42098724532052345;0.24637127605007392;0.8680922664171716
55860.0;331328.5090196114;0.42048257378059295;0.42169123736955444;0.3836953915415354;0.8409651475611859
55644.0;338147.79853621713;0.4176172207153525;0.4239274474076528;0.39159247823911947;0.835234441430705
55472.0;371741.36521844385;0.4113950634675052;0.4257081331787312;0.43049554987504296;0.8227901269350104
55261.0;198690.6168001039;0.4254956282768703;0.42789257909557726;0.23009391565587425;0.8509912565537406
55199.0;355368.69781961147;0.41139506346750504;0.4285344541991055;0.4115351620509982;0.8227901269350101
54940.0;239392.7687650544;0.420970901822382;0.4312158356799735;0.27722909331078105;0.841941803644764
54799.0;344326.38353504956;0.40273269387872657;0.43267558389928773;0.39874759627382905;0.8054653877574531
54518.0;185215.6223001039;0.4254956282768703;0.4355847275136657;0.21448918153264337;0.8509912565537406
54364.0;314152.67521844385;0.4010639436305706;0.4371790624482359;0.36380489586734266;0.8021278872611411
54341.0;174516.35810010388;0.4209709018223819;0.43741717740599634;0.2020988853321364;0.8419418036447638
54223.0;168415.9233001039;0.41627269471912015;0.4386388106675501;0.1950342692322853;0.8325453894382403
54135.0;297847.6178001039;0.411395063467505;0.4395498592015902;0.34492280386521174;0.82279012693501
53900.0;305711.7785362171;0.40273269387872657;0.44198277290044724;0.3540299049767853;0.8054653877574531
53780.0;261454.1073001039;0.40633154666022847;0.4432251118105019;0.30277725381222204;0.8126630933204569
53740.0;291224.69215504854;0.40273269387872657;0.44363922478052015;0.3372531165930562;0.8054653877574531
53456.0;282175.0571384428;0.3956594109076248;0.4465794268676495;0.3267731755180218;0.7913188218152496
53396.0;276667.63453961053;0.4058110522468315;0.44720059632267684;0.32039529793454297;0.811622104493663
53261.0;271156.96315621614;0.40273269387872657;0.4485982275964883;0.31401365809206533;0.8054653877574531
53246.0;0.0;0.3009568440770061;0.44875351996024515;0.0;0.6019136881540122
45230.0;0.0;0.2460810269998142;0.5317417591518966;0.0;0.4921620539996284
38347.0;0.0;0.2186861029290747;0.603000248467782;0.0;0.4373722058581494
29135.0;0.0;0.20576250971054882;0.6983704654629783;0.0;0.41152501942109765
18433.0;0.0;0.1890964693870889;0.8091663905913533;0.0;0.3781929387741778
10206.0;0.0;0.16717913724636344;0.8943390756998509;0.0;0.33435827449272687
