70509.0;687691.1327961097;0.49895081681725745;0.27003271492463143;0.7963815707818465;0.9979016336345149
70400.0;683838.4078961097;0.49843188707018043;0.2711611727679311;0.7919199179244409;0.9968637741403609
70354.0;681736.7922961097;0.49843188707018043;0.27163740268345204;0.7894861393676308;0.9968637741403609
70282.0;680026.9596961099;0.49780845732391865;0.27238280602948484;0.7875060656007561;0.9956169146478373
70245.0;677884.0673961097;0.49780845732391865;0.2727658605267517;0.785024486510225;0.9956169146478373
70150.0;746097.9503961102;0.4970801343920781;0.27374937883054495;0.8640196584732404;0.9941602687841562
70135.0;701060.0091156176;0.4970801343920781;0.2739046711943018;0.8118634146143081;0.9941602687841562
70127.0;674072.6191961098;0.49708013439207804;0.27398749378830545;0.7806106341865402;0.9941602687841561
69996.0;728382.7600761111;0.4962464564310941;0.27534371376511513;0.8435045603122712;0.9924929128621882
69991.0;697357.7093761109;0.49624645643109405;0.2753954778863674;0.807575961800913;0.9924929128621881
69926.0;671176.4530961098;0.4962464564310941;0.276068411462647;0.7772567254359863;0.9924929128621882
69917.0;667350.07719611;0.49667229124338486;0.2761615868809011;0.7728255860707692;0.9933445824867697
69917.0;667720.3759522222;0.4960115702783143;0.2761615868809011;0.7732544110053763;0.9920231405566285
69855.0;704369.3011961102;0.49530689145492085;0.27680346198442934;0.815695744419875;0.9906137829098417
69808.0;663867.6510522219;0.49524717299297827;0.27729004472420077;0.7687927581479702;0.9904943459859565
69769.0;713296.3402356165;0.4942608356062636;0.27769380486996853;0.8260337130713056;0.9885216712125272
69762.0;661766.035452222;0.49524717299297827;0.2777662746397217;0.7663589795911603;0.9904943459859565
69734.0;723495.1704356165;0.49426083560626355;0.2780561537187345;0.8378444810563298;0.9885216712125271
69713.0;699111.1050961103;0.4942608356062636;0.27827356302799405;0.8096064838930297;0.9885216712125272
69703.0;651915.1493961101;0.49530689145492085;0.2783770912704986;0.7549511487542817;0.9906137829098417
69690.0;666975.7700522222;0.49437691345193524;0.2785116779857545;0.7723921192177181;0.9887538269038705
69667.0;648930.5193356164;0.4956434856908257;0.278749792943515;0.7514947942043628;0.9912869713816514
69665.0;712630.5949156175;0.49426083560626355;0.2787704985920159;0.8252627458763008;0.9885216712125271
69653.0;657913.3105522221;0.49437691345193524;0.2788947324830214;0.7618973267337547;0.9887538269038705
69612.0;667456.055576111;0.49426083560626355;0.27931919827729007;0.772948314465406;0.9885216712125271
69610.0;662734.5955156174;0.49310761117104446;0.27933990392579094;0.7674806217759986;0.9862152223420889
69535.0;653581.542552222;0.4934002314958247;0.2801163657445751;0.7568809174191891;0.9868004629916494
69410.0;697881.9281356165;0.49184646432049567;0.28141046877588205;0.8081830339866934;0.9836929286409913
69375.0;669409.4333356165;0.49184646432049567;0.281772817624648;0.775210426006848;0.9836929286409913
69346.0;656441.436452222;0.4923164937468077;0.28207304952791123;0.7601928211034652;0.9846329874936154
69335.0;650789.7088156176;0.49184646432049567;0.2821869305946662;0.7536478308916971;0.9836929286409913
69298.0;651570.0100522224;0.4911249915035026;0.2825699850919331;0.7545514597082614;0.9822499830070052
69288.0;649104.080652222;0.4923164937468077;0.28267351333443763;0.7516957871027057;0.9846329874936154
69251.0;654524.9789156175;0.4904765625628579;0.28305656783170446;0.7579734650720266;0.9809531251257158
69238.0;646468.8224356165;0.49184646432049567;0.2831911545469604;0.7486440230506916;0.9836929286409913
69229.0;647652.4861356167;0.4904765625628579;0.2832843299652145;0.7500147662691635;0.9809531251257158
69220.0;635797.1174522223;0.4923164937468077;0.2833775053834686;0.7362856418352168;0.9846329874936154
69179.0;645251.355752222;0.4911249915035026;0.2838019711777373;0.7472341342452999;0.9822499830070052
69152.0;641032.3189761109;0.4904765625628579;0.2840814974324996;0.7423482734646261;0.9809531251257158
69115.0;640381.2972156174;0.4904765625628579;0.28446455192976644;0.7415943569060004;0.9809531251257158
69086.0;664648.8531310556;0.4898249383531077;0.28476478383302967;0.7696974301859971;0.9796498767062154
69080.0;652713.0103522221;0.4898249383531077;0.2848269007785324;0.7558751126258392;0.9796498767062154
69070.0;642966.8619156172;0.4889969918839256;0.28493042902103694;0.7445885733193659;0.9779939837678512
69045.0;639292.8206322229;0.4898249383531077;0.2851892496272983;0.7403338452461824;0.9796498767062154
69009.0;637244.0745356164;0.4889969918839256;0.28556195130031475;0.7379612922834669;0.9779939837678512
68958.0;642531.0643322233;0.4884154674814089;0.286089945337088;0.7440838973864436;0.9768309349628178
68956.0;625990.0520522221;0.48982493835310775;0.28611065098558885;0.7249285575635951;0.9796498767062155
68937.0;636525.0021156175;0.4889969918839256;0.28630735464634754;0.7371285695740489;0.9779939837678512
68922.0;637013.3981322229;0.488415467481409;0.2864626470101044;0.7376941571879045;0.976830934962818
68864.0;634939.4991322231;0.48841546748140896;0.2870631108166308;0.7352924758741621;0.9768309349628179
68793.0;640418.960976111;0.4874067535526426;0.2877981613384131;0.7416379734706368;0.9748135071052852
68792.0;634292.6540356164;0.48740675355264257;0.28780851416266356;0.7345433961063401;0.9748135071052851
68780.0;631469.973732223;0.4868956286584289;0.28793274805366903;0.7312745876738518;0.9737912573168578
68756.0;624966.8851156175;0.4874067535526426;0.28818121583567996;0.7237436778213885;0.9748135071052852
68672.0;621497.3597156174;0.48570476056455386;0.2890508530727182;0.719725789621078;0.9714095211291077
68599.0;627116.652232223;0.48526438487430473;0.2898066092430015;0.7262332183018312;0.9705287697486095
68586.0;619345.7240522221;0.48689562865842895;0.2899411959582574;0.7172340852677037;0.9737912573168579
68566.0;620448.632332223;0.48526438487430473;0.29014825244326653;0.7185113095717081;0.9705287697486095
68538.0;643399.7144522222;0.4852643848743047;0.29043813152227926;0.7450898387371949;0.9705287697486094
68521.0;622251.6650322231;0.4852643848743047;0.290614129534537;0.7205993138301878;0.9705287697486094
68491.0;617144.0382156174;0.4838898336920933;0.2909247142620507;0.7146844202490577;0.9677796673841866
68444.0;613802.299652222;0.48526438487430473;0.2914112970018221;0.7108145157536507;0.9705287697486095
68394.0;630236.2356761108;0.48388983369209326;0.29192893821434485;0.7298458557850676;0.9677796673841865
68381.0;628259.6525322233;0.4835206085962977;0.2920635249296008;0.7275568712194096;0.9670412171925954
68379.0;611946.4514322231;0.48526438487430473;0.29208423057810173;0.7086653484166137;0.9705287697486095
68379.0;616708.240632223;0.4835206085962977;0.29208423057810173;0.7141797443161348;0.9670412171925954
68360.0;610332.7742522222;0.4835206085962977;0.29228093423886037;0.7067966275533406;0.9670412171925954
68285.0;609116.6754322229;0.4835206085962977;0.2930573960576445;0.7053883228038534;0.9670412171925954
68273.0;618287.0385156175;0.4819606971063085;0.29318162994865;0.7160080731666357;0.963921394212617
68201.0;605647.150032223;0.48166307761377886;0.2939270332946828;0.7013704346035432;0.9633261552275577
68020.0;601293.828532223;0.47969047043334834;0.29580089448401525;0.6963290652315228;0.9593809408666967
67802.0;602436.8288322231;0.47760136118095736;0.29805781017061456;0.6976527181491009;0.9552027223619147
67751.0;627151.1924322232;0.4776013611809573;0.2985858042073878;0.7262732176233573;0.9552027223619146
67741.0;590709.3927356165;0.4904765625628579;0.2986893324498923;0.6840717462062385;0.9809531251257158
67607.0;592287.2158356166;0.48462157594514527;0.30007661089945337;0.6858989462076183;0.9692431518902905
67585.0;624621.7171322231;0.4776013611809573;0.30030437303296337;0.7233439556093518;0.9552027223619146
67525.0;585630.8575949423;0.4889969918839256;0.30092554248799075;0.6781905422765667;0.9779939837678512
67482.0;585867.5349562161;0.488415467481409;0.3013707139307603;0.6784646267888583;0.976830934962818
67481.0;587313.4656344488;0.48095575495247156;0.30138106675501075;0.6801390886073359;0.9619115099049431
67473.0;578840.5960001036;0.49184646432049567;0.3014638893490144;0.6703270713998518;0.9836929286409913
67438.0;624755.3543310554;0.47539421396183107;0.30182623819778037;0.7234987143335021;0.9507884279236621
67427.0;583766.3223961099;0.4904765625628579;0.30194011926453534;0.676031314972898;0.9809531251257158
67420.0;576324.4564356166;0.48628450235443726;0.30201258903428857;0.6674132528509268;0.9725690047088745
67417.0;595949.2686322231;0.47969047043334834;0.30204364750703994;0.6901397909987815;0.9593809408666967
67352.0;618085.9306144499;0.4754737163124691;0.3027165810833195;0.7157751799118146;0.9509474326249382
67317.0;574238.6942001038;0.49184646432049567;0.30307892993208546;0.6649978333025587;0.9836929286409913
67311.0;592812.0459522221;0.4776013611809573;0.3031410468775882;0.6865067263762479;0.9552027223619146
67303.0;568431.9954396106;0.48927616436388516;0.30322386947159186;0.6582733785882217;0.9785523287277703
67260.0;607172.9077156173;0.4751077121558162;0.3036690409143614;0.7031373401845322;0.9502154243116324
67259.0;597844.8873156175;0.4754737163124691;0.3036793937386119;0.6923350145703681;0.9509474326249382
67246.0;590956.1977322231;0.4776013611809573;0.3038139804538678;0.6843575590392107;0.9552027223619146
67202.0;612622.5369310556;0.47306737662199433;0.3042695047208879;0.7094482900685641;0.9461347532439887
67194.0;594628.6733322232;0.475394213961831;0.3043523273148915;0.6886104739707941;0.950788427923662
67165.0;563194.9254001038;0.4904765625628579;0.3046525592181547;0.6522085831219792;0.9809531251257158
67150.0;586549.3258993994;0.4777541788743595;0.30480785158191154;0.679254175637728;0.955508357748719
67130.0;588458.7244522221;0.47539421396183107;0.30501490806692066;0.6814653570042274;0.9507884279236621
67096.0;583908.060976111;0.4777541788743596;0.30536690409143613;0.6761954555115766;0.9555083577487192
67091.0;569753.8820356166;0.4874067535526426;0.3054186682126884;0.6598041910031534;0.9748135071052852
67051.0;574649.2555522221;0.48526438487430473;0.3058327811827066;0.6654732843864964;0.9705287697486095
67017.0;557199.6651356166;0.4889969918839256;0.30618477720722215;0.6452657645236567;0.9779939837678512
67010.0;586689.5827156176;0.4722255808322457;0.3062572469769753;0.679416600218017;0.9444511616644914
67004.0;567757.4802362171;0.488415467481409;0.30631936392247805;0.6574922554188555;0.976830934962818
66988.0;576729.7697156175;0.47547371631246915;0.3064850091104853;0.6678826263984283;0.9509474326249383
66975.0;541333.8281001038;0.49047656256285793;0.3066195958257413;0.6268923122315844;0.9809531251257159
66971.0;583773.1002322232;0.4730673766219944;0.3066610071227431;0.6760391640544303;0.9461347532439888
66942.0;583578.71051445;0.47547371631246904;0.3069612390260063;0.6758140508002364;0.9509474326249381
66940.0;574256.3285156178;0.47547371631246915;0.3069819446745072;0.66501825474355;0.9509474326249383
66935.0;578959.1460510547;0.47306737662199433;0.3070337087957595;0.6704643584336526;0.9461347532439887
66924.0;552398.4548961099;0.4889969918839256;0.3071475898625145;0.6397057170403545;0.9779939837678512
66910.0;576528.7531322232;0.47306737662199433;0.3072925294020209;0.667649838894268;0.9461347532439887
66836.0;550244.9010949424;0.4874067535526426;0.30805863839655456;0.6372117913851498;0.9748135071052852
66829.0;589708.0527322233;0.4706190738471958;0.3081311081663078;0.682912143171157;0.9412381476943916
66826.0;583348.1259156174;0.4722255808322457;0.30816216663905915;0.67554702201906;0.9444511616644914
66810.0;579601.0219144498;0.46974232687488465;0.3083278118270664;0.6712076835747797;0.9394846537497693
66800.0;572463.9941356166;0.47775417887435956;0.30843134006957096;0.6629426396878375;0.9555083577487191
66798.0;573426.9287344489;0.47547371631246904;0.3084520457180719;0.6640577672964489;0.9509474326249381
66774.0;575660.7375322232;0.4730673766219944;0.3087005135000828;0.66664463235019;0.9461347532439888
66763.0;571982.0647961099;0.4867771330389864;0.30881439456683785;0.6623845408174308;0.9735542660779728
66729.0;568835.7435156174;0.4722255808322457;0.3091663905913533;0.6587409395492931;0.9444511616644914
66725.0;544300.3218001039;0.4884176403035687;0.3092078018883551;0.6303276639466995;0.9768352806071374
66721.0;563214.5768156176;0.4722255808322457;0.309249213185357;0.6522313404681316;0.9444511616644914
66716.0;551603.9023410616;0.47547371631246915;0.30930097730660927;0.6387855844667596;0.9509474326249383
66673.0;560741.1356156175;0.4722255808322457;0.30974614874937884;0.6493669688132528;0.9444511616644914
66671.0;559185.2617156175;0.4722255808322457;0.30976685439787977;0.6475651871102047;0.9444511616644914
66637.0;555927.181434449;0.4722255808322457;0.31011885042239523;0.6437921631924751;0.9444511616644914
66607.0;535310.2870344489;0.4754737163124691;0.3104294351499089;0.6199167430163312;0.9509474326249382
66522.0;554322.9607156176;0.4730728697201034;0.3113094252111976;0.6419343933958089;0.9461457394402067
66478.0;551896.8028805681;0.4722255808322457;0.31176494947821765;0.6391247783004602;0.9444511616644914
66457.0;560346.6181510545;0.4706190738471958;0.3119823587874772;0.6489100973732328;0.9412381476943916
66419.0;546211.1060805682;0.4722255808322457;0.31237576610899453;0.6325404500568158;0.9444511616644914
66419.0;557531.1415510545;0.4706190738471958;0.31237576610899453;0.6456496311984098;0.9412381476943916
66350.0;547538.4667344488;0.46974232687488465;0.31309011098227596;0.6340776017112707;0.9394846537497693
66341.0;544099.81351445;0.46974232687488465;0.31318328640053006;0.630095465077369;0.9394846537497693
66340.0;521795.0941344489;0.4722255808322457;0.3131936392247805;0.6042654570860343;0.9444511616644914
66313.0;480218.80730010394;0.4889969918839256;0.3134731654795428;0.556117986459524;0.9779939837678512
66309.0;565356.1537510545;0.46804739952564056;0.31351457677654465;0.6547113962990959;0.9360947990512811
66274.0;552600.5596310557;0.46804739952564056;0.3138769256253106;0.639939764679771;0.9360947990512811
66259.0;544166.2351322233;0.46804739952564056;0.31403221798906744;0.6301723847143594;0.9360947990512811
66179.0;560429.5955156176;0.46713509160890143;0.31486044392910384;0.6490061894133635;0.9342701832178029
66121.0;517525.14633444883;0.4828457436926992;0.3154609077356303;0.5993206387308895;0.9656914873853985
66116.0;524386.07211445;0.46713509160890143;0.31551267185688253;0.6072659423550311;0.9342701832178029
66003.0;558655.5058322232;0.46535030829019974;0.316682540997184;0.6469517026512251;0.9307006165803995
65993.0;524352.7591322232;0.4706190738471958;0.3167860692396886;0.6072273642145724;0.9412381476943916
65918.0;460300.4188001039;0.4867849067458369;0.31756253105847276;0.5330514719087596;0.9735698134916738
65897.0;519186.8226156176;0.4730728697201034;0.3177799403677323;0.6012449450129081;0.9461457394402067
65872.0;522331.0723144499;0.46974232687488465;0.3180387609739937;0.6048861472833303;0.9394846537497693
65866.0;504147.6595196115;0.4730728697201034;0.3181008779194964;0.5838288235036132;0.9461457394402067
65825.0;518450.65723222325;0.4706190738471958;0.3185253437137651;0.6003924277759923;0.9412381476943916
65646.0;501782.9994356166;0.47547371631246904;0.32037849925459666;0.5810904259552835;0.9509474326249381
65617.0;508792.42405105464;0.4706190738471958;0.3206787311578599;0.5892076988403107;0.9412381476943916
65535.0;505518.204936217;0.47306737662199433;0.3215276627463972;0.5854159853261981;0.9461347532439887
65490.0;506728.7979156176;0.46974232687488465;0.3219935398376677;0.586817914030139;0.9394846537497693
65423.0;562434.2697156176;0.4644017868788064;0.32268717906244826;0.6513277048614552;0.9288035737576128
65407.0;509617.11071561766;0.4671350916089014;0.32285282425045553;0.5901627282568703;0.9342701832178028
65399.0;504977.0493156176;0.47017158632757117;0.3229356468444592;0.5847892993873841;0.9403431726551423
65341.0;491328.7569196115;0.4722255808322457;0.3235361106509856;0.568983877420363;0.9444511616644914
65284.0;564820.4778322233;0.4625256061430544;0.32412622163326155;0.654091056135723;0.9250512122861088
65240.0;523512.2955344489;0.46440178687880646;0.3245817459002816;0.6062540643009047;0.9288035737576129
65206.0;476061.94873961044;0.4789502583053838;0.32493374192479707;0.5513041312387017;0.9579005166107676
65181.0;577872.8610310557;0.4625256061430543;0.3251925625310585;0.6692063847165477;0.9250512122861086
65168.0;488587.5708196116;0.47307286972010343;0.3253271492463144;0.56580944345137;0.9461457394402069
65162.0;489264.63021561754;0.4671350916089014;0.32538926619181713;0.5665935129261521;0.9342701832178028
65079.0;487371.4338196115;0.4722255808322457;0.32624855060460495;0.5644010944874854;0.9444511616644914
65071.0;486432.4243196116;0.4722255808322457;0.32633137319860855;0.5633136733693034;0.9444511616644914
65047.0;480030.50483844284;0.46974232687488465;0.32657984098061954;0.555899922559834;0.9394846537497693
64983.0;468488.3497801048;0.47307008142117324;0.32724242173264867;0.5425335155535478;0.9461401628423465
64929.0;502054.470680568;0.4644017868788064;0.32780147424217326;0.5814048035677989;0.9288035737576128
64920.0;484577.14511844376;0.46713509160890143;0.32789464966042736;0.5611651649852306;0.9342701832178029
64878.0;546767.7449510548;0.4625256061430544;0.3283294682789465;0.6331850663923995;0.9250512122861088
64842.0;536111.4505310556;0.4625256061430544;0.3287021699519629;0.6208445313990117;0.9250512122861088
64822.0;560334.9361510546;0.45957094005100174;0.328909226436972;0.6488965690186183;0.9191418801020035
64813.0;535824.406434449;0.46154017288763305;0.3290024018552261;0.6205121196262879;0.9230803457752661
64804.0;528775.9035993995;0.46154017288763305;0.3290955772734802;0.6123495921604855;0.9230803457752661
64796.0;459409.1722396104;0.4754737163124691;0.3291783998674839;0.5320193627220179;0.9509474326249382
64789.0;479559.03653444885;0.47054979642497324;0.32925086963723704;0.5553539381046005;0.9410995928499465
64767.0;551541.1599310556;0.45957094005100174;0.32947863177074704;0.6387129255408955;0.9191418801020035
64756.0;482697.81041600497;0.4653503082901998;0.32959251283750207;0.5589887990980225;0.9307006165803996
64659.0;526061.9643344489;0.46154017288763305;0.33059673678979623;0.6092067114226751;0.9230803457752661
64653.0;469141.2965384428;0.46974232687488465;0.33065885373529896;0.5432896613583189;0.9394846537497693
64632.0;461925.8389562162;0.47306737662199433;0.3308762630445586;0.5349337917401089;0.9461347532439887
64592.0;513171.38501445;0.46154017288763305;0.3312903760145768;0.5942787600247729;0.9230803457752661
64569.0;462597.83025222237;0.46804739952564056;0.3315284909723373;0.5357119920953893;0.9360947990512811
64404.0;509803.69763444894;0.4615401728876331;0.3332367069736624;0.5903788054700547;0.9230803457752662
64397.0;450456.4994562162;0.4706190738471958;0.3333091767434156;0.5216517088816284;0.9412381476943916
64355.0;469575.66891445;0.4671350916089014;0.3337439953619347;0.543792686828056;0.9342701832178028
64350.0;511103.9713310557;0.4564837863822441;0.333795759483187;0.5918845890399833;0.9129675727644883
64326.0;405392.1209384429;0.4679025191801178;0.33404422726519795;0.4694648493472153;0.9358050383602357
64286.0;508359.38013444893;0.45854784746110333;0.33445834023521614;0.5887062117946339;0.9170956949222067
64263.0;504930.4416322232;0.4625256061430544;0.33469645519297664;0.5847353253017198;0.9250512122861088
64256.0;465628.3411344489;0.4644017868788064;0.3347689249627298;0.5392214789879223;0.9288035737576128
64182.0;398898.89569611;0.4730728697201034;0.33553503395726353;0.4619453617875835;0.9461457394402067
64137.0;495620.34095105465;0.4625256061430544;0.336000911048534;0.5739537516402132;0.9250512122861088
64135.0;443203.92753561656;0.4671350916089014;0.33602161669703495;0.5132528589577514;0.9342701832178028
64126.0;390969.71120010386;0.4730728697201034;0.33611479211528905;0.45276295983007475;0.9461457394402067
64097.0;492610.05223561666;0.46154017288763305;0.3364150240185523;0.5704676830530556;0.9230803457752661
64086.0;506247.6784510546;0.45957094005100174;0.33652890508530725;0.5862607530364172;0.9191418801020035
64012.0;472523.2698196115;0.4615401728876331;0.33729501407984097;0.5472061597186343;0.9230803457752662
63975.0;393710.75600010395;0.47054979642497324;0.33767806857710786;0.45593723016642745;0.9410995928499465
63967.0;492014.10083222325;0.45957094005100174;0.33776089117111147;0.569777540789894;0.9191418801020035
63935.0;375579.9893789373;0.47054979642497324;0.33809218154712606;0.4349408733535431;0.9410995928499465
63918.0;369618.92710010393;0.4730728697201034;0.3382681795593838;0.4280376577749976;0.9461457394402067
63864.0;483186.9739184439;0.46154017288763305;0.3388272320689084;0.5595552754998011;0.9230803457752661
63799.0;486111.99893222324;0.45957094005100174;0.33950016564518803;0.5629426043513139;0.9191418801020035
63766.0;582431.2593144499;0.4560265896903736;0.33984180884545306;0.674485243512383;0.9120531793807471
63764.0;478323.4935322232;0.45957094005100174;0.33986251449395394;0.553923115995727;0.9191418801020035
63647.0;498818.0503156175;0.4560265896903735;0.3410737949312572;0.5776568629429577;0.912053179380747
63647.0;550654.1348322232;0.45326143803496616;0.3410737949312572;0.6376857050230754;0.9065228760699323
63613.0;478926.7229144499;0.45854784746110333;0.34142579095577275;0.5546216865313193;0.9170956949222067
63598.0;550008.4575322233;0.45326143803496616;0.3415810833195296;0.636937977623565;0.9065228760699323
63566.0;424771.55145621614;0.46535030829019963;0.34191237369554417;0.4919072229370136;0.9307006165803993
63564.0;490528.5421144499;0.45542223411074556;0.34193307934404504;0.5680571876709891;0.9108444682214911
63547.0;424971.7656396105;0.4644017868788064;0.3421090773563028;0.492139081220857;0.9288035737576128
63529.0;350628.84000010387;0.4730728697201034;0.342295428192811;0.4060461638139056;0.9461457394402067
63483.0;415182.7245356166;0.46440178687880646;0.34277165810833193;0.48080287000762023;0.9288035737576129
63464.0;484427.11951600504;0.4532614380349662;0.3429683617690906;0.5609914276499216;0.9065228760699324
63463.0;547312.6780322233;0.4532614380349661;0.34297871459334106;0.6338161268241188;0.9065228760699322
63442.0;430251.27341844374;0.45854784746110333;0.3431961239026006;0.4982530217638548;0.9170956949222067
63437.0;545436.8410310557;0.4532614380349661;0.3432478880238529;0.6316438114542136;0.9065228760699322
63397.0;530095.6114156176;0.45216056873944793;0.3436620009938711;0.6138778814367768;0.9043211374788959
63350.0;472670.5411510546;0.45648378638224407;0.34414858373364254;0.5473767074669946;0.9129675727644881
63240.0;521914.90441561764;0.45216056873944793;0.34528739440119266;0.6044042035310044;0.9043211374788959
63204.0;460352.3245144499;0.45542223411074556;0.34566009607420906;0.5331115813857502;0.9108444682214911
63119.0;533395.1305310556;0.44990099008373685;0.34654008613549775;0.6176988936480194;0.8998019801674737
63108.0;506620.60551561764;0.45216056873944793;0.3466539672022528;0.5866926216868914;0.9043211374788959
63092.0;356661.49393961043;0.47054979642497324;0.34681961239026005;0.4130322862040455;0.9410995928499465
63054.0;442906.70975105464;0.4564837863822441;0.34721301971177737;0.5129086655330503;0.9129675727644883
63002.0;522384.7307971738;0.44990099008373685;0.34775136657280104;0.6049482865559187;0.8998019801674737
62963.0;495437.6663510546;0.45326143803496616;0.34815512671856885;0.5737422050927125;0.9065228760699323
62920.0;351878.65599893633;0.47054979642497324;0.3486002981613384;0.4074935147842337;0.9410995928499465
62845.0;501682.28459717374;0.4532614380349661;0.3493767599801226;0.5809737930114878;0.9065228760699322
62835.0;515425.7493510546;0.44990099008373685;0.3494802882226271;0.5968894294457963;0.8998019801674737
62825.0;504975.89125105465;0.44990099008373685;0.3495838164651317;0.5847879582892781;0.8998019801674737
62812.0;429340.03211961157;0.4615401728876331;0.3497184031803876;0.49719775764553664;0.9230803457752662
62794.0;450885.44303844287;0.45542223411074556;0.3499047540168958;0.5221484475299828;0.9108444682214911
62789.0;503537.53551444993;0.4521605687394479;0.3499565181381481;0.5831222686413647;0.9043211374788958
62755.0;484348.8021510547;0.4499009900837369;0.35030851416266356;0.5609007321281326;0.8998019801674738
62691.0;322162.6444001039;0.47054979642497324;0.35097109491469275;0.3730808506304469;0.9410995928499465
62670.0;399930.6791562162;0.45957094005100174;0.3511885042239523;0.4631402199055371;0.9191418801020035
62642.0;492112.0064156176;0.4487598848073264;0.35147838330296505;0.5698909204723902;0.8975197696146529
62606.0;519176.85383105563;0.4463993237408351;0.35185108497598144;0.6012334006495601;0.8927986474816701
62582.0;442085.40953844285;0.45542223411074556;0.3520995527579924;0.5119575578013803;0.9108444682214911
62575.0;472659.1013322233;0.4532614380349662;0.35217202252774554;0.5473634595705832;0.9065228760699324
62555.0;435116.3373522223;0.45648378638224407;0.35237907901275467;0.5038870150971458;0.9129675727644881
62548.0;442767.7200356166;0.4521605687394479;0.3524515487825079;0.5127477083203943;0.9043211374788958
62450.0;392970.40223844285;0.4615401728876331;0.3534661255590525;0.4550798625728559;0.9230803457752662
62434.0;475525.32133561664;0.44875988480732637;0.3536317707470598;0.5506826892067541;0.8975197696146527
62428.0;434119.73295504844;0.45648378638224407;0.35369388769256255;0.5027328961367307;0.9129675727644881
62331.0;345363.61410010397;0.46512891727322586;0.3546981116448567;0.39994876241843585;0.9302578345464517
62323.0;419790.0339384428;0.45854784746110333;0.35478093423886037;0.4861383703860853;0.9170956949222067
62311.0;470214.96931445;0.44521699674533594;0.35490516812986583;0.5445330294505986;0.8904339934906719
62272.0;403657.5275033933;0.45854784746110333;0.3553089282756336;0.4674561012645463;0.9170956949222067
62217.0;365602.31805504847;0.45957094005100174;0.3558783336094086;0.42338621867978643;0.9191418801020035
62177.0;466062.157534449;0.44875988480732637;0.3562924465794269;0.5397238606089536;0.8975197696146527
62170.0;425736.2690384428;0.4554222341107456;0.35636491634918005;0.4930244153317603;0.9108444682214912
62143.0;495402.8996322233;0.44275308839506666;0.35664444260394235;0.5737019434507726;0.8855061767901333
62017.0;454532.56933561666;0.4487598848073263;0.35794889845949973;0.526372006669932;0.8975197696146526
61997.0;403666.6292196114;0.45542223411074556;0.35815595494450886;0.4674666415183214;0.9108444682214911
61976.0;457083.06181600515;0.4463993237408351;0.3583733642537684;0.5293256076557997;0.8927986474816701
61942.0;326373.5270001039;0.4651289172732259;0.3587253602782839;0.3779572684573439;0.9302578345464518
61892.0;337280.2688001039;0.46222671666788545;0.3592430014908067;0.39058783435031913;0.9244534333357709
61889.0;460254.75371445;0.445216996745336;0.35927405996355805;0.5329985893995799;0.890433993490672
61861.0;382611.01101844374;0.4554222341107455;0.35956393904257083;0.44308315669912673;0.910844468221491
61861.0;449670.88831561763;0.4487598848073264;0.35956393904257083;0.5207419309241466;0.8975197696146529
61859.0;438580.7157196115;0.45216056873944793;0.3595846446910717;0.5078989427699461;0.9043211374788959
61810.0;437935.0384196115;0.45216056873944793;0.36009193307934406;0.5071512153704354;0.9043211374788959
61805.0;336364.3166001038;0.46222671666788545;0.3601436972005963;0.38952711476705026;0.9244534333357709
61780.0;414038.77927611105;0.4527232438144536;0.3604025178068577;0.4794781227785127;0.9054464876289072
61774.0;536229.3809156176;0.4415204221571941;0.36046463475236046;0.6209811008273807;0.8830408443143882
61763.0;448415.22815105465;0.44639932374083513;0.36057851581911543;0.519287812110433;0.8927986474816703
61737.0;349784.54380010394;0.45919347905706376;0.3608476892496273;0.4050684255504686;0.9183869581141275
61688.0;510036.87611445;0.4419632389469833;0.36135497763789964;0.5906488380985412;0.8839264778939666
61672.0;444593.08263222326;0.4463993237408352;0.3615206228259069;0.514861571743384;0.8927986474816704
61660.0;475212.3120344489;0.4415204221571941;0.3616448567169124;0.5503202083966268;0.8830408443143882
61654.0;507064.6911310557;0.4389586814491901;0.3617069736624151;0.5872068955856201;0.8779173628983802
61626.0;443891.2497196116;0.44875988480732637;0.36199685274142784;0.5140488132669158;0.8975197696146527
61494.0;373708.27281961153;0.45542223411074556;0.363363425542488;0.43277332966643234;0.9108444682214911
61448.0;407542.5565562161;0.45326143803496616;0.36383965545800895;0.4719551639862659;0.9065228760699323
61429.0;434118.4557522223;0.4499009900837369;0.3640363591187676;0.5027314170704109;0.8998019801674738
61413.0;451053.20545222226;0.4463993237408351;0.3642020043067749;0.5223427250017026;0.8927986474816701
61397.0;440348.26641445;0.445216996745336;0.3643676494947822;0.5099458570482627;0.890433993490672
61336.0;425206.1047184439;0.44875988480732637;0.36499917177405994;0.49241045788226323;0.8975197696146527
61334.0;427203.1636384429;0.4487598848073263;0.36501987742256087;0.4947231544458879;0.8975197696146526
61232.0;412636.89773844293;0.4521605687394479;0.3660758654961073;0.4778546721219965;0.9043211374788958
61207.0;423557.44133621716;0.4463993237408351;0.36633468610236875;0.4905012212040327;0.8927986474816701
61195.0;293329.20700010384;0.4681087768210397;0.3664589199933742;0.3396902526242049;0.9362175536420794
61170.0;356405.7322196115;0.45854784746110333;0.3667177405996356;0.4127361010264201;0.9170956949222067
61160.0;418101.13273844303;0.44521699674533594;0.3668212688421401;0.48418253625298774;0.8904339934906719
61133.0;402418.75513561664;0.44875988480732637;0.3671007950969024;0.4660215393848839;0.8975197696146527
61000.0;487621.5452510546;0.43895868144919015;0.368477720722213;0.5646907363414283;0.8779173628983803
60909.0;506554.07753105566;0.43501222562704994;0.36941982772900445;0.5866155788717093;0.8700244512540999
60897.0;307420.0347789373;0.46222671666788545;0.3695440616200099;0.35600815324115365;0.9244534333357709
60887.0;300368.93530010385;0.4651289172732259;0.3696475898625145;0.34784261872879096;0.9302578345464518
60871.0;356697.6024001039;0.4560265896903736;0.36981323505052177;0.41307410165158415;0.9120531793807471
60869.0;471539.10265222227;0.44275308839506666;0.3698339406990227;0.5460664437076242;0.8855061767901333
60813.0;471969.3284322233;0.4389586814491901;0.3704136988570482;0.5465646672067044;0.8779173628983802
60787.0;401082.3964196115;0.4523040177235372;0.37068287228756003;0.4644739675134058;0.9046080354470744
60782.0;292909.4900001039;0.4651289172732259;0.3707346364088123;0.339204198830862;0.9302578345464518
60767.0;439012.58981600514;0.44275308839506666;0.37088992877256916;0.5083990751038727;0.8855061767901333
60766.0;285407.37850010383;0.46222671666788545;0.3709002815968196;0.3305163692870107;0.9244534333357709
60762.0;264886.126600104;0.4651289172732259;0.37094169289382145;0.3067517080268266;0.9302578345464518
60726.0;476731.5220160051;0.43895868144919004;0.37131439456683785;0.5520795314033666;0.8779173628983801
60723.0;401300.70353621716;0.4463993237408351;0.3713454530395892;0.4647267783410347;0.8927986474816701
60700.0;339706.84090010385;0.45919347905706376;0.37158356799734965;0.3933979291857084;0.9183869581141275
60691.0;416387.8855196114;0.44521699674533594;0.37167674341560375;0.48219850818253235;0.8904339934906719
60677.0;339560.4806001039;0.4560265896903736;0.37182168295511014;0.3932284364584427;0.9120531793807471
60674.0;446708.76151561755;0.4376906569892459;0.3718527414278615;0.5173116363030024;0.8753813139784918
60631.0;367994.0064562162;0.446399323740835;0.37229791287063113;0.4261559164044006;0.89279864748167
60627.0;350467.2224001039;0.4527232438144536;0.37233932416763293;0.4058590023514179;0.9054464876289072
60625.0;255610.70990010392;0.46222671666788545;0.37236002981613386;0.2960103001928066;0.9244534333357709
60618.0;386853.96401844383;0.44521699674533594;0.37243249958588703;0.44799671369259086;0.8904339934906719
60550.0;459861.59881445;0.43369955990497533;0.373136491634918;0.532543295879145;0.8673991198099507
60522.0;446408.3014356167;0.4419632389469833;0.37342637071393076;0.5169636881340396;0.8839264778939666
60482.0;441739.18445222225;0.4389586814491901;0.37384048368394895;0.5115566114101024;0.8779173628983802
60438.0;348149.7753384428;0.4521605687394479;0.374296007950969;0.4031752799022634;0.9043211374788958
60406.0;346120.32845621626;0.45326143803496616;0.3746272983269836;0.40082507641873943;0.9065228760699323
60399.0;348645.48120010394;0.44928043153945346;0.3746997680967368;0.4037493326912681;0.8985608630789069
60305.0;313024.9558001039;0.4527232438144536;0.3756729335762796;0.36249893899375735;0.9054464876289072
60250.0;428514.406234449;0.4376906569892459;0.37624233891005465;0.4962416405633947;0.8753813139784918
60216.0;436105.22573222325;0.4309095433609394;0.3765943349345702;0.5050321985142869;0.8618190867218788
60199.0;418451.28019611;0.4428284307077906;0.3767703329468279;0.4845880249513927;0.8856568614155812
60156.0;392368.53157611104;0.44196323894698336;0.3772155043895975;0.45438286550452606;0.8839264778939667
60129.0;347483.91079611005;0.44928043153945335;0.3774950306443598;0.4024041746416868;0.8985608630789067
60124.0;252701.4203001039;0.46222671666788545;0.37754679476561204;0.292641193756772;0.9244534333357709
60119.0;310535.51200010395;0.45272324381445356;0.37759855888686433;0.35961603550806576;0.9054464876289071
60113.0;473229.10601444996;0.4298523524112137;0.37766067583236707;0.5480235542010593;0.8597047048224274
60054.0;251363.4133001039;0.45919347905706376;0.37827149246314395;0.2910917130879656;0.9183869581141275
60042.0;352148.7393196115;0.44521699674533594;0.3783957263541494;0.4078062851093166;0.8904339934906719
60023.0;250156.55720010385;0.46222671666788545;0.37859243001490805;0.28969411188185756;0.9244534333357709
59960.0;245115.37180010392;0.4651289172732259;0.37924465794268675;0.28385616086578014;0.9302578345464518
59958.0;374656.60081844387;0.44152848136754896;0.3792653635911877;0.4338715420837654;0.8830569627350979
59948.0;427075.42663561663;0.44152042215719417;0.3793688918336922;0.4945752284510534;0.8830408443143883
59882.0;237758.26600010393;0.46222671666788545;0.38005217823422227;0.2753362553529817;0.9244534333357709
59882.0;458239.5883156177;0.4298523524112137;0.38005217823422227;0.5306649246056453;0.8597047048224274
59812.0;444376.06113105564;0.4266461277958748;0.3807768759317542;0.5146102497243105;0.8532922555917496
59783.0;236184.77440010392;0.46222671666788545;0.3810771078350174;0.2735140714505587;0.9244534333357709
59752.0;382164.8882650545;0.43808165029175106;0.3813980453867815;0.44256652369026256;0.8761633005835021
59719.0;337198.4660562161;0.44275308839506666;0.38173968858704654;0.39049310258112097;0.8855061767901333
59684.0;428773.4349971738;0.4350122256270498;0.3821020374358125;0.496541609143908;0.8700244512540996
59665.0;230084.3396001039;0.45919347905706376;0.38229874109657114;0.26644945535070763;0.9183869581141275
59625.0;300735.5033001038;0.4527232438144536;0.3827128540665894;0.34826712325664694;0.9054464876289072
59586.0;449151.1907160051;0.4266461277958747;0.38311661421235715;0.5201400944731978;0.8532922555917494
59577.0;421177.9396322233;0.43501222562704994;0.38320978963061125;0.48774563629922263;0.8700244512540999
59576.0;416014.79208056815;0.43369955990497533;0.3832201424548617;0.4817664468618845;0.8673991198099507
59463.0;395894.1454196115;0.4376906569892459;0.3843900115951632;0.45846570699652117;0.8753813139784918
59462.0;389819.66953561665;0.43769065698924586;0.3844003644194136;0.4514311526516035;0.8753813139784917
59462.0;434788.21291600505;0.4309095433609394;0.3844003644194136;0.5035070301860941;0.8618190867218788
59459.0;368233.56139611005;0.4419632389469833;0.384431422892165;0.4264333333001885;0.8839264778939666
59438.0;361555.2766001039;0.4419632389469833;0.38464883220142454;0.4186995372944914;0.8839264778939666
59400.0;271174.0580001039;0.4560265896903736;0.38504223952294186;0.31403345479726974;0.9120531793807471
59387.0;397225.8183522223;0.43090954336093934;0.38517682623819777;0.4600078524907175;0.8618190867218787
59351.0;288585.35720010387;0.4527232438144536;0.38554952791121416;0.3341966314691431;0.9054464876289072
59249.0;497144.42153222323;0.42221710985705163;0.3866055159847606;0.5757187150508859;0.8444342197141033
59248.0;339734.04350010393;0.4419632389469833;0.3866158688090111;0.39342943119043733;0.8839264778939666
59243.0;262553.7991001039;0.4560265896903736;0.38666763293026335;0.30405075326756487;0.9120531793807471
59172.0;395252.138219999;0.43090954336093945;0.3874026834520457;0.4577222297613243;0.8618190867218789
59162.0;284645.7774001039;0.4560265896903735;0.3875062116945503;0.32963439618687634;0.912053179380747
59124.0;265290.0854001039;0.4560265896903735;0.38789961901606757;0.30721951301708006;0.912053179380747
59059.0;254657.41210010395;0.4560265896903736;0.3885725525923472;0.29490633249105647;0.9120531793807471
59042.0;307484.4581356166;0.44152848136754896;0.38874855060460495;0.3560827587894014;0.8830569627350979
59037.0;373654.45625504846;0.43501222562704994;0.3888003147258572;0.4327110073269737;0.8700244512540999
59022.0;459393.2165322233;0.42221710985705163;0.388955607089614;0.5320008851952535;0.8444342197141033
59021.0;298345.29040010384;0.4492804315394535;0.3889659599138645;0.34549913423799344;0.898560863078907
58961.0;450511.98105105467;0.4222171098570517;0.38958712936889184;0.5217159594114662;0.8444342197141034
58954.0;394125.6957384428;0.4336995599049754;0.389659599138645;0.45641775164596804;0.8673991198099508
58909.0;444339.54843444895;0.4207621816833346;0.3901254762299155;0.5145679661506385;0.8415243633666692
58901.0;328425.10011844384;0.437690656989246;0.39020829882391916;0.38033309525609044;0.875381313978492
58891.0;352606.3411184439;0.42955091781650934;0.3903118270664237;0.4083362114410187;0.8591018356330187
58832.0;305995.9006001039;0.44928043153945346;0.3909226436972006;0.35435893288588743;0.8985608630789069
58822.0;387397.85631999903;0.4266461277958747;0.3910261719397051;0.448626568848186;0.8532922555917494
58820.0;259316.8343001039;0.4527232438144536;0.39104687758820605;0.30030218215903803;0.9054464876289072
58799.0;437290.1571510547;0.4222171098570516;0.3912642868974656;0.5064044098161267;0.8444342197141032
58782.0;380387.9132184438;0.4295509178165093;0.3914402849097234;0.4405086955296666;0.8591018356330186
58762.0;239850.14590010385;0.4560265896903736;0.3916473413947325;0.2777587594703102;0.9120531793807471
58638.0;292097.08650010393;0.4492804315394534;0.39293109160178896;0.33826339394828625;0.8985608630789068
58630.0;246862.42630010386;0.4527232438144536;0.3930139141957926;0.2858793395001976;0.9054464876289072
58614.0;427674.97225105466;0.4222171098570517;0.3931795593837999;0.49526953299593907;0.8444342197141034
58612.0;379138.69643504947;0.4266461277958748;0.3932002650323008;0.43906203848152114;0.8532922555917496
58575.0;282424.8037001039;0.44997256236540345;0.39358331952956765;0.3270623948340603;0.8999451247308069
58568.0;276340.44370010396;0.44928043153945346;0.3936557892993209;0.320016394176322;0.8985608630789069
58567.0;437264.59523444896;0.4207621816833346;0.3936661421235713;0.506374807806841;0.8415243633666692
58544.0;285583.80260010384;0.44282843070779065;0.3939042570813318;0.3307206774352204;0.8856568614155813
58423.0;257400.2243001039;0.44928043153945346;0.3951569488156369;0.298082649567175;0.8985608630789069
58413.0;340678.91791961144;0.4336995599049753;0.39526047705814144;0.3945236441859422;0.8673991198099505
58373.0;222628.7256001039;0.4560265896903736;0.3956745900281597;0.2578154722945039;0.9120531793807471
58323.0;231766.8006001039;0.4527232438144536;0.3961922312406825;0.2683978314021936;0.9054464876289072
58264.0;278037.8614001039;0.44569492091319596;0.3968030478714593;0.32198209085282636;0.8913898418263919
58263.0;288541.04919893626;0.44196323894698336;0.3968134006957098;0.3341453205333388;0.8839264778939667
58196.0;216306.91080010394;0.4527232438144536;0.3975070399204903;0.2504944868105911;0.9054464876289072
58161.0;266923.80100010394;0.4419632389469833;0.39786938876925626;0.30911143939753055;0.8839264778939666
58146.0;222836.20320010392;0.44928043153945346;0.3980246811330131;0.2580557419869722;0.8985608630789069
58078.0;217411.27150010396;0.44928043153945346;0.3987286731820441;0.25177339309137997;0.8985608630789069
58064.0;421363.27649494243;0.4254956282768703;0.3988736127215504;0.48796026588337316;0.8509912565537406
58028.0;221113.21780010388;0.44569492091319596;0.3992463143945668;0.25606043660371514;0.8913898418263919
58001.0;292157.8380001039;0.438081650291751;0.3995258406493291;0.33833374729834415;0.876163300583502
57988.0;287386.9321001039;0.43808165029175106;0.39966042736458507;0.33280879379306044;0.8761633005835021
57971.0;344130.32483844284;0.4207621816833346;0.39983642537684283;0.39852055025662325;0.8415243633666692
57917.0;342382.96063621715;0.4266461277958747;0.4003954778863674;0.39649701297115847;0.8532922555917494
57905.0;330360.53315621614;0.43501222562704983;0.4005197117773729;0.3825744258902331;0.8700244512540997
57849.0;336747.35773621715;0.4309095433609395;0.40109946993539836;0.38997069603064993;0.861819086721879
57832.0;328203.21435621614;0.43090954336093945;0.4012754679476561;0.3800761401734525;0.8618190867218789
57811.0;325007.5711396105;0.4336995599049753;0.4014928772569157;0.376375421575917;0.8673991198099505
57810.0;258406.2073001039;0.4419632389469833;0.4015032300811661;0.29924762943024585;0.8839264778939666
57782.0;308440.4997001039;0.43808165029175095;0.4017931091601789;0.35718990391102506;0.8761633005835019
57775.0;244018.49300010398;0.4456949209131959;0.4018655789299321;0.28258591900858254;0.8913898418263918
57748.0;406933.28881844383;0.420482573780593;0.4021451051846944;0.47124960072553146;0.840965147561186
57730.0;278201.2338396105;0.43769065698924586;0.40233145602120257;0.3221712845093851;0.8753813139784917
57693.0;249311.79020010392;0.4419632389469833;0.40271451051846946;0.28871582840789556;0.8839264778939666
57673.0;397981.0323350496;0.41761722071535257;0.40292156700347853;0.4608824289818742;0.8352344414307051
57638.0;273294.0344001039;0.438081650291751;0.4032839158522445;0.3164884961013329;0.876163300583502
57629.0;321948.6508384429;0.4295509178165093;0.4033770912704986;0.37283303512048116;0.8591018356330186
57605.0;278790.03840010386;0.4340461332085858;0.4036255590525095;0.3228531503622465;0.8680922664171716
57589.0;317004.19601844385;0.4298523524112138;0.4037912042405168;0.36710710307276023;0.8597047048224276
57565.0;216497.6917001039;0.44928043153945346;0.4040396720225277;0.2507154208688788;0.8985608630789069
57534.0;421809.28125504847;0.4176172207153525;0.4043606095742919;0.4884767622499691;0.835234441430705
57506.0;224881.85783961054;0.44152848136754896;0.4046504886533046;0.2604247148839522;0.8830569627350979
57484.0;271848.5364001039;0.43404613320858587;0.40487825078681466;0.31481453534642034;0.8680922664171717
57480.0;322124.3749356166;0.42524011972224546;0.40491966208381647;0.37303653262954806;0.8504802394444909
57447.0;210397.2569001039;0.44569492091319596;0.4052613052840815;0.24365080476902776;0.8913898418263919
57412.0;372073.14071999904;0.4176172207153526;0.40562365413284746;0.43087976290684565;0.8352344414307052
57391.0;317100.61261961143;0.4295509178165093;0.405841063442107;0.36721875843753876;0.8591018356330186
57388.0;319507.49685504846;0.42664612779587474;0.4058721219148584;0.37000605371690903;0.8532922555917495
57352.0;248156.4555562161;0.4389586814491901;0.4062448235878748;0.287377891688053;0.8779173628983802
57296.0;316760.4504550485;0.4266461277958748;0.4068245817459003;0.3668248332202196;0.8532922555917496
57280.0;252399.83770010388;0.43404613320858587;0.4069902269339076;0.2922919456521295;0.8680922664171717
57063.0;249494.37105621613;0.43090954336093945;0.40923678979625644;0.2889272663951707;0.8618190867218789
57040.0;212554.00010010393;0.4419632389469833;0.4094749047540169;0.24614842391151323;0.8839264778939666
56984.0;222167.8579001039;0.438081650291751;0.4100546629120424;0.2572817638818968;0.876163300583502
56962.0;439625.05711561756;0.41577411445982004;0.4102824250455524;0.5091083436211715;0.8315482289196401
56945.0;325132.07733961055;0.425017130408412;0.41045842305781016;0.3765196061355245;0.850034260816824
56944.0;378339.4433;0.4128407488477066;0.4104687758820606;0.4381364623954154;0.8256814976954132
56916.0;278537.85373961047;0.4295509178165093;0.4107586549610734;0.32256110760282597;0.8591018356330186
56873.0;354286.9733350495;0.4176172207153525;0.41120382640384295;0.41028246966762266;0.835234441430705
56866.0;218053.96530010388;0.438081650291751;0.4112762961735962;0.2525176654450086;0.876163300583502
56814.0;294826.3944184439;0.4207621816833346;0.41181464303461984;0.34142407237424954;0.8415243633666692
56766.0;376922.9153550485;0.41761722071535234;0.4123115785986417;0.4364960504487468;0.8352344414307047
56736.0;207511.4876001039;0.4419632389469833;0.41262216332615537;0.2403089360456318;0.8839264778939666
56709.0;248904.44620010388;0.42985235241121383;0.41290168958091766;0.2882441031825759;0.8597047048224277
56688.0;414713.0695960062;0.4078814907168537;0.4131190988901772;0.4802589855212643;0.8157629814337074
56676.0;243986.60355621614;0.43501222562704994;0.4132433327811827;0.282548989398466;0.8700244512540999
56647.0;344543.42063621717;0.41761722071535257;0.4135435646844459;0.398998936358502;0.8352344414307051
56565.0;281446.2231396105;0.4293832939428333;0.41439249627298325;0.3259291484001072;0.8587665878856666
56559.0;198580.8902001039;0.438081650291751;0.414454613218486;0.2299668466304104;0.876163300583502
56538.0;390848.0457144499;0.4112828452894913;0.41467202252774554;0.4526220649632454;0.8225656905789825
56500.0;211342.5057396105;0.4295509178165093;0.41506542984926287;0.24474545136207776;0.8591018356330186
56441.0;192480.45540010388;0.4340461332085858;0.41567624648003976;0.22290223053055927;0.8680922664171716
56426.0;364283.48865222227;0.4128407488477068;0.4158315388437966;0.42185894665121515;0.8256814976954135
56326.0;265896.71990010387;0.4267297407443719;0.4168668212688421;0.30792202685354053;0.8534594814887438
56237.0;330110.28345621616;0.4176172207153525;0.41778822262713267;0.3822846239142161;0.835234441430705
56225.0;334892.17813844286;0.4161117077631873;0.41791245651813813;0.38782230299241083;0.8322234155263746
56181.0;439733.10953105567;0.40273269387872657;0.4183679807851582;0.5092334738551234;0.8054653877574531
56175.0;324618.5018396105;0.42048257378059295;0.4184300977306609;0.37592485938963854;0.8409651475611859
56162.0;342735.364719999;0.40788149071685376;0.4185646844459168;0.39690511495823955;0.8157629814337075
56140.0;285574.95750010386;0.4254956282768703;0.4187924465794269;0.3307104343561755;0.8509912565537406
56074.0;270577.6101396104;0.4161117077631873;0.41947573297995694;0.3133427376113465;0.8322234155263746
55950.0;314784.624519999;0.4128407488477068;0.4207594831870134;0.3645367255411974;0.8256814976954135
55930.0;325810.1276184438;0.4112828452894912;0.4209665396720225;0.37730482310339597;0.8225656905789824
55922.0;418483.135734449;0.40633154666022847;0.4210493622660262;0.48462491529714624;0.8126630933204569
55901.0;259815.8190396105;0.425017130408412;0.42126677157528575;0.30088003205660574;0.850034260816824
55860.0;181764.4945001039;0.4340461332085858;0.42169123736955444;0.2104925986958719;0.8680922664171716
55810.0;192671.23630010395;0.4298523524112138;0.4222088785820772;0.22312316458884715;0.8597047048224276
55680.0;320912.84290116763;0.4128407488477067;0.4235547457346364;0.3716335164517416;0.8256814976954134
55673.0;228858.81356505444;0.4254956282768704;0.4236272155043896;0.2650302334031184;0.8509912565537407
55633.0;420495.57971561764;0.4058110522468315;0.42404132847440784;0.4869554285499741;0.811622104493663
55559.0;310652.36273844284;0.41577411445982004;0.4248074374689415;0.3597513546507846;0.8315482289196401
55550.0;381601.31621961156;0.40581105224683156;0.4249006128871956;0.44191387838280644;0.8116221044936631
55533.0;380514.69923504954;0.40273269387872657;0.42507661089945337;0.44065552023372684;0.8054653877574531
55469.0;210797.33050010394;0.4298523524112136;0.42573919165148255;0.24411411049859405;0.8597047048224272
55455.0;241374.16907893724;0.4209709018223819;0.4258841311909889;0.27952365640613724;0.8419418036447638
55442.0;390794.15291445;0.3956594109076248;0.42601871790624485;0.4525596543392444;0.7913188218152496
55437.0;248385.83079893628;0.41627269471912015;0.4260704820274971;0.28764351997288085;0.8325453894382403
55427.0;357295.61750116764;0.4078814907168537;0.4261740102700017;0.4137666337823971;0.8157629814337074
55404.0;379666.9823184439;0.40054286486569235;0.4264121252277621;0.4396738206051744;0.8010857297313847
55401.0;367936.1011362172;0.40273269387872657;0.4264431837005135;0.4260888590766291;0.8054653877574531
55341.0;341498.022519999;0.40788149071685376;0.4270643531555408;0.3954722092861479;0.8157629814337075
55335.0;237229.3845001039;0.4254956282768703;0.42712647010104354;0.2747237834747782;0.8509912565537406
55312.0;212203.03830010392;0.4254956282768704;0.42736458505880404;0.24574199216295772;0.8509912565537407
55261.0;196921.9500001039;0.4254956282768703;0.42789257909557726;0.22804570887058873;0.8509912565537406
55203.0;358839.5058362171;0.40273269387872657;0.4284930429021037;0.4155545355870623;0.8054653877574531
55199.0;308050.6958184438;0.41128284528949105;0.4285344541991055;0.3567384910415423;0.8225656905789821
55197.0;231782.88779893628;0.4209709018223819;0.42855515984760645;0.26841646120278956;0.8419418036447638
55156.0;202130.52673961053;0.4161117077631873;0.4289796256418751;0.2340775076353634;0.8322234155263746
55150.0;297704.07911844377;0.4062692334036498;0.4290417425873778;0.3447565787165703;0.8125384668072996
55090.0;196696.59450010394;0.4254956282768703;0.42966291204240514;0.22778473565381246;0.8509912565537406
55084.0;187991.35260010388;0.4209709018223819;0.4297250289879079;0.2177036194553673;0.8419418036447638
55033.0;365060.922534449;0.4010751040220532;0.43025302302468116;0.42275925492447936;0.8021502080441064
54989.0;334155.7538196115;0.4010639436305706;0.43070854729170116;0.38696948589499053;0.8021278872611411
54943.0;294985.5923384428;0.4108857740853183;0.43118477720722215;0.3416084317233056;0.8217715481706366
54933.0;285914.57201844384;0.4062692334036498;0.4312883054497267;0.3311037253711057;0.8125384668072996
54831.0;268021.7801396105;0.41128284528949116;0.43234429352327314;0.310382955504261;0.8225656905789823
54826.0;271863.04283844284;0.41128284528949105;0.43239605764452543;0.31483133454536283;0.8225656905789821
54792.0;257709.11011844382;0.4112828452894914;0.4327480536690409;0.2984403551728902;0.8225656905789828
54704.0;182389.0332001039;0.4209709018223819;0.433659102203081;0.21121584651338812;0.8419418036447638
54683.0;379358.2713960061;0.3973869910520174;0.4338765115123406;0.43931631753787603;0.7947739821040348
54670.0;321902.61041844386;0.3956594109076249;0.4340110982275965;0.3727797179548966;0.7913188218152498
54651.0;423602.5213322233;0.3918363233354997;0.4342078018883551;0.490553426149419;0.7836726466709995
54650.0;200065.70035621614;0.4176172207153525;0.4342181547126056;0.23168633287655352;0.835234441430705
54593.0;421899.93229717383;0.3918363233354997;0.43480826569488157;0.4885817408019351;0.7836726466709995
54548.0;195326.44380010394;0.41627269471912015;0.43527414278615206;0.226198030933283;0.8325453894382403
54519.0;257421.73709893628;0.411395063467505;0.4355743746894153;0.2981075624905922;0.82279012693501
54478.0;413283.7118322233;0.39183632333549967;0.4359988404836839;0.478603715986957;0.7836726466709993
54470.0;360004.59353504947;0.3918363233354997;0.4360816630776876;0.4169037668443015;0.7836726466709995
54400.0;179507.1769396105;0.4161117077631873;0.4368063607752195;0.20787850929025473;0.8322234155263746
54341.0;174516.35810010388;0.4209709018223819;0.43741717740599634;0.2020988853321364;0.8419418036447638
54340.0;282350.24345504853;0.40788149071685376;0.43742753023024683;0.3269760502496338;0.8157629814337075
54278.0;231012.2935001039;0.4113950634675051;0.43806940533377503;0.2675240735175733;0.8227901269350102
54259.0;320359.9940184439;0.3956594109076249;0.4382661089945337;0.37099328911619583;0.7913188218152498
54234.0;301309.76528010494;0.4010751040220532;0.4385249296007951;0.3489321480561003;0.8021502080441064
54223.0;168415.92330010387;0.41627269471912015;0.4386388106675501;0.19503426923228528;0.8325453894382403
54205.0;285041.0750001039;0.40633154666022847;0.4388251615040583;0.3300921710637085;0.8126630933204569
54194.0;324009.5439993995;0.39565941090762474;0.43893904257081334;0.37521965500615995;0.7913188218152495
54139.0;335951.95258339436;0.3842186768309598;0.4395084479045884;0.38904957610514296;0.7684373536619196
54104.0;311539.7191384429;0.39565941090762496;0.43987079675335433;0.3607789588323335;0.7913188218152499
54051.0;292581.7262196115;0.4058110522468315;0.44041949643862843;0.3388246315776205;0.811622104493663
54041.0;241079.97393844282;0.4062692334036498;0.440523024681133;0.279182963358154;0.8125384668072996
54015.0;303820.8896384429;0.4010639436305706;0.4407921981116449;0.351840158739313;0.8021278872611411
54005.0;205708.9128001039;0.411395063467505;0.4408957263541494;0.238221462058816;0.82279012693501
53987.0;319301.09413844295;0.39004735313571587;0.4410820771906576;0.3697670287944913;0.7800947062714317
53976.0;280888.96423961053;0.4010639436305706;0.44119595825741265;0.3252838140385753;0.8021278872611411
53920.0;304604.07343504956;0.3973869910520174;0.4417757164154381;0.35274712570806904;0.7947739821040348
53895.0;315780.5967384429;0.39004735313571565;0.44203453702169954;0.36569011240624893;0.7800947062714313
53834.0;277393.28073961043;0.4010639436305706;0.4426660593009773;0.32123563341805883;0.8021278872611411
53804.0;300165.73585504846;0.3973869910520175;0.44297664402849096;0.3476073033589719;0.794773982104035
53768.0;328500.3637833944;0.3842186768309598;0.44334934570150736;0.38042025443680055;0.7684373536619196
53763.0;219013.4535396105;0.4108857740853183;0.44340110982275965;0.25362880199292087;0.8217715481706366
53721.0;384357.9423794004;0.3842186768309597;0.4438359284412788;0.44510619273222213;0.7684373536619195
53686.0;260607.0811396105;0.4010639436305706;0.44419827729004474;0.3017963541146436;0.8021278872611411
53632.0;298153.8854789373;0.3956180456076983;0.44475732979956933;0.3452774775312184;0.7912360912153966
53627.0;296391.64765504847;0.3973869910520174;0.4448090939208216;0.3432367158297063;0.7947739821040348
53580.0;291848.18933844287;0.39565941090762474;0.445295676660593;0.33797515828097313;0.7913188218152495
53567.0;280157.71623844287;0.39565941090762474;0.44543026337584896;0.32443699138225696;0.7913188218152495
53548.0;291174.9211384428;0.39004735313571576;0.4456269670366076;0.3371954792054361;0.7800947062714315
53519.0;291070.63953844283;0.39004735313571576;0.4459271989398708;0.33707471576898757;0.7800947062714315
53401.0;212324.24550010395;0.4113950634675049;0.44714883220142454;0.24588235631151614;0.8227901269350097
53382.0;323351.2697350495;0.38607185031019237;0.44734553586218323;0.3744573396764322;0.7721437006203847
53340.0;435172.47639600607;0.38008384418169544;0.44778035448070236;0.5039520269865516;0.7601676883633909
53318.0;404683.78457940044;0.38406756302270895;0.44800811661421236;0.46864455954652745;0.7681351260454179
53308.0;321080.48413621716;0.3860718503101924;0.4481116448567169;0.37182765359228276;0.7721437006203848
53301.0;411727.1150960061;0.38008384418169555;0.4481841146264701;0.4768010972025294;0.7601676883633911
53272.0;316266.5299550485;0.38607185031019237;0.4484843465297333;0.36625284797150476;0.7721437006203847
53258.0;313678.1375350495;0.38607185031019237;0.4486292860692397;0.36325535691348093;0.7721437006203847
53251.0;184443.81180010393;0.41139506346750493;0.44870175583899286;0.2135953854241539;0.8227901269350099
53246.0;0.0;0.3009568440770061;0.44875351996024515;0.0;0.6019136881540122
52219.0;0.0;0.2911669977675984;0.459385870465463;0.0;0.5823339955351968
52023.0;0.0;0.29116699776759836;0.4614150240185523;0.0;0.5823339955351967
51187.0;0.0;0.28085210497759894;0.4700699850919331;0.0;0.5617042099551979
49964.0;0.0;0.26995198617688826;0.48273148915024017;0.0;0.5399039723537765
49040.0;0.0;0.2699519861768882;0.4922974987576611;0.0;0.5399039723537764
48631.0;0.0;0.25839258987148134;0.4965318038760974;0.0;0.5167851797429627
48149.0;0.0;0.2583925898714813;0.501521865164817;0.0;0.5167851797429626
47162.0;0.0;0.24608102699981427;0.5117401027000166;0.0;0.49216205399962853
46821.0;0.0;0.24608102699981418;0.5152704157694219;0.0;0.49216205399962837
46384.0;0.0;0.24608102699981407;0.5197945999668709;0.0;0.49216205399962815
45651.0;0.0;0.24608102699981405;0.5273832201424549;0.0;0.4921620539996281
45593.0;0.0;0.232898043974657;0.5279836839489813;0.0;0.465796087949314
45206.0;0.0;0.23289804397465694;0.5319902269339075;0.0;0.4657960879493139
43783.0;0.0;0.21868610292907464;0.5467222958423058;0.0;0.4373722058581493
43637.0;0.0;0.21868610292907456;0.5482338081828723;0.0;0.4373722058581491
42593.0;0.0;0.21868610292907448;0.5590421567003478;0.0;0.43737220585814895
41827.0;0.0;0.2032294516809432;0.5669724200761967;0.0;0.4064589033618864
41124.0;0.0;0.20322945168094295;0.574250455524267;0.0;0.4064589033618859
39555.0;0.0;0.18621840439632775;0.5904940367732318;0.0;0.3724368087926555
38391.0;0.0;0.18621840439632772;0.602544724200762;0.0;0.37243680879265545
38075.0;0.0;0.18621840439632767;0.605816216663906;0.0;0.37243680879265534
37237.0;0.0;0.18110700993677661;0.6144918833857876;0.0;0.36221401987355323
36119.0;0.0;0.16717913724636344;0.6260663408977969;0.0;0.33435827449272687
33801.0;0.0;0.16141922123995026;0.6500641875103528;0.0;0.3228384424799005
32028.0;0.0;0.15394919975017193;0.6684197449064104;0.0;0.30789839950034387
30108.0;0.0;0.1453166178181595;0.6882971674672851;0.0;0.290633235636319
20285.0;0.0;0.1453166178181594;0.7899929600795097;0.0;0.2906332356363188
20274.0;0.0;0.14531661781815933;0.7901068411462647;0.0;0.29063323563631865
18061.0;0.0;0.1453166178181592;0.8130176412125227;0.0;0.2906332356363184
16017.0;0.0;0.13421853870821918;0.8341788139804539;0.0;0.26843707741643835
9259.0;0.0;0.12407329231698694;0.9041432002650323;0.0;0.24814658463397388
2501.0;0.0;0.11908593782191977;0.9741075865496107;0.0;0.23817187564383954
