70509.0;687691.1327961097;0.49895081681725745;0.27003271492463143;0.7963815707818465;0.9979016336345149
70400.0;683838.4078961097;0.49843188707018043;0.2711611727679311;0.7919199179244409;0.9968637741403609
70354.0;681736.7922961097;0.49843188707018043;0.27163740268345204;0.7894861393676308;0.9968637741403609
70282.0;680026.9596961099;0.49780845732391865;0.27238280602948484;0.7875060656007561;0.9956169146478373
70245.0;677884.0673961097;0.49780845732391865;0.2727658605267517;0.785024486510225;0.9956169146478373
70150.0;746097.9503961102;0.4970801343920781;0.27374937883054495;0.8640196584732404;0.9941602687841562
70135.0;701060.0091156176;0.4970801343920781;0.2739046711943018;0.8118634146143081;0.9941602687841562
70127.0;674072.6191961098;0.49708013439207804;0.27398749378830545;0.7806106341865402;0.9941602687841561
69996.0;728382.7600761108;0.4962464564310941;0.27534371376511513;0.843504560312271;0.9924929128621882
69991.0;697357.7093761109;0.49624645643109405;0.2753954778863674;0.807575961800913;0.9924929128621881
69968.0;675786.242376111;0.4962464564310941;0.27563359284412786;0.7825950976392951;0.9924929128621882
69926.0;671176.4530961098;0.4962464564310941;0.276068411462647;0.7772567254359863;0.9924929128621882
69917.0;667350.07719611;0.49667229124338486;0.2761615868809011;0.7728255860707692;0.9933445824867697
69917.0;667720.3759522222;0.4960115702783143;0.2761615868809011;0.7732544110053763;0.9920231405566285
69855.0;704369.3011961102;0.49530689145492085;0.27680346198442934;0.815695744419875;0.9906137829098417
69810.0;698544.0512761113;0.4953068914549209;0.27726933907569984;0.8089498065122228;0.9906137829098418
69808.0;663867.6510522219;0.49524717299297827;0.27729004472420077;0.7687927581479702;0.9904943459859565
69799.0;663388.6079522222;0.49524717299297827;0.27738322014245487;0.7682380016908108;0.9904943459859565
69769.0;713296.3402356165;0.4942608356062636;0.27769380486996853;0.8260337130713056;0.9885216712125272
69762.0;661766.035452222;0.49524717299297827;0.2777662746397217;0.7663589795911603;0.9904943459859565
69734.0;723495.1704356165;0.49426083560626355;0.2780561537187345;0.8378444810563298;0.9885216712125271
69713.0;699111.1050961103;0.4942608356062636;0.27827356302799405;0.8096064838930297;0.9885216712125272
69703.0;651915.1493961099;0.49530689145492085;0.2783770912704986;0.7549511487542815;0.9906137829098417
69690.0;660056.2028522223;0.49437691345193524;0.2785116779857545;0.7643789058242857;0.9887538269038705
69667.0;646914.8521961101;0.49707785256161285;0.278749792943515;0.7491605483690172;0.9941557051232257
69667.0;646926.2037961099;0.4970683326863403;0.278749792943515;0.7491736941035013;0.9941366653726806
69667.0;648930.5193356164;0.4956434856908257;0.278749792943515;0.7514947942043628;0.9912869713816514
69665.0;712630.5949156175;0.49426083560626355;0.2787704985920159;0.8252627458763008;0.9885216712125271
69653.0;657913.310552222;0.49437691345193524;0.2788947324830214;0.7618973267337545;0.9887538269038705
69612.0;667456.055576111;0.49426083560626355;0.27931919827729007;0.772948314465406;0.9885216712125271
69610.0;662734.5955156174;0.49310761117104446;0.27933990392579094;0.7674806217759986;0.9862152223420889
69535.0;653581.542552222;0.4934002314958247;0.2801163657445751;0.7568809174191891;0.9868004629916494
69492.0;709692.4027961101;0.4931076111710444;0.2805615371873447;0.8218601688416397;0.9862152223420888
69440.0;709909.1221522223;0.4923164937468077;0.2810998840483684;0.8221111409612564;0.9846329874936154
69429.0;704257.3945156174;0.49184646432049567;0.2812137651151234;0.8155661507494878;0.9836929286409913
69410.0;697881.9281356165;0.49184646432049567;0.28141046877588205;0.8081830339866934;0.9836929286409913
69375.0;669409.4333356165;0.49184646432049567;0.281772817624648;0.775210426006848;0.9836929286409913
69346.0;656441.436452222;0.4923164937468077;0.28207304952791123;0.7601928211034652;0.9846329874936154
69335.0;650789.7088156176;0.49184646432049567;0.2821869305946662;0.7536478308916971;0.9836929286409913
69298.0;651570.0100522224;0.4911249915035026;0.2825699850919331;0.7545514597082614;0.9822499830070052
69288.0;649104.080652222;0.4923164937468077;0.28267351333443763;0.7516957871027057;0.9846329874936154
69251.0;654524.9789156175;0.4904765625628579;0.28305656783170446;0.7579734650720266;0.9809531251257158
69238.0;646468.8224356165;0.49184646432049567;0.2831911545469604;0.7486440230506916;0.9836929286409913
69229.0;647652.4861356167;0.4904765625628579;0.2832843299652145;0.7500147662691635;0.9809531251257158
69220.0;635797.1174522222;0.4923164937468077;0.2833775053834686;0.7362856418352167;0.9846329874936154
69179.0;645251.355752222;0.4911249915035026;0.2838019711777373;0.7472341342452999;0.9822499830070052
69152.0;641032.3189761109;0.4904765625628579;0.2840814974324996;0.7423482734646261;0.9809531251257158
69139.0;646884.385832223;0.4898249383531077;0.2842160841477555;0.7491252667584638;0.9796498767062154
69115.0;640381.2972156174;0.4904765625628579;0.28446455192976644;0.7415943569060004;0.9809531251257158
69111.0;631944.3925522221;0.4911249915035026;0.28450596322676824;0.731823988977811;0.9822499830070052
69081.0;663419.6436522224;0.48982493835310764;0.2848165479542819;0.7682739426217574;0.9796498767062153
69079.0;634863.6310156175;0.4904765625628579;0.28483725360278284;0.735204616707462;0.9809531251257158
69070.0;642966.8619156172;0.4889969918839256;0.28493042902103694;0.7445885733193659;0.9779939837678512
69045.0;639292.8206322229;0.4898249383531077;0.2851892496272983;0.7403338452461824;0.9796498767062154
69009.0;637244.0745356164;0.4889969918839256;0.28556195130031475;0.7379612922834669;0.9779939837678512
68958.0;642531.0643322233;0.4884154674814089;0.286089945337088;0.7440838973864436;0.9768309349628178
68956.0;625990.0520522221;0.48982493835310775;0.28611065098558885;0.7249285575635951;0.9796498767062155
68937.0;636525.0021156175;0.4889969918839256;0.28630735464634754;0.7371285695740489;0.9779939837678512
68923.0;637375.2245322232;0.4884154674814089;0.2864522941858539;0.7381131706999895;0.9768309349628178
68922.0;637013.3981322229;0.488415467481409;0.2864626470101044;0.7376941571879045;0.976830934962818
68864.0;634939.4991322231;0.48841546748140896;0.2870631108166308;0.7352924758741621;0.9768309349628179
68852.0;681737.5901156175;0.48740675355264257;0.28718734470763624;0.789487063283503;0.9748135071052851
68818.0;634916.05679611;0.4889969918839256;0.2875393407321517;0.7352653284476995;0.9779939837678512
68797.0;628223.9950322235;0.48841546748140885;0.2877567500414113;0.7275155780072309;0.9768309349628177
68793.0;640418.960976111;0.4874067535526426;0.2877981613384131;0.7416379734706368;0.9748135071052852
68792.0;634292.6540356164;0.48740675355264257;0.28780851416266356;0.7345433961063401;0.9748135071052851
68780.0;631469.973732223;0.4868956286584289;0.28793274805366903;0.7312745876738518;0.9737912573168578
68756.0;624966.8851156175;0.4874067535526426;0.28818121583567996;0.7237436778213885;0.9748135071052852
68745.0;626314.1339322231;0.4868956286584289;0.288295096902435;0.7253038609873977;0.9737912573168578
68672.0;621497.3597156174;0.48570476056455386;0.2890508530727182;0.719725789621078;0.9714095211291077
68619.0;639261.8270144499;0.4857047605645538;0.2895995527579924;0.7402979530486112;0.9714095211291076
68603.0;644006.8664322231;0.48526438487430473;0.28976519794599964;0.7457929518420134;0.9705287697486095
68599.0;627116.652232223;0.48526438487430473;0.2898066092430015;0.7262332183018312;0.9705287697486095
68586.0;619345.7240522221;0.48689562865842895;0.2899411959582574;0.7172340852677037;0.9737912573168579
68566.0;620448.632332223;0.48526438487430473;0.29014825244326653;0.7185113095717081;0.9705287697486095
68538.0;643399.7144522222;0.4852643848743047;0.29043813152227926;0.7450898387371949;0.9705287697486094
68521.0;622251.6650322231;0.4852643848743047;0.290614129534537;0.7205993138301878;0.9705287697486094
68491.0;617144.0382156174;0.4838898336920933;0.2909247142620507;0.7146844202490577;0.9677796673841866
68444.0;613802.299652222;0.48526438487430473;0.2914112970018221;0.7108145157536507;0.9705287697486095
68432.0;622972.6627356164;0.48388983369209326;0.2915355308928276;0.7214342661164328;0.9677796673841865
68381.0;628259.6525322231;0.4835206085962977;0.2920635249296008;0.7275568712194095;0.9670412171925954
68379.0;611946.4514322231;0.48526438487430473;0.29208423057810173;0.7086653484166137;0.9705287697486095
68379.0;616708.240632223;0.4835206085962977;0.29208423057810173;0.7141797443161348;0.9670412171925954
68360.0;610332.7742522222;0.4835206085962977;0.29228093423886037;0.7067966275533406;0.9670412171925954
68295.0;608476.926032223;0.4835206085962977;0.29295386781514;0.7046474602163033;0.9670412171925954
68273.0;618287.0385156175;0.4819606971063085;0.29318162994865;0.7160080731666357;0.963921394212617
68201.0;605647.150032223;0.48166307761377886;0.2939270332946828;0.7013704346035432;0.9633261552275577
68100.0;676460.8548310554;0.48166307761377875;0.2949726685439788;0.7833763334309407;0.9633261552275575
68020.0;601293.828532223;0.47969047043334834;0.29580089448401525;0.6963290652315228;0.9593809408666967
68004.0;601231.6604356166;0.4904765625628579;0.2959665396720225;0.6962570713900047;0.9809531251257158
67903.0;596738.8878156174;0.4846215759451452;0.29701217492131854;0.6910542104752029;0.9692431518902904
67897.0;595348.6692396104;0.49184646432049567;0.29707429186682127;0.6894442661259295;0.9836929286409913
67802.0;602436.8288322231;0.47760136118095736;0.29805781017061456;0.6976527181491009;0.9552027223619147
67782.0;590340.6655396104;0.49310761117104446;0.29826486665562363;0.6836447412187648;0.9862152223420889
67751.0;627151.1924322232;0.4776013611809573;0.2985858042073878;0.7262732176233573;0.9552027223619146
67749.0;605400.2420310553;0.4776013611809573;0.2986065098558887;0.701084502486011;0.9552027223619146
67741.0;590709.3927356165;0.4904765625628579;0.2986893324498923;0.6840717462062385;0.9809531251257158
67607.0;592287.2158356166;0.48462157594514527;0.30007661089945337;0.6858989462076183;0.9692431518902905
67576.0;600634.8928522223;0.48166307761377886;0.30039754845121747;0.6955659839485789;0.9633261552275577
67564.0;579179.1335156175;0.48095575495247156;0.30052178234222293;0.670719115190321;0.9619115099049431
67531.0;623838.40501445;0.4754737163124691;0.300863425542488;0.7224368400381096;0.9509474326249382
67473.0;578840.5960001036;0.49184646432049567;0.3014638893490144;0.6703270713998518;0.9836929286409913
67453.0;598355.4703522223;0.4796904704333484;0.30167094583402354;0.6929262958903011;0.9593809408666968
67438.0;624755.3543310554;0.47539421396183107;0.30182623819778037;0.7234987143335021;0.9507884279236621
67420.0;576324.4564356166;0.48628450235443726;0.30201258903428857;0.6674132528509268;0.9725690047088745
67417.0;595949.2686322231;0.47969047043334834;0.30204364750703994;0.6901397909987815;0.9593809408666967
67393.0;597867.0998344489;0.47775417887435956;0.30229211528905087;0.6923607378053995;0.9555083577487191
67375.0;598981.9948322232;0.4776013611809573;0.30247846612555906;0.6936518433428146;0.9552027223619146
67352.0;618085.9306144499;0.4754737163124691;0.3027165810833195;0.7157751799118146;0.9509474326249382
67327.0;559089.6871961099;0.4904765625628579;0.3029754016895809;0.6474545069191389;0.9809531251257158
67311.0;592812.0459522221;0.4776013611809573;0.3031410468775882;0.6865067263762479;0.9552027223619146
67310.0;617438.6196322233;0.4730673766219944;0.3031513997018387;0.7150255606245716;0.9461347532439888
67303.0;568431.9954396106;0.48927616436388516;0.30322386947159186;0.6582733785882217;0.9785523287277703
67300.0;564342.6967356167;0.4874067535526426;0.3032549279443432;0.6535377611431609;0.9748135071052852
67277.0;600204.7756156176;0.47547371631246915;0.3034930429021037;0.6950678861483138;0.9509474326249383
67260.0;607172.9077156173;0.4751077121558162;0.3036690409143614;0.7031373401845322;0.9502154243116324
67259.0;597844.8873156175;0.4754737163124691;0.3036793937386119;0.6923350145703681;0.9509474326249382
67255.0;609659.1237322232;0.47306737662199433;0.3037208050356137;0.7060165057316538;0.9461347532439887
67246.0;590956.1977322231;0.4776013611809573;0.3038139804538678;0.6843575590392107;0.9552027223619146
67208.0;588251.9149344489;0.4777541788743595;0.30420738777538514;0.681225860985212;0.955508357748719
67194.0;594628.6733322232;0.475394213961831;0.3043523273148915;0.6886104739707941;0.950788427923662
67162.0;587337.1240344489;0.4777541788743595;0.3046836176909061;0.6801664862468512;0.955508357748719
67152.0;588126.4217322231;0.47539421396183107;0.3047871459334106;0.6810805334264508;0.9507884279236621
67150.0;586549.3258993994;0.4777541788743595;0.30480785158191154;0.679254175637728;0.955508357748719
67131.0;599985.9915322232;0.47306737662199433;0.30500455524267023;0.6948145229687025;0.9461347532439887
67103.0;598992.2007156176;0.4751077121558162;0.30529443432168296;0.6936636622787602;0.9502154243116324
67102.0;584075.8846993994;0.4777541788743595;0.3053047871459334;0.6763898039828495;0.955508357748719
67096.0;583908.060976111;0.4777541788743596;0.30536690409143613;0.6761954555115766;0.9555083577487192
67090.0;594296.4932322232;0.47306737662199433;0.30542902103693886;0.6882257923932596;0.9461347532439887
67065.0;586602.8762322232;0.475394213961831;0.3056878416432003;0.6793161896671904;0.950788427923662
67051.0;574649.2555522221;0.48526438487430473;0.3058327811827066;0.6654732843864964;0.9705287697486095
67045.0;582893.9395156174;0.4754737163124691;0.30589489812820936;0.6750210508942193;0.9509474326249382
67041.0;593575.6175156175;0.4751077121558162;0.3059363094252112;0.6873909813739657;0.9502154243116324
67017.0;557199.6651356166;0.4889969918839256;0.30618477720722215;0.6452657645236567;0.9779939837678512
67017.0;565497.5726522221;0.4835206085962977;0.30618477720722215;0.6548751666333041;0.9670412171925954
67010.0;586689.5827156176;0.4722255808322457;0.3062572469769753;0.679416600218017;0.9444511616644914
66988.0;576729.7697156175;0.47547371631246915;0.3064850091104853;0.6678826263984283;0.9509474326249383
66975.0;541333.8281001038;0.49047656256285793;0.3066195958257413;0.6268923122315844;0.9809531251257159
66971.0;583697.9018156176;0.4751077121558162;0.3066610071227431;0.6759520804346472;0.9502154243116324
66971.0;583773.1002322232;0.4730673766219944;0.3066610071227431;0.6760391640544303;0.9461347532439888
66961.0;557165.9476356166;0.48536674959289416;0.3067645353652476;0.6452267179308881;0.9707334991857883
66958.0;579002.1943322232;0.47306737662199433;0.306795593837999;0.6705142105491466;0.9461347532439887
66940.0;574256.3285156178;0.47547371631246915;0.3069819446745072;0.66501825474355;0.9509474326249383
66935.0;578959.1460510546;0.47306737662199433;0.3070337087957595;0.6704643584336525;0.9461347532439887
66924.0;552398.4548961099;0.4889969918839256;0.3071475898625145;0.6397057170403545;0.9779939837678512
66923.0;585715.5072310554;0.4706190738471958;0.30715794268676494;0.6782885708928436;0.9412381476943916
66912.0;578087.4034322232;0.47306737662199433;0.30727182375351997;0.6694548358107859;0.9461347532439887
66910.0;576528.7531322232;0.47306737662199433;0.3072925294020209;0.667649838894268;0.9461347532439887
66886.0;577016.4505156175;0.4722255808322457;0.30754099718403183;0.6682146174550655;0.9444511616644914
66864.0;572485.651116005;0.47306737662199433;0.30776875931754183;0.6629677195808849;0.9461347532439887
66836.0;550244.9010949424;0.4874067535526426;0.30805863839655456;0.6372117913851498;0.9748135071052852
66833.0;571908.0621805681;0.4754737163124691;0.30808969686930593;0.6622988419965553;0.9509474326249382
66827.0;567005.4806949423;0.47775417887435956;0.30815181381480866;0.6566214014157324;0.9555083577487191
66816.0;570012.2099160053;0.47306737662199433;0.3082656948815637;0.6601033479260064;0.9461347532439887
66810.0;579601.0219144498;0.46974232687488465;0.3083278118270664;0.6712076835747797;0.9394846537497693
66797.0;535039.3559356168;0.4846215759451452;0.3084623985423223;0.6196029909207001;0.9692431518902904
66737.0;564573.0552510546;0.47306737662199433;0.30908356799734965;0.6538045281081812;0.9461347532439887
66729.0;568835.7435156174;0.4722255808322457;0.3091663905913533;0.6587409395492931;0.9444511616644914
66721.0;563214.5768156175;0.4722255808322457;0.309249213185357;0.6522313404681315;0.9444511616644914
66716.0;551603.9023410616;0.47547371631246915;0.30930097730660927;0.6387855844667596;0.9509474326249383
66673.0;560741.1356156175;0.4722255808322457;0.30974614874937884;0.6493669688132528;0.9444511616644914
66671.0;559185.2617156175;0.4722255808322457;0.30976685439787977;0.6475651871102047;0.9444511616644914
66660.0;555970.2297156177;0.4722255808322457;0.30988073546463474;0.6438420153079695;0.9444511616644914
66637.0;555927.181434449;0.4722255808322457;0.31011885042239523;0.6437921631924751;0.9444511616644914
66612.0;549786.3774522223;0.4835206085962977;0.3103776710286566;0.6366807975109882;0.9670412171925954
66607.0;535310.2870344489;0.4754737163124691;0.3104294351499089;0.6199167430163312;0.9509474326249382
66604.0;555826.290980568;0.4722255808322457;0.31046049362266026;0.6436753268770031;0.9444511616644914
66577.0;529022.28929611;0.4874067535526426;0.31074001987742256;0.6126349194226922;0.9748135071052852
66548.0;552895.7673156175;0.4722255808322457;0.3110402517806858;0.6402816303056695;0.9444511616644914
66526.0;553714.9984144499;0.46974232687488465;0.3112680139141958;0.6412303418975563;0.9394846537497693
66488.0;551125.9507156175;0.4722255808322457;0.3116614212357131;0.6382320919930654;0.9444511616644914
66432.0;544237.0276356165;0.4722255808322457;0.31224117939373863;0.6302543660608726;0.9444511616644914
66371.0;550119.5819322232;0.4706190738471958;0.3128727016730164;0.6370666653730555;0.9412381476943916
66350.0;547538.4667344488;0.46974232687488465;0.31309011098227596;0.6340776017112707;0.9394846537497693
66341.0;544099.81351445;0.46974232687488465;0.31318328640053006;0.630095465077369;0.9394846537497693
66340.0;521795.0941344489;0.4722255808322457;0.3131936392247805;0.6042654570860343;0.9444511616644914
66313.0;480218.8073001038;0.4889969918839256;0.3134731654795428;0.5561179864595239;0.9779939837678512
66309.0;565356.1537510545;0.46804739952564056;0.31351457677654465;0.6547113962990959;0.9360947990512811
66274.0;552600.5596310557;0.46804739952564056;0.3138769256253106;0.639939764679771;0.9360947990512811
66259.0;544166.2351322233;0.46804739952564056;0.31403221798906744;0.6301723847143594;0.9360947990512811
66225.0;527063.3799322234;0.4706190738471958;0.3143842140135829;0.6103664019999238;0.9412381476943916
66195.0;518939.76315105456;0.48166307761377886;0.31469479874109657;0.6009588374930027;0.9633261552275577
66179.0;558048.0534156177;0.46713509160890143;0.31486044392910384;0.6462482416254234;0.9342701832178029
66168.0;480735.64380010375;0.486897864310072;0.31497432499585887;0.5567165096105114;0.973795728620144
66165.0;532220.6783156176;0.4705497964249733;0.31500538346861023;0.6163388178006898;0.9410995928499466
66148.0;539264.0088322232;0.46804739952564056;0.315181381480868;0.6244953554566918;0.9360947990512811
66143.0;537160.0887993993;0.46974232687488465;0.31523314560212023;0.6220589082485867;0.9394846537497693
66126.0;473822.55290010385;0.4867849067458369;0.315409143614378;0.5487107961043408;0.9735698134916738
66121.0;517525.14633444883;0.4828457436926992;0.3154609077356303;0.5993206387308895;0.9656914873853985
66116.0;524386.07211445;0.46713509160890143;0.31551267185688253;0.6072659423550311;0.9342701832178029
66053.0;522219.1009322232;0.4706190738471958;0.3161648997846613;0.6047564786850197;0.9412381476943916
66003.0;558655.5058322232;0.46535030829019974;0.316682540997184;0.6469517026512251;0.9307006165803995
65975.0;516478.5821993994;0.4730728697201034;0.3169724200761968;0.5981086638339531;0.9461457394402067
65918.0;460300.4188001038;0.4867849067458369;0.31756253105847276;0.5330514719087596;0.9735698134916738
65898.0;518705.4854156175;0.46713509160890143;0.31776958754348184;0.6006875318703928;0.9342701832178029
65880.0;505597.9261510547;0.4706190738471958;0.3179559383799901;0.5855083065780935;0.9412381476943916
65866.0;504147.6595196115;0.4730728697201034;0.3181008779194964;0.5838288235036132;0.9461457394402067
65798.0;514330.3719322232;0.46804739952564056;0.3188048699685274;0.5956209262649262;0.9360947990512811
65723.0;450800.8403989362;0.48509459774584845;0.3195813317873116;0.5220504733381844;0.9701891954916969
65701.0;500812.76665222214;0.4706190738471958;0.3198090939208216;0.5799668466749719;0.9412381476943916
65659.0;509542.02243444894;0.46974232687488465;0.32024391253934076;0.5900757721795666;0.9394846537497693
65593.0;506585.61219939945;0.4705497964249733;0.3209271989398708;0.5866520976335662;0.9410995928499466
65574.0;497713.91269611;0.4754737163124691;0.32112390260062945;0.5763782150008103;0.9509474326249382
65573.0;492425.9155562162;0.48352060859629764;0.3211342554248799;0.5702544433426885;0.9670412171925953
65568.0;446207.5211001038;0.4867849067458369;0.3211860195461322;0.516731174217032;0.9735698134916738
65544.0;484191.78803561657;0.46974232687488465;0.3214344873281431;0.5607189017366614;0.9394846537497693
65500.0;540752.6021310556;0.4653503082901998;0.3218900115951632;0.6262192227759623;0.9307006165803996
65485.0;569972.30421445;0.46512891727322586;0.32204530395892;0.6600571350787381;0.9302578345464517
65423.0;562434.2697156176;0.4644017868788064;0.32268717906244826;0.6513277048614552;0.9288035737576128
65407.0;509617.11071561766;0.4671350916089014;0.32285282425045553;0.5901627282568703;0.9342701832178028
65340.0;487957.5722356165;0.46440178687880646;0.323546463475236;0.5650798728084094;0.9288035737576129
65284.0;564820.4778322233;0.4625256061430544;0.32412622163326155;0.654091056135723;0.9250512122861088
65206.0;476061.94873961044;0.4789502583053838;0.32493374192479707;0.5513041312387017;0.9579005166107676
65192.0;590318.5394310554;0.45957094005100174;0.32507868146430347;0.6836191180512613;0.9191418801020035
65181.0;577872.8610310557;0.4625256061430543;0.3251925625310585;0.6692063847165477;0.9250512122861086
65178.0;467206.8354949424;0.4730728697201034;0.32522362100380986;0.5410494563433504;0.9461457394402067
65167.0;434518.8422001038;0.48509459774584845;0.32533750207056483;0.503195085093855;0.9701891954916969
65134.0;538959.2638156177;0.4644017868788064;0.32567914527082986;0.6241424451115699;0.9288035737576128
65124.0;449866.26937611104;0.4730728697201034;0.32578267351333445;0.5209681922040094;0.9461457394402067
65109.0;438548.98417893716;0.47054979642497324;0.3259379658770913;0.5078621960198422;0.9410995928499465
65107.0;562756.9602322233;0.4625256061430543;0.32595867152559216;0.6517013970151492;0.9250512122861086
65099.0;552592.1439144501;0.46154017288763305;0.3260414941195958;0.6399300188486995;0.9230803457752661
65076.0;537256.6747805681;0.4644017868788064;0.3262796090773563;0.622170759764086;0.9288035737576128
65068.0;539515.3987960061;0.4625256061430544;0.3263624316713599;0.6247864779165992;0.9250512122861088
65066.0;465986.8969310556;0.4653503082901998;0.32638313731986085;0.5396367049736835;0.9307006165803996
65061.0;511740.2524510545;0.4625256061430544;0.32643490144111315;0.5926214351815691;0.9250512122861088
65007.0;460765.74043444893;0.4671350916089014;0.32699395395063774;0.533590338205569;0.9342701832178028
64929.0;502054.470680568;0.4644017868788064;0.32780147424217326;0.5814048035677989;0.9288035737576128
64896.0;550788.7646322232;0.4625256061430543;0.3281431174424383;0.6378416132302412;0.9250512122861086
64843.0;443698.45009939943;0.4671350916089014;0.32869181712771245;0.5138255414271781;0.9342701832178028
64828.0;544046.1560971738;0.4625256061430543;0.3288471094914693;0.6300333270386237;0.9250512122861086
64822.0;560334.9361510546;0.45957094005100174;0.328909226436972;0.6488965690186183;0.9191418801020035
64813.0;535824.406434449;0.46154017288763305;0.3290024018552261;0.6205121196262879;0.9230803457752661
64804.0;528775.9035993995;0.46154017288763305;0.3290955772734802;0.6123495921604855;0.9230803457752661
64767.0;551541.1599310556;0.45957094005100174;0.32947863177074704;0.6387129255408955;0.9191418801020035
64757.0;427350.95883961057;0.475473716312469;0.32958216001325163;0.49489430886223373;0.950947432624938
64748.0;437086.7372801049;0.47054979642497324;0.32967533543150573;0.5061688391818266;0.9410995928499465
64747.0;428535.66929494235;0.4730728697201034;0.32968568825575617;0.4962662642770181;0.9461457394402067
64740.0;422362.6948801049;0.4730728697201034;0.32975815802550934;0.48911764358607496;0.9461457394402067
64692.0;439076.9012356166;0.46713509160890143;0.3302550935895312;0.5084735510232599;0.9342701832178029
64690.0;474727.2672510545;0.46535030829019974;0.33027579923803213;0.549758501682555;0.9307006165803995
64685.0;436457.8291845619;0.47054979642497324;0.3303275633592844;0.5054405313803729;0.9410995928499465
64659.0;526061.9643344489;0.46154017288763305;0.33059673678979623;0.6092067114226751;0.9230803457752661
64644.0;525713.459034449;0.4615401728876331;0.33075202915355306;0.6088031244269969;0.9230803457752662
64642.0;467939.3366362171;0.46535030829019974;0.330772734802054;0.5418977302001268;0.9307006165803995
64611.0;419337.08995504846;0.4706190738471958;0.33109367235381815;0.48561383804333846;0.9412381476943916
64592.0;513171.38501445;0.46154017288763305;0.3312903760145768;0.5942787600247729;0.9230803457752661
64579.0;445220.1526350496;0.46535030829019974;0.3314249627298327;0.5155877509392834;0.9307006165803995
64573.0;413596.2701001038;0.47547371631246904;0.3314870796753354;0.4789656744774256;0.9509474326249381
64571.0;417888.9827961099;0.4730728697201034;0.33150778532383635;0.48393685574867534;0.9461457394402067
64555.0;408666.53548010497;0.4730728697201034;0.3316734305118436;0.47325678917560465;0.9461457394402067
64511.0;402099.4932001038;0.4730728697201034;0.33212895477886367;0.46565181770378444;0.9461457394402067
64471.0;531117.4744310556;0.45957094005100174;0.33254306774888187;0.6150612511714563;0.9191418801020035
64469.0;421756.2304550485;0.4653503082901998;0.3325637733973828;0.48841532670511423;0.9307006165803996
64413.0;417716.84123504953;0.4653503082901998;0.3331435315554083;0.48373750700000573;0.9307006165803996
64404.0;509803.69763444894;0.4615401728876331;0.3332367069736624;0.5903788054700547;0.9230803457752662
64370.0;399051.35058010474;0.4730728697201034;0.3335887029981779;0.4621219123554169;0.9461457394402067
64370.0;415836.6418196114;0.4701715863275712;0.3335887029981779;0.4815601397308342;0.9403431726551424
64350.0;511103.9713310557;0.4564837863822441;0.333795759483187;0.5918845890399833;0.9129675727644883
64348.0;405635.48570010386;0.47307008142117324;0.33381646513168794;0.46974667821183436;0.9461401628423465
64343.0;393205.89480010385;0.4730728697201034;0.3338682292529402;0.45535257502648385;0.9461457394402067
64326.0;405392.1209384429;0.4679025191801178;0.33404422726519795;0.4694648493472153;0.9358050383602357
64324.0;401489.64367893734;0.47054979642497324;0.3340649329136989;0.4649455807080675;0.9410995928499465
64286.0;508359.38013444893;0.45854784746110333;0.33445834023521614;0.5887062117946339;0.9170956949222067
64263.0;504930.4416322232;0.4625256061430544;0.33469645519297664;0.5847353253017198;0.9250512122861088
64256.0;465628.3411344489;0.4644017868788064;0.3347689249627298;0.5392214789879223;0.9288035737576128
64243.0;389863.01160010387;0.4730728697201034;0.33490351167798577;0.4514813449832349;0.9461457394402067
64241.0;401441.44865621603;0.46535030829019974;0.33492421732648664;0.4648897684021234;0.9307006165803995
64185.0;388131.8800396104;0.46974232687488465;0.33550397548451216;0.44947660592869687;0.9394846537497693
64180.0;499045.4166971737;0.4625256061430543;0.33555573960576446;0.5779201648636186;0.9250512122861086
64167.0;428103.6395196114;0.4644017868788064;0.33569032632102036;0.4957659516589047;0.9288035737576128
64139.0;387911.9671001038;0.4730728697201034;0.33598020540003315;0.4492219354758623;0.9461457394402067
64137.0;495620.34095105465;0.4625256061430544;0.336000911048534;0.5739537516402132;0.9250512122861088
64130.0;385079.5677801048;0.4730728697201034;0.33607338081828725;0.44594187192411805;0.9461457394402067
64126.0;383141.0612001037;0.4730728697201034;0.33611479211528905;0.44369698197057855;0.9461457394402067
64122.0;506925.35053222324;0.4564837863822441;0.33615620341229085;0.5870455320320133;0.9129675727644883
64097.0;492610.05223561666;0.46154017288763305;0.3364150240185523;0.5704676830530556;0.9230803457752661
64094.0;380265.6135989363;0.4730728697201034;0.33644608249130364;0.44036706630334027;0.9461457394402067
64086.0;506247.6784510546;0.45957094005100174;0.33652890508530725;0.5862607530364172;0.9191418801020035
64012.0;472523.2698196115;0.4615401728876331;0.33729501407984097;0.5472061597186343;0.9230803457752662
63988.0;379536.1433801048;0.47054979642497324;0.3375434818618519;0.4395223024100651;0.9410995928499465
63984.0;377597.6368001038;0.47054979642497324;0.33758489315885376;0.43727741245652574;0.9410995928499465
63967.0;492014.10083222325;0.45957094005100174;0.33776089117111147;0.569777540789894;0.9191418801020035
63954.0;374215.8077001039;0.4730728697201034;0.3378954778863674;0.43336108106539206;0.9461457394402067
63935.0;375579.9893789373;0.47054979642497324;0.33809218154712606;0.4349408733535431;0.9410995928499465
63918.0;369618.92710010376;0.4730728697201034;0.3382681795593838;0.42803765777499736;0.9461457394402067
63870.0;367145.4859001038;0.4730728697201034;0.3387651151234057;0.42517328612011884;0.9461457394402067
63864.0;483186.9739184439;0.46154017288763305;0.3388272320689084;0.5595552754998011;0.9230803457752661
63838.0;374039.21670010395;0.4730700814211732;0.3390964054994202;0.4331565796384301;0.9461401628423464
63825.0;368495.24959893624;0.47054979642497324;0.3392309922146762;0.4267363816486156;0.9410995928499465
63799.0;486111.99893222324;0.45957094005100174;0.33950016564518803;0.5629426043513139;0.9191418801020035
63768.0;472411.6531522222;0.45957094005100174;0.33982110319695213;0.5470769018982818;0.9191418801020035
63766.0;582431.2593144499;0.4560265896903736;0.33984180884545306;0.674485243512383;0.9120531793807471
63737.0;364150.97410010383;0.4730728697201034;0.34014204074871623;0.42170548800948676;0.9461457394402067
63687.0;556792.9411156175;0.4560265896903736;0.340659681961239;0.6447947572669475;0.9120531793807471
63670.0;359899.4724650544;0.47054979642497324;0.3408356799734968;0.41678203125858215;0.9410995928499465
63657.0;364124.6837650544;0.4679025191801178;0.3409702666887527;0.42167504245431736;0.9358050383602357
63647.0;498818.0503156175;0.4560265896903735;0.3410737949312572;0.5776568629429577;0.912053179380747
63647.0;550654.1348322232;0.45326143803496616;0.3410737949312572;0.6376857050230754;0.9065228760699323
63645.0;357816.9080001039;0.47054979642497324;0.34109450057975815;0.4143703148923869;0.9410995928499465
63637.0;574739.1736144498;0.4527232438144536;0.3411773231737618;0.6655774141101812;0.9054464876289072
63632.0;428799.1799033933;0.46222671666788545;0.34122908729501406;0.49657142306454327;0.9244534333357709
63613.0;478926.7229144499;0.45854784746110333;0.34142579095577275;0.5546216865313193;0.9170956949222067
63598.0;550008.4575322233;0.45326143803496616;0.3415810833195296;0.636937977623565;0.9065228760699323
63588.0;355619.6588396104;0.46974232687488465;0.3416846115620341;0.41182578777202383;0.9394846537497693
63566.0;424771.55145621614;0.46535030829019963;0.34191237369554417;0.4919072229370136;0.9307006165803993
63564.0;490528.5421144499;0.45542223411074556;0.34193307934404504;0.5680571876709891;0.9108444682214911
63547.0;424971.7656396105;0.4644017868788064;0.3421090773563028;0.492139081220857;0.9288035737576128
63542.0;355399.7459001038;0.4730728697201034;0.3421608414775551;0.4115711173191893;0.9461457394402067
63529.0;350628.84000010375;0.4730728697201034;0.342295428192811;0.40604616381390546;0.9461457394402067
63483.0;406240.6896550485;0.46535030829019963;0.34277165810833193;0.470447535403816;0.9307006165803993
63483.0;415182.7245356166;0.46440178687880646;0.34277165810833193;0.48080287000762023;0.9288035737576129
63464.0;484427.11951600504;0.4532614380349662;0.3429683617690906;0.5609914276499216;0.9065228760699324
63463.0;547312.6780322233;0.4532614380349661;0.34297871459334106;0.6338161268241188;0.9065228760699322
63442.0;430251.27341844374;0.45854784746110333;0.3431961239026006;0.4982530217638548;0.9170956949222067
63437.0;545436.8410310557;0.4532614380349661;0.3432478880238529;0.6316438114542136;0.9065228760699322
63426.0;356918.5318989363;0.46805024994260414;0.3433617690906079;0.4133299493322091;0.9361004998852083
63397.0;530095.6114156176;0.45216056873944793;0.3436620009938711;0.6138778814367768;0.9043211374788959
63387.0;345085.41560010385;0.47054979642497324;0.3437655292363757;0.3996265942998527;0.9410995928499465
63357.0;395355.2984384428;0.46440178687880646;0.3440761139638894;0.4578416945804684;0.9288035737576129
63350.0;472670.5411510546;0.45648378638224407;0.34414858373364254;0.5473767074669946;0.9129675727644881
63329.0;343382.8265650544;0.47054979642497324;0.3443659930429021;0.3976549089523689;0.9410995928499465
63324.0;421133.8748011676;0.45957094005100174;0.3444177571641544;0.48769460696686856;0.9191418801020035
63314.0;393913.7979396105;0.4671350916089014;0.34452128540665894;0.45617236313675;0.9342701832178028
63308.0;523149.8138322233;0.45326143803496616;0.34458340235216167;0.6058342919152635;0.9065228760699323
63260.0;338858.4760001038;0.47054979642497324;0.34508033791618353;0.39241547915918096;0.9410995928499465
63258.0;388510.70221844374;0.4615401728876331;0.34510104356468446;0.4499153014235765;0.9230803457752662
63240.0;521914.90441561764;0.45216056873944793;0.34528739440119266;0.6044042035310044;0.9043211374788959
63204.0;460352.3245144499;0.45542223411074556;0.34566009607420906;0.5331115813857502;0.9108444682214911
63179.0;336535.9423001038;0.4730728697201034;0.3459189166804704;0.3897258661221779;0.9461457394402067
63161.0;411266.43641999905;0.4564837863822441;0.3461052675169786;0.4762676076893922;0.9129675727644883
63159.0;478833.9086310556;0.44990099008373685;0.34612597316547955;0.554514202835114;0.8998019801674737
63094.0;331736.5725001039;0.47054979642497324;0.34679890674175917;0.3841679499621334;0.9410995928499465
63060.0;331612.46256505436;0.4679025191801179;0.34715090276627464;0.38402422429764427;0.9358050383602358
62965.0;326641.87293961045;0.4671350916089014;0.3481344210700679;0.3782680268060058;0.9342701832178028
62930.0;409861.1898396105;0.45854784746110333;0.3484967699188339;0.47464026014097255;0.9170956949222067
62910.0;324765.57830010384;0.47054979642497324;0.34870382640384295;0.3760951814674534;0.9410995928499465
62875.0;459309.35821444995;0.4554222341107456;0.3490661752526089;0.5319037729661632;0.9108444682214912
62821.0;315641.7456001038;0.47054979642497324;0.3496252277621335;0.3655293156729746;0.9410995928499465
62805.0;468700.5268310556;0.4532614380349661;0.3497908729501408;0.5427792274510285;0.9065228760699322
62803.0;388165.71679611;0.4651289172732259;0.3498115785986417;0.44951579062660296;0.9302578345464518
62794.0;450885.44303844287;0.45542223411074556;0.3499047540168958;0.5221484475299828;0.9108444682214911
62756.0;368950.58180010394;0.46512891727322586;0.3502981613384131;0.42726367966992224;0.9302578345464517
62754.0;400458.62473961053;0.46154017288763305;0.35031886698691406;0.46375160794435244;0.9230803457752661
62737.0;431150.0546156176;0.45542223411074556;0.35049486499917176;0.4992938564459659;0.9108444682214911
62722.0;314068.2540001039;0.47054979642497324;0.3506501573629286;0.3637071317705518;0.9410995928499465
62722.0;404748.0789801049;0.45919347905706376;0.3506501573629286;0.4687190157571482;0.9183869581141275
62677.0;500910.20861561754;0.44928043153945346;0.3511160344541991;0.5800796894617523;0.8985608630789069
62670.0;399930.6791562162;0.45957094005100174;0.3511885042239523;0.4631402199055371;0.9191418801020035
62659.0;492343.16973222326;0.44639932374083513;0.3513023852907073;0.5701586194384028;0.8927986474816703
62642.0;492112.0064156176;0.4487598848073264;0.35147838330296505;0.5698909204723902;0.8975197696146529
62615.0;441742.93165105465;0.45326143803496616;0.35175790955772734;0.5115609508583661;0.9065228760699323
62611.0;315946.07326505444;0.4679025191801179;0.35179932085472915;0.36588174270349383;0.9358050383602358
62606.0;519176.85383105563;0.4463993237408351;0.35185108497598144;0.6012334006495601;0.8927986474816701
62552.0;363656.6541001039;0.46512891727322586;0.35241013748550604;0.42113304011930064;0.9302578345464517
62548.0;442767.7200356166;0.4521605687394479;0.3524515487825079;0.5127477083203943;0.9043211374788958
62539.0;358885.74820010393;0.46512891727322586;0.352544724200762;0.415608086614017;0.9302578345464517
62491.0;356412.3070001039;0.46512891727322586;0.35304165976478386;0.41274371495913836;0.9302578345464517
62472.0;406104.20911961154;0.45854784746110333;0.3532383634255425;0.47028948395017794;0.9170956949222067
62471.0;301548.8479001039;0.47054979642497324;0.3532487162497929;0.3492090179812471;0.9410995928499465
62434.0;475525.32133561664;0.44875988480732637;0.3536317707470598;0.5506826892067541;0.8975197696146527
62331.0;345363.61410010385;0.46512891727322586;0.3546981116448567;0.3999487624184357;0.9302578345464517
62311.0;470214.96931445;0.44521699674533594;0.35490516812986583;0.5445330294505986;0.8904339934906719
62298.0;375297.10157893726;0.45919347905706376;0.35503975484512174;0.4346132747852686;0.9183869581141275
62272.0;403657.5275033933;0.45854784746110333;0.3553089282756336;0.4674561012645463;0.9170956949222067
62231.0;464822.22765105456;0.44990099008373685;0.3557333940699023;0.5382879582668919;0.8998019801674737
62224.0;398767.6891384428;0.45854784746110333;0.35580586383965546;0.4617934178704546;0.9170956949222067
62217.0;365602.31805504847;0.45957094005100174;0.3558783336094086;0.42338621867978643;0.9191418801020035
62209.0;425066.2635522223;0.45648378638224407;0.3559611562034123;0.49224851464596947;0.9129675727644881
62189.0;344792.8505001039;0.4651289172732259;0.3561682126884214;0.3992877889222894;0.9302578345464518
62177.0;466062.157534449;0.44875988480732637;0.3562924465794269;0.5397238606089536;0.8975197696146527
62170.0;425736.2690384428;0.4554222341107456;0.35636491634918005;0.4930244153317603;0.9108444682214912
62164.0;449082.19153222314;0.44990099008373685;0.3564270332946828;0.5200601898826884;0.8998019801674737
62150.0;339895.66110010387;0.4651289172732259;0.3565719728341892;0.39361659265292503;0.9302578345464518
62146.0;398248.0291550484;0.45648378638224407;0.356613384131191;0.46119162498101396;0.9129675727644881
62143.0;495402.8996322233;0.44275308839506666;0.35664444260394235;0.5737019434507726;0.8855061767901333
62113.0;355573.3088001039;0.46222671666788545;0.356955027331456;0.41177211205118397;0.9244534333357709
62072.0;344037.6002989363;0.46222671666788545;0.3573794931257247;0.39841317048843866;0.9244534333357709
62059.0;379145.0951033934;0.4554222341107455;0.3575140798409806;0.43906944846734713;0.910844468221491
62058.0;296128.65930010384;0.4679025191801179;0.3575244326652311;0.34293216183850306;0.9358050383602358
62017.0;454532.56933561666;0.4487598848073263;0.35794889845949973;0.526372006669932;0.8975197696146526
61976.0;457083.06181600515;0.4463993237408351;0.3583733642537684;0.5293256076557997;0.8927986474816701
61942.0;326373.5270001038;0.4651289172732259;0.3587253602782839;0.37795726845734373;0.9302578345464518
61925.0;389323.23103844275;0.4487598848073263;0.35890135829054165;0.45085625143313285;0.8975197696146526
61913.0;356775.2171001038;0.45919347905706376;0.3590255921815471;0.41316398345135436;0.9183869581141275
61892.0;337280.2688001038;0.46222671666788545;0.3592430014908067;0.39058783435031896;0.9244534333357709
61889.0;460254.75371445;0.445216996745336;0.35927405996355805;0.5329985893995799;0.890433993490672
61881.0;355462.8260396105;0.45854784746110333;0.3593568825575617;0.4116441673531212;0.9170956949222067
61805.0;336364.3166001038;0.46222671666788545;0.3601436972005963;0.38952711476705026;0.9244534333357709
61800.0;320830.1026001039;0.46222671666788545;0.3601954613218486;0.371537698943291;0.9244534333357709
61774.0;536229.3809156176;0.4415204221571941;0.36046463475236046;0.6209811008273807;0.8830408443143882
61763.0;448415.22815105465;0.44639932374083513;0.36057851581911543;0.519287812110433;0.8927986474816703
61750.0;331736.84440010384;0.45919347905706376;0.3607131025343714;0.3841682648362661;0.9183869581141275
61728.0;288073.85340010386;0.47054979642497324;0.3609408646678814;0.3336042838580162;0.9410995928499465
61703.0;529831.0843971738;0.4389586814491901;0.3611996852741428;0.6135715455943965;0.8779173628983802
61688.0;510036.87611445;0.4419632389469833;0.36135497763789964;0.5906488380985412;0.8839264778939666
61684.0;387462.9973350494;0.45326143803496616;0.36139638893490145;0.44870200548160194;0.9065228760699323
61672.0;444593.08263222326;0.4463993237408352;0.3615206228259069;0.514861571743384;0.8927986474816704
61671.0;508226.5065322234;0.4389586814491901;0.36153097565015735;0.5885523373544829;0.8779173628983802
61660.0;313912.38700010395;0.46222671666788545;0.3616448567169124;0.36352662979753914;0.9244534333357709
61660.0;475212.3120344489;0.4415204221571941;0.3616448567169124;0.5503202083966268;0.8830408443143882
61654.0;507064.6911310557;0.4389586814491901;0.3617069736624151;0.5872068955856201;0.8779173628983802
61629.0;286500.3618001038;0.47054979642497324;0.3619657942686765;0.3317820999555932;0.9410995928499465
61623.0;277795.1199001039;0.4679025191801179;0.3620279112141792;0.32170098375714823;0.9358050383602358
61623.0;443947.4053322233;0.44639932374083513;0.3620279112141792;0.5141138443438734;0.8927986474816703
61592.0;312280.629300104;0.4651289172732259;0.36234884876594337;0.3616369707656164;0.9302578345464518
61568.0;464809.7029156177;0.44521699674533594;0.3625973165479543;0.5382734539814574;0.8904339934906719
61532.0;509139.81753105565;0.43895868144919004;0.3629700182209707;0.5896099982914577;0.8779173628983801
61494.0;373708.27281961153;0.45542223411074556;0.363363425542488;0.43277332966643234;0.9108444682214911
61413.0;451053.20545222226;0.4463993237408351;0.3642020043067749;0.5223427250017026;0.8927986474816701
61412.0;305275.63500010385;0.4651289172732259;0.36421235713102534;0.3535248284128867;0.9302578345464518
61397.0;440348.26641445;0.445216996745336;0.3643676494947822;0.5099458570482627;0.890433993490672
61391.0;497628.95375105465;0.4389586814491901;0.3644297664402849;0.5762798281889286;0.8779173628983802
61385.0;302439.22240010387;0.4651289172732259;0.36449188338578764;0.35024011727725085;0.9302578345464518
61317.0;290716.9701001039;0.4679025191801178;0.36519587543481863;0.3366651484364894;0.9358050383602357
61297.0;343656.5731001039;0.4560265896903736;0.36540293191982776;0.39797192146740945;0.9120531793807471
61282.0;362370.9628384428;0.4521605687394479;0.3655582242835846;0.41964414375627934;0.9043211374788958
61271.0;285734.94160010386;0.4679025191801178;0.36567210535033956;0.3308957041419586;0.9358050383602357
61234.0;291386.43260010384;0.46222671666788545;0.36605515984760645;0.33744042031641286;0.9244534333357709
61207.0;423557.44133621716;0.4463993237408351;0.36633468610236875;0.4905012212040327;0.8927986474816701
61177.0;291852.3167001039;0.45919347905706376;0.3666452708298824;0.33797993797727294;0.9183869581141275
61165.0;288406.80800010375;0.4651289172732259;0.3667695047208879;0.33398986234623784;0.9302578345464518
61162.0;286246.3342001038;0.4651289172732259;0.36680056319363924;0.3314879229777873;0.9302578345464518
61160.0;418101.13273844303;0.44521699674533594;0.3668212688421401;0.48418253625298774;0.8904339934906719
61134.0;282807.5763001039;0.4651289172732259;0.367090442272652;0.3275056651190803;0.9302578345464518
61038.0;388162.32073561667;0.44521699674533594;0.3680843134006957;0.4495118578145291;0.8904339934906719
61023.0;280225.56470010395;0.4651289172732259;0.3682396057644525;0.3245155633775844;0.9302578345464518
61000.0;487621.5452510546;0.43895868144919015;0.368477720722213;0.5646907363414283;0.8779173628983803
60995.0;452390.84073222324;0.44275308839506666;0.3685294848434653;0.5238917751997023;0.8855061767901333
60979.0;272039.7332001039;0.4679025191801179;0.3686951300314726;0.3150359510382199;0.9358050383602358
60965.0;503313.27003222326;0.43895868144919004;0.368840069570979;0.5828625577210251;0.8779173628983801
60962.0;484492.55863222334;0.43895868144919004;0.36887112804373035;0.5610672094997655;0.8779173628983801
60943.0;274330.81590010395;0.46512891727322586;0.369067831704489;0.3176891422055955;0.9302578345464517
60928.0;273420.7619001038;0.46222671666788545;0.3692231240682458;0.31663525304016504;0.9244534333357709
60909.0;506554.07753105566;0.43501222562704994;0.36941982772900445;0.5866155788717093;0.8700244512540999
60882.0;266744.85450010386;0.4679025191801178;0.3696993539837668;0.3089042101808668;0.9358050383602357
60880.0;264320.1254001039;0.4679025191801179;0.3697200596322677;0.3060962496339174;0.9358050383602358
60880.0;270947.3207001038;0.46222671666788545;0.3697200596322677;0.31377088138528647;0.9244534333357709
60853.0;477448.54249717377;0.43895868144919004;0.36999958588702997;0.5529098778624727;0.8779173628983801
60813.0;471969.3284322233;0.4389586814491901;0.3704136988570482;0.5465646672067044;0.8779173628983802
60805.0;458295.15093222336;0.4389586814491901;0.37049652145105183;0.5307292689628412;0.8779173628983802
60782.0;493967.3390322233;0.43501222562704994;0.3707346364088123;0.5720394907142772;0.8700244512540999
60767.0;439012.58981600514;0.44275308839506666;0.37088992877256916;0.5083990751038727;0.8855061767901333
60762.0;264886.126600104;0.4651289172732259;0.37094169289382145;0.3067517080268266;0.9302578345464518
60762.0;266349.1965001039;0.46222671666788545;0.37094169289382145;0.3084460179423669;0.9244534333357709
60726.0;476731.5220160051;0.43895868144919004;0.37131439456683785;0.5520795314033666;0.8779173628983801
60703.0;258590.36630010387;0.4651289172732259;0.3715525095245983;0.29946089498901096;0.9302578345464518
60677.0;339560.4806001039;0.4560265896903736;0.37182168295511014;0.3932284364584427;0.9120531793807471
60674.0;446708.76151561755;0.4376906569892459;0.3718527414278615;0.5173116363030024;0.8753813139784918
60631.0;367994.0064562162;0.446399323740835;0.37229791287063113;0.4261559164044006;0.89279864748167
60630.0;480223.33309939946;0.43769065698924586;0.37230826569488157;0.5561232275670215;0.8753813139784917
60627.0;350467.2224001039;0.4527232438144536;0.37233932416763293;0.4058590023514179;0.9054464876289072
60625.0;255610.70990010392;0.46222671666788545;0.37236002981613386;0.2960103001928066;0.9244534333357709
60618.0;386853.96401844383;0.44521699674533594;0.37243249958588703;0.44799671369259086;0.8904339934906719
60597.0;442793.8842322233;0.4389586814491901;0.3726499088951466;0.5127780078007834;0.8779173628983802
60571.0;274310.8532001039;0.4622267166678854;0.37291908232565846;0.31766602437605707;0.9244534333357708
60561.0;479538.1999510547;0.43501222562704994;0.373022610568163;0.5553298082733117;0.8700244512540999
60550.0;459861.59881445;0.43369955990497533;0.373136491634918;0.532543295879145;0.8673991198099507
60526.0;254037.21830010385;0.46222671666788545;0.37338495941692895;0.2941881162903836;0.9244534333357709
60519.0;372272.6241184438;0.44521699674533594;0.3734574291866821;0.4311107749042702;0.8904339934906719
60506.0;290089.0950801049;0.45919347905706376;0.373592015901938;0.33593803698945307;0.9183869581141275
60503.0;285024.4938989363;0.45919347905706376;0.3736230743746894;0.3300729692988995;0.9183869581141275
60482.0;441739.18445222225;0.4389586814491901;0.37384048368394895;0.5115566114101024;0.8779173628983802
60438.0;348149.7753384428;0.4521605687394479;0.374296007950969;0.4031752799022634;0.9043211374788958
60435.0;280112.93800010387;0.4560265896903736;0.3743270664237204;0.3243851358877121;0.9120531793807471
60406.0;346120.32845621626;0.45326143803496616;0.3746272983269836;0.40082507641873943;0.9065228760699323
60399.0;348645.48120010394;0.44928043153945346;0.3746997680967368;0.4037493326912681;0.8985608630789069
60367.0;279800.22560010396;0.45919347905706376;0.37503105847275137;0.3240229989043511;0.9183869581141275
60364.0;318015.77463961043;0.44875988480732637;0.37506211694550273;0.36827856295187555;0.8975197696146527
60361.0;268547.5018001039;0.45919347905706376;0.3750931754182541;0.3109917681263977;0.9183869581141275
60359.0;476929.8743310556;0.43090954336093945;0.37511388106675503;0.552309233548261;0.8618190867218789
60317.0;264811.13540010387;0.45919347905706376;0.37554869968527416;0.30666486437449086;0.9183869581141275
60305.0;313024.95580010384;0.4527232438144536;0.3756729335762796;0.36249893899375724;0.9054464876289072
60251.0;436433.39601445;0.4376906569892459;0.3762319860858042;0.5054122365173669;0.8753813139784918
60250.0;428514.406234449;0.4376906569892459;0.37624233891005465;0.4962416405633947;0.8753813139784918
60231.0;266311.7965396105;0.45854784746110333;0.37643904257081334;0.3084027068716485;0.9170956949222067
60216.0;436105.22573222325;0.4309095433609394;0.3765943349345702;0.5050321985142869;0.8618190867218788
60199.0;418451.28019611;0.4428284307077906;0.3767703329468279;0.4845880249513927;0.8856568614155812
60163.0;313627.64760010387;0.44928043153945346;0.3771430346198443;0.36319688698158403;0.8985608630789069
60156.0;392368.53157611104;0.44196323894698336;0.3772155043895975;0.45438286550452606;0.8839264778939667
60127.0;264278.23070010386;0.45919347905706376;0.37751573629286067;0.3060477334245287;0.9183869581141275
60124.0;252701.4203001039;0.46222671666788545;0.37754679476561204;0.292641193756772;0.9244534333357709
60119.0;310535.51200010395;0.45272324381445356;0.37759855888686433;0.35961603550806576;0.9054464876289071
60117.0;426949.14123444894;0.4415204221571941;0.37761926453536526;0.49442898348532316;0.8830408443143882
60113.0;473229.10601444996;0.4298523524112137;0.37766067583236707;0.5480235542010593;0.8597047048224274
60090.0;251280.4001001039;0.46222671666788545;0.37789879079012756;0.2909955795485628;0.9244534333357709
60054.0;249074.42670010385;0.45919347905706376;0.37827149246314395;0.2884409493117994;0.9183869581141275
60042.0;352148.7393196115;0.44521699674533594;0.3783957263541494;0.4078062851093166;0.8904339934906719
59972.0;245179.96530010388;0.45919347905706376;0.3791204240516813;0.2839309634487117;0.9183869581141275
59960.0;245115.37180010387;0.4651289172732259;0.37924465794268675;0.2838561608657801;0.9302578345464518
59958.0;374656.60081844387;0.44152848136754896;0.3792653635911877;0.4338715420837654;0.8830569627350979
59923.0;418107.5239350495;0.43501222562704994;0.37962771243995364;0.4841899375861588;0.8700244512540999
59905.0;244056.12240010392;0.45919347905706376;0.37981406327646183;0.2826294957820065;0.9183869581141275
59892.0;330743.1750001039;0.44640274030710303;0.37994864999171774;0.38301754475297484;0.8928054806142061
59882.0;237758.26600010393;0.46222671666788545;0.38005217823422227;0.2753362553529817;0.9244534333357709
59882.0;458239.5883156177;0.4298523524112137;0.38005217823422227;0.5306649246056453;0.8597047048224274
59827.0;422364.0052510546;0.43501222562704983;0.38062158356799736;0.48911916106278136;0.8700244512540997
59819.0;298631.6508001039;0.4560265896903735;0.380704406162001;0.3458307542550126;0.912053179380747
59815.0;440929.86853105563;0.4266461277958748;0.3807458174590028;0.5106193821020308;0.8532922555917496
59802.0;436158.9626310557;0.4266461277958748;0.3808804041742587;0.5050944285967472;0.8532922555917496
59794.0;272720.6749001039;0.4560265896903736;0.3809632267682624;0.3158245164199661;0.9120531793807471
59783.0;236184.77440010387;0.46222671666788545;0.3810771078350174;0.27351407145055867;0.9244534333357709
59776.0;293024.92440010386;0.4560265896903735;0.3811495776047706;0.3393378777812077;0.912053179380747
59764.0;231657.83120010386;0.45919347905706376;0.38127381149577605;0.26827163925313047;0.9183869581141275
59754.0;297109.7932650544;0.4527232438144536;0.3813773397382806;0.34406836524566026;0.9054464876289072
59752.0;382164.8882650545;0.43808165029175106;0.3813980453867815;0.44256652369026256;0.8761633005835021
59742.0;430476.0240322233;0.4350122256270498;0.38150157362928605;0.49851329449139187;0.8700244512540996
59729.0;300938.90766505443;0.44928043153945346;0.381636160344542;0.34850267593420525;0.8985608630789069
59719.0;337198.4660562161;0.44275308839506666;0.38173968858704654;0.39049310258112097;0.8855061767901333
59684.0;305726.3221396105;0.44875988480732637;0.3821020374358125;0.35404674721476526;0.8975197696146527
59684.0;329945.57392116654;0.44275308839506666;0.3821020374358125;0.3820938818325024;0.8855061767901333
59684.0;428773.4349971738;0.4350122256270498;0.3821020374358125;0.496541609143908;0.8700244512540996
59674.0;371930.13773961045;0.4415204221571942;0.38220556567831704;0.43071415812772734;0.8830408443143885
59665.0;230084.33960010385;0.45919347905706376;0.38229874109657114;0.2664494553507076;0.9183869581141275
59646.0;292713.2484001039;0.45272324381445356;0.38249544475732977;0.33897694100215436;0.9054464876289071
59615.0;275559.43990010396;0.4560265896903735;0.3828163823090939;0.3191119517553449;0.912053179380747
59586.0;449151.1907160051;0.4266461277958747;0.38311661421235715;0.5201400944731978;0.8532922555917494
59577.0;401805.48183444893;0.4336995599049753;0.38320978963061125;0.4653113374764825;0.8673991198099505
59518.0;265300.8418001039;0.4560265896903736;0.3838206062613881;0.30723196947946474;0.9120531793807471
59463.0;395894.1454196115;0.4376906569892459;0.3843900115951632;0.45846570699652117;0.8753813139784918
59462.0;389819.66953561665;0.43769065698924586;0.3844003644194136;0.4514311526516035;0.8753813139784917
59462.0;434788.21291600505;0.4309095433609394;0.3844003644194136;0.5035070301860941;0.8618190867218788
59459.0;368233.56139611005;0.4419632389469833;0.384431422892165;0.4264333333001885;0.8839264778939666
59438.0;361555.2766001039;0.4419632389469833;0.38464883220142454;0.4186995372944914;0.8839264778939666
59429.0;283521.2875001039;0.4527232438144536;0.38474200761967864;0.32833217926101715;0.9054464876289072
59409.0;409059.1519522223;0.4309095433609394;0.38494906410468777;0.47371145916896096;0.8618190867218788
59401.0;268704.1263001039;0.4527232438144536;0.38503188669869143;0.3111731473232266;0.9054464876289072
59387.0;397225.8183522223;0.43090954336093934;0.38517682623819777;0.4600078524907175;0.8618190867218787
59347.0;474218.17511445004;0.4254956282768703;0.385590939208216;0.5491689469012199;0.8509912565537406
59260.0;351524.1860384429;0.44152848136754896;0.38649163491800564;0.4070830204060599;0.8830569627350979
59249.0;497144.42153222323;0.42221710985705163;0.3866055159847606;0.5757187150508859;0.8444342197141033
59248.0;339734.04350010393;0.4419632389469833;0.3866158688090111;0.39342943119043733;0.8839264778939666
59243.0;262553.7991001039;0.4560265896903736;0.38666763293026335;0.30405075326756487;0.9120531793807471
59202.0;392203.4431356166;0.42524011972224546;0.38709209872453204;0.4541916846308912;0.8504802394444909
59195.0;469712.02603222325;0.4222171098570516;0.38716456849428527;0.5439505953577154;0.8444342197141032
59142.0;295175.82427893725;0.4456949209131959;0.38771326817955937;0.3418287300583559;0.8913898418263918
59124.0;265290.0854001039;0.4560265896903735;0.38789961901606757;0.30721951301708006;0.912053179380747
59119.0;251819.22530010392;0.4560265896903736;0.38795138313731986;0.29161956674090617;0.9120531793807471
59088.0;458424.5769160052;0.4222171098570516;0.38827232068908396;0.5308791508841699;0.8444342197141032
59075.0;384298.11043561663;0.4376304081503367;0.3884069074043399;0.4450369042753829;0.8752608163006734
59052.0;381760.0483396106;0.4376906569892459;0.38864502236210036;0.44209769831159396;0.8753813139784918
59042.0;307484.4581356166;0.44152848136754896;0.38874855060460495;0.3560827587894014;0.8830569627350979
59037.0;373654.45625504846;0.43501222562704994;0.3888003147258572;0.4327110073269737;0.8700244512540999
58961.0;450511.98105105467;0.4222171098570517;0.38958712936889184;0.5217159594114662;0.8444342197141034
58947.0;453353.1351971738;0.42221710985705163;0.38973206890839823;0.5250061615004766;0.8444342197141033
58945.0;234109.69780010387;0.4560265896903736;0.3897527745568991;0.2711110264156729;0.9120531793807471
58909.0;444339.54843444895;0.4207621816833346;0.3901254762299155;0.5145679661506385;0.8415243633666692
58908.0;371173.9467522223;0.4350122256270499;0.390135829054166;0.429838450215225;0.8700244512540998
58901.0;328425.10011844384;0.437690656989246;0.39020829882391916;0.38033309525609044;0.875381313978492
58891.0;352606.3411184439;0.42955091781650934;0.3903118270664237;0.4083362114410187;0.8591018356330187
58844.0;249687.84920010396;0.4527232438144536;0.3907984098061951;0.2891513240000941;0.9054464876289072
58822.0;387397.85631999903;0.4266461277958747;0.3910261719397051;0.448626568848186;0.8532922555917494
58818.0;353289.754419999;0.4266461277958748;0.391067583236707;0.40912763906401683;0.8532922555917496
58799.0;437290.1571510547;0.4222171098570516;0.3912642868974656;0.5064044098161267;0.8444342197141032
58744.0;250948.03200010388;0.44928043153945346;0.3918336922312407;0.2906106802573947;0.8985608630789069
58708.0;248931.1827650544;0.4527232438144536;0.3922063939042571;0.28827506549483667;0.9054464876289072
58658.0;259837.92456505436;0.4492804315394534;0.39272403511677983;0.30090563138781184;0.8985608630789068
58653.0;444295.00603105564;0.4176172207153525;0.39277579923803213;0.5145163837650456;0.835234441430705
58630.0;246862.42630010386;0.4527232438144536;0.3930139141957926;0.2858793395001976;0.9054464876289072
58614.0;427674.97225105466;0.4222171098570517;0.3931795593837999;0.49526953299593907;0.8444342197141034
58587.0;373372.14260116767;0.4266461277958747;0.3934590856385622;0.432384073649326;0.8532922555917494
58585.0;237065.66470010392;0.4527232438144536;0.3934797912870631;0.2745341875569685;0.9054464876289072
58575.0;252469.61290010388;0.44569492091319596;0.39358331952956765;0.2923727489091843;0.8913898418263919
58568.0;435563.23153444903;0.42097090182238184;0.3936557892993209;0.5044045414601337;0.8419418036447637
58567.0;437264.59523444896;0.4207621816833346;0.3936661421235713;0.506374807806841;0.8415243633666692
58544.0;285583.80260010384;0.44282843070779065;0.3939042570813318;0.3307206774352204;0.8856568614155813
58509.0;235086.32770010392;0.4492804315394534;0.3942666059300977;0.27224201388481795;0.8985608630789068
58503.0;227025.08710010393;0.4527232438144536;0.39432872287560045;0.2629066841920011;0.9054464876289072
58472.0;224202.21720010389;0.4560265896903736;0.3946496604273646;0.2596376561969268;0.9120531793807471
58419.0;226723.1219001039;0.44928043153945346;0.3951983601126387;0.26255699301695323;0.8985608630789069
58413.0;340678.91791961144;0.4336995599049753;0.39526047705814144;0.3945236441859422;0.8673991198099505
58390.0;426975.0169805681;0.42501713040841205;0.39549859201590193;0.49445894892526676;0.8500342608168241
58385.0;220924.6523001039;0.44928043153945346;0.3955503561371542;0.25584206809214993;0.8985608630789069
58370.0;426251.4627310557;0.4222171098570516;0.39570564850091106;0.4936210360276121;0.8444342197141032
58329.0;413789.0793322232;0.42221710985705163;0.39613011429517975;0.47918895744824447;0.8444342197141033
58314.0;305892.94383961044;0.43808165029175106;0.3962854066589366;0.3542397036814755;0.8761633005835021
58295.0;219649.06920010387;0.4527232438144536;0.3964821103196952;0.25436487749829945;0.9054464876289072
58263.0;288541.04919893626;0.44196323894698336;0.3968134006957098;0.3341453205333388;0.8839264778939667
58196.0;216306.91080010388;0.4527232438144536;0.3975070399204903;0.250494486810591;0.9054464876289072
58192.0;412664.1245971738;0.4222171098570517;0.3975484512174921;0.47788620221957884;0.8444342197141034
58181.0;335868.97275504854;0.43501222562704994;0.39766233228424713;0.3889534812118257;0.8700244512540999
58161.0;266923.80100010394;0.4419632389469833;0.39786938876925626;0.30911143939753055;0.8839264778939666
58078.0;205829.02660010388;0.44928043153945346;0.3987286731820441;0.23836055999414582;0.8985608630789069
58044.0;421580.6011322233;0.4222171098570516;0.39908066920655955;0.48821193894959936;0.8444342197141032
58028.0;216735.7684001039;0.44569492091319596;0.3992463143945668;0.250991125887121;0.8913898418263919
58028.0;441030.6101356166;0.42048257378059295;0.3992463143945668;0.5107360460423629;0.8409651475611859
58001.0;292157.8380001039;0.438081650291751;0.3995258406493291;0.33833374729834415;0.876163300583502
57996.0;328704.25317893724;0.4340461332085858;0.3995776047705814;0.3806563688046389;0.8680922664171716
57988.0;287386.9321001039;0.43808165029175106;0.39966042736458507;0.33280879379306044;0.8761633005835021
57986.0;419878.0120971738;0.4222171098570516;0.39968113301308594;0.4862402536021154;0.8444342197141032
57971.0;344130.32483844284;0.4207621816833346;0.39983642537684283;0.39852055025662325;0.8415243633666692
57917.0;342382.96063621715;0.4266461277958747;0.4003954778863674;0.39649701297115847;0.8532922555917494
57849.0;336747.35773621715;0.4309095433609395;0.40109946993539836;0.38997069603064993;0.861819086721879
57846.0;281843.5077001039;0.4340461332085858;0.4011305284081497;0.3263892242790076;0.8680922664171716
57842.0;459378.93673105567;0.4176172207153524;0.4011719397051516;0.5319843484537689;0.8352344414307048
57832.0;328203.21435621614;0.43090954336093945;0.4012754679476561;0.3800761401734525;0.8618190867218789
57816.0;334192.7822362171;0.4309095433609394;0.4014411131356634;0.387012366698848;0.8618190867218788
57811.0;325007.5711396105;0.4336995599049753;0.4014928772569157;0.376375421575917;0.8673991198099505
57810.0;258406.2073001039;0.4419632389469833;0.4015032300811661;0.29924762943024585;0.8839264778939666
57804.0;401572.142034449;0.42048257378059295;0.40156534702666885;0.4650411180311709;0.8409651475611859
57775.0;244018.49300010398;0.4456949209131959;0.4018655789299321;0.28258591900858254;0.8913898418263918
57730.0;278201.2338396105;0.43769065698924586;0.40233145602120257;0.3221712845093851;0.8753813139784917
57693.0;249311.79020010392;0.4419632389469833;0.40271451051846946;0.28871582840789556;0.8839264778939666
57673.0;397981.0323350496;0.41761722071535257;0.40292156700347853;0.4608824289818742;0.8352344414307051
57649.0;279834.86843961047;0.4252401197222455;0.40317003478548946;0.3240631170876849;0.850480239444491
57638.0;273294.0344001039;0.438081650291751;0.4032839158522445;0.3164884961013329;0.876163300583502
57605.0;278790.03840010386;0.4340461332085858;0.4036255590525095;0.3228531503622465;0.8680922664171716
57563.0;455899.17373222334;0.4128407488477066;0.40406037767102865;0.5279546045894107;0.8256814976954132
57534.0;421809.28125504847;0.4176172207153525;0.4043606095742919;0.4884767622499691;0.835234441430705
57506.0;224881.85783961054;0.44152848136754896;0.4046504886533046;0.2604247148839522;0.8830569627350979
57484.0;271848.5364001039;0.43404613320858587;0.40487825078681466;0.31481453534642034;0.8680922664171717
57480.0;322124.3749356166;0.42524011972224546;0.40491966208381647;0.37303653262954806;0.8504802394444909
57479.0;220986.4821001039;0.44196323894698325;0.4049300149080669;0.2559136701688627;0.8839264778939665
57447.0;206019.80750010393;0.44569492091319596;0.4052613052840815;0.23858149405243367;0.8913898418263919
57438.0;364064.8623184439;0.42048257378059295;0.4053544807023356;0.42160576615374273;0.8409651475611859
57417.0;453964.83983105567;0.40788149071685376;0.40557189001159516;0.5257145468117786;0.8157629814337075
57412.0;372073.14071999904;0.4176172207153526;0.40562365413284746;0.43087976290684565;0.8352344414307052
57398.0;378947.3661350495;0.4176172207153525;0.4057685936723538;0.43884046818988076;0.835234441430705
57396.0;431096.25533222326;0.4176172207153524;0.4057892993208547;0.4992315541189862;0.8352344414307048
57352.0;248156.4555562161;0.4389586814491901;0.4062448235878748;0.287377891688053;0.8779173628983802
57320.0;435642.21701600513;0.4128407488477066;0.4065761139638894;0.5044960106951882;0.8256814976954132
57314.0;253086.21223961053;0.43763040815033666;0.4066382309093921;0.29308680254041664;0.8752608163006733
57293.0;429980.79201445;0.41128284528949133;0.40685564021865167;0.49793979043789016;0.8225656905789827
57280.0;252399.83770010388;0.43404613320858587;0.4069902269339076;0.2922919456521295;0.8680922664171717
57244.0;366118.06979939947;0.41611170776318734;0.40736292860692397;0.42398348562814697;0.8322234155263747
57146.0;410537.73191561765;0.4161117077631873;0.4083775053834686;0.4754237305326874;0.8322234155263746
57063.0;249494.37105621613;0.43090954336093945;0.40923678979625644;0.2889272663951707;0.8618190867218789
57046.0;297530.7524384428;0.42524011972224546;0.40941278780851414;0.34455585753943896;0.8504802394444909
57040.0;212554.00010010393;0.4419632389469833;0.4094749047540169;0.24614842391151323;0.8839264778939666
56984.0;222167.8579001039;0.438081650291751;0.4100546629120424;0.2572817638818968;0.876163300583502
56946.0;421454.69883105566;0.4078814907168537;0.4104480702335597;0.48806613763330015;0.8157629814337074
56945.0;325132.07733961055;0.425017130408412;0.41045842305781016;0.3765196061355245;0.850034260816824
56944.0;378339.4433;0.4128407488477066;0.4104687758820606;0.4381364623954154;0.8256814976954132
56929.0;358597.02793621714;0.4176172207153525;0.4106240682458175;0.41527373375369175;0.835234441430705
56916.0;278537.85373961047;0.4295509178165093;0.4107586549610734;0.32256110760282597;0.8591018356330186
56905.0;352000.92423844285;0.4112828452894915;0.4108725360278284;0.40763510767091093;0.822565690578983
56904.0;408395.1198156176;0.41088577408531823;0.41088288885207885;0.4729424759281146;0.8217715481706365
56866.0;218053.96530010388;0.438081650291751;0.4112762961735962;0.2525176654450086;0.876163300583502
56814.0;294826.3944184439;0.4207621816833346;0.41181464303461984;0.34142407237424954;0.8415243633666692
56790.0;248097.62336505443;0.4340461332085858;0.4120631108166308;0.28730976099598;0.8680922664171716
56741.0;376519.4031184439;0.4112828452894912;0.41257039920490307;0.43602876260178813;0.8225656905789824
56736.0;207511.48760010386;0.4419632389469833;0.41262216332615537;0.24030893604563178;0.8839264778939666
56718.0;218609.3737001039;0.4340461332085858;0.41280851416266356;0.25316085683271633;0.8680922664171716
56709.0;248904.44620010388;0.42985235241121383;0.41290168958091766;0.2882441031825759;0.8597047048224277
56688.0;414713.0695960062;0.4078814907168537;0.4131190988901772;0.4802589855212643;0.8157629814337074
56647.0;344543.42063621717;0.41761722071535257;0.4135435646844459;0.398998936358502;0.8352344414307051
56605.0;327188.59195621614;0.4176172207153526;0.41397838330296505;0.3789011554424773;0.8352344414307052
56559.0;198580.89020010387;0.438081650291751;0.414454613218486;0.22996684663041037;0.876163300583502
56500.0;211342.5057396105;0.4295509178165093;0.41506542984926287;0.24474545136207776;0.8591018356330186
56473.0;391301.7734510547;0.4078814907168537;0.41534495610402516;0.45314750493237144;0.8157629814337074
56445.0;199972.4290001039;0.4340461332085858;0.41563483518303795;0.2315783198667193;0.8680922664171716
56441.0;192480.45540010388;0.4340461332085858;0.41567624648003976;0.22290223053055927;0.8680922664171716
56326.0;265896.71990010387;0.4267297407443719;0.4168668212688421;0.30792202685354053;0.8534594814887438
56269.0;347669.7048550485;0.4128407488477067;0.41745693225111813;0.4026193336824872;0.8256814976954134
56262.0;444669.44479600614;0.40273269387872657;0.4175294020208713;0.5149500030420318;0.8054653877574531
56237.0;330110.28345621616;0.4176172207153525;0.41778822262713267;0.3822846239142161;0.835234441430705
56225.0;334892.17813844286;0.4161117077631873;0.41791245651813813;0.38782230299241083;0.8322234155263746
56197.0;324314.53829999996;0.4128407488477067;0.4182023355971509;0.37557285403492174;0.8256814976954134
56181.0;439733.10953105567;0.40273269387872657;0.4183679807851582;0.5092334738551234;0.8054653877574531
56162.0;342735.364719999;0.40788149071685376;0.4185646844459168;0.39690511495823955;0.8157629814337075
56114.0;324295.21655504854;0.41761722071535246;0.4190616200099387;0.3755504784641738;0.8352344414307049
56099.0;323725.99715504854;0.41761722071535257;0.41921691237369557;0.37489129323075604;0.8352344414307051
56093.0;454627.31501445;0.4005428648656924;0.4192790293191983;0.5264817270210252;0.8010857297313848
56074.0;270577.6101396104;0.4161117077631873;0.41947573297995694;0.3133427376113465;0.8322234155263746
55978.0;192242.3787001039;0.438081650291751;0.42046960410800066;0.22262652551231707;0.876163300583502
55950.0;314784.624519999;0.4128407488477068;0.4207594831870134;0.3645367255411974;0.8256814976954135
55930.0;325810.1276184438;0.4112828452894912;0.4209665396720225;0.37730482310339597;0.8225656905789824
55922.0;418483.135734449;0.40633154666022847;0.4210493622660262;0.48462491529714624;0.8126630933204569
55915.0;417596.98573105567;0.3973869910520175;0.42112183203577935;0.4835987081846867;0.794773982104035
55901.0;259815.8190396105;0.425017130408412;0.42126677157528575;0.30088003205660574;0.850034260816824
55887.0;413932.6875322233;0.40273269387872657;0.42141171111479214;0.4793552631026859;0.8054653877574531
55875.0;403421.0404184439;0.40633154666022847;0.4215359450057976;0.4671822371019885;0.8126630933204569
55870.0;303906.8496184438;0.41128284528949133;0.42158770912704985;0.3519397048009572;0.8225656905789827
55860.0;181764.49450010387;0.4340461332085858;0.42169123736955444;0.21049259869587184;0.8680922664171716
55810.0;192671.2363001039;0.4298523524112138;0.4222088785820772;0.22312316458884707;0.8597047048224276
55673.0;228858.81356505444;0.4254956282768704;0.4236272155043896;0.2650302334031184;0.8509912565537407
55589.0;227715.84000010393;0.4254956282768703;0.42449685274142784;0.2637066114460976;0.8509912565537406
55586.0;377476.0876196116;0.40581105224683156;0.4245279112141792;0.4371366522770334;0.8116221044936631
55568.0;394759.97693105566;0.3973869910520175;0.4247142620506874;0.4571522817691595;0.794773982104035
55550.0;381676.51463621715;0.40273269387872657;0.4249006128871956;0.4420009620025896;0.8054653877574531
55533.0;380514.69923504954;0.40273269387872657;0.42507661089945337;0.44065552023372684;0.8054653877574531
55469.0;210797.33050010394;0.4298523524112136;0.42573919165148255;0.24411411049859405;0.8597047048224272
55455.0;241374.16907893724;0.4209709018223819;0.4258841311909889;0.27952365640613724;0.8419418036447638
55442.0;390794.15291445;0.3956594109076248;0.42601871790624485;0.4525596543392444;0.7913188218152496
55437.0;248385.83079893628;0.41627269471912015;0.4260704820274971;0.28764351997288085;0.8325453894382403
55427.0;357295.61750116764;0.4078814907168537;0.4261740102700017;0.4137666337823971;0.8157629814337074
55404.0;379666.9823184439;0.40054286486569235;0.4264121252277621;0.4396738206051744;0.8010857297313847
55401.0;367936.1011362172;0.40273269387872657;0.4264431837005135;0.4260888590766291;0.8054653877574531
55378.0;367893.05285504856;0.40273269387872657;0.426681298658274;0.42603900696113484;0.8054653877574531
55374.0;223268.6262001039;0.4209709018223819;0.4267227099552758;0.2585565099794021;0.8419418036447638
55370.0;210980.9990001039;0.4254956282768704;0.42676412125227764;0.24432680803322473;0.8509912565537407
55349.0;361763.6685196116;0.4010639436305706;0.4269815305615372;0.41894086581580153;0.8021278872611411
55341.0;341498.022519999;0.40788149071685376;0.4270643531555408;0.3954722092861479;0.8157629814337075
55337.0;237562.72087893725;0.41627269471912015;0.42710576445254267;0.2751098040824523;0.8325453894382403
55320.0;196551.27430010395;0.4254956282768704;0.4272817624648004;0.22761644741564402;0.8509912565537407
55300.0;361117.9912196115;0.4010639436305706;0.4274888189498095;0.41819313841629074;0.8021278872611411
55280.0;370069.04853504954;0.3973869910520175;0.42769587543481863;0.42855892146200636;0.794773982104035
55261.0;196921.9500001039;0.4254956282768703;0.42789257909557726;0.22804570887058873;0.8509912565537406
55252.0;359485.1831362172;0.40273269387872657;0.42798575451383136;0.4163022629865731;0.8054653877574531
55242.0;350476.2194033934;0.4010639436305706;0.42808928275633595;0.40586942134225595;0.8021278872611411
55203.0;349900.3230550486;0.40273269387872657;0.4284930429021037;0.4052025038605115;0.8054653877574531
55199.0;308050.6958184438;0.41128284528949105;0.4285344541991055;0.3567384910415423;0.8225656905789821
55156.0;202130.52673961053;0.4161117077631873;0.4289796256418751;0.2340775076353634;0.8322234155263746
55150.0;297704.07911844377;0.4062692334036498;0.4290417425873778;0.3447565787165703;0.8125384668072996
55134.0;276530.00861961144;0.41577411445982004;0.42920738777538514;0.32023592006688956;0.8315482289196401
55128.0;349812.0509362172;0.40273269387872657;0.4292695047208879;0.4051002802236218;0.8054653877574531
55115.0;344965.9466196115;0.40581105224683156;0.4294040914361438;0.3994882430985549;0.8116221044936631
55115.0;345041.1450362171;0.40273269387872657;0.4294040914361438;0.39957532671833806;0.8054653877574531
55090.0;196696.59450010394;0.4254956282768703;0.42966291204240514;0.22778473565381246;0.8509912565537406
55084.0;187991.35260010388;0.4209709018223819;0.4297250289879079;0.2177036194553673;0.8419418036447638
54989.0;334155.7538196115;0.4010639436305706;0.43070854729170116;0.38696948589499053;0.8021278872611411
54985.0;270459.1417562161;0.40788149071685376;0.430749958588703;0.3132055451527613;0.8157629814337075
54983.0;267511.2954396105;0.41128284528949133;0.4307706642372039;0.3097917880631553;0.8225656905789827
54955.0;355216.7279550485;0.3973869910520175;0.4310605433162167;0.4113591731605205;0.794773982104035
54933.0;285914.57201844384;0.4062692334036498;0.4312883054497267;0.3311037253711057;0.8125384668072996
54831.0;268021.7801396105;0.41128284528949116;0.43234429352327314;0.310382955504261;0.8225656905789823
54829.0;328607.8502196114;0.4010639436305706;0.43236499917177407;0.3805447292378122;0.8021278872611411
54809.0;224471.63325621613;0.41284074884770666;0.4325720556567832;0.25994965379545354;0.8256814976954133
54803.0;363543.2625350495;0.3973869910520174;0.4326341726022859;0.4210017268765019;0.7947739821040348
54799.0;279684.8709384428;0.4062692334036498;0.43267558389928773;0.3238894122950878;0.8125384668072996
54792.0;257709.11011844382;0.4112828452894914;0.4327480536690409;0.2984403551728902;0.8225656905789828
54715.0;326918.9322362172;0.40273269387872657;0.433545221136326;0.3785888756686838;0.8054653877574531
54704.0;182389.0332001039;0.4209709018223819;0.433659102203081;0.21121584651338812;0.8419418036447638
54703.0;326225.08323621715;0.40273269387872657;0.43366945502733145;0.3777853629721354;0.8054653877574531
54697.0;321585.2910550485;0.40273269387872657;0.4337315719728342;0.37241224587185146;0.8054653877574531
54686.0;340855.63883621723;0.3973869910520174;0.4338454530395892;0.39472829606299104;0.7947739821040348
54679.0;431502.26979600615;0.3918363233354998;0.4339179228093424;0.49970173967323767;0.7836726466709996
54678.0;246845.51970010388;0.41139506346750504;0.4339282756335928;0.2858597607910614;0.8227901269350101
54670.0;321902.61041844386;0.3956594109076249;0.4340110982275965;0.3727797179548966;0.7913188218152498
54651.0;423602.5213322233;0.3918363233354997;0.4342078018883551;0.490553426149419;0.7836726466709995
54650.0;200065.70035621614;0.4176172207153525;0.4342181547126056;0.23168633287655352;0.835234441430705
54637.0;320456.65305504855;0.40273269387872657;0.4343527414278615;0.37110522523363343;0.8054653877574531
54593.0;421899.93229717383;0.3918363233354997;0.43480826569488157;0.4885817408019351;0.7836726466709995
54576.0;253360.7073396105;0.4112828452894912;0.43498426370713933;0.2934046819320282;0.8225656905789824
54548.0;195326.44380010394;0.41627269471912015;0.43527414278615206;0.226198030933283;0.8325453894382403
54527.0;315361.3231562161;0.40273269387872657;0.4354915520954116;0.36520457211340923;0.8054653877574531
54500.0;194544.84160010394;0.41627269471912015;0.4357710783501739;0.2252928955344424;0.8325453894382403
54494.0;312489.79315504857;0.40273269387872657;0.43583319529567666;0.36187919322771833;0.8054653877574531
54478.0;311131.31471961155;0.4010639436305706;0.4359988404836839;0.3603060055876687;0.8021278872611411
54478.0;413283.7118322233;0.39183632333549967;0.4359988404836839;0.478603715986957;0.7836726466709993
54470.0;360004.59353504947;0.3918363233354997;0.4360816630776876;0.4169037668443015;0.7836726466709995
54430.0;231584.86710010387;0.411395063467505;0.43649577604770584;0.2681871430864685;0.82279012693501
54400.0;179507.1769396105;0.4161117077631873;0.4368063607752195;0.20787850929025473;0.8322234155263746
54345.0;307050.2898384428;0.3956594109076249;0.43737576610899453;0.35557996965341077;0.7913188218152498
54341.0;174516.35810010388;0.4209709018223819;0.43741717740599634;0.2020988853321364;0.8419418036447638
54278.0;176195.4192001039;0.41627269471912015;0.43806940533377503;0.20404332412520307;0.8325453894382403
54278.0;228723.3069001039;0.4113950634675051;0.43806940533377503;0.2648733097414071;0.8227901269350102
54277.0;294802.7997396105;0.4010639436305706;0.4380797581580255;0.34139674852711044;0.8021278872611411
54227.0;175907.8969001039;0.41627269471912015;0.4385973993705483;0.20371035856844533;0.8325453894382403
54223.0;168415.92330010387;0.41627269471912015;0.4386388106675501;0.19503426923228528;0.8325453894382403
54194.0;324009.5439993995;0.39565941090762474;0.43893904257081334;0.37521965500615995;0.7913188218152495
54189.0;292153.7655396106;0.4010639436305706;0.4389908066920656;0.3383290311804099;0.8021278872611411
54185.0;267405.013384562;0.41128284528949116;0.43903221798906744;0.3096687079972523;0.8225656905789823
54182.0;222946.2826396105;0.4112828452894912;0.4390632764618188;0.258183219618665;0.8225656905789824
54147.0;290505.4405396105;0.4010639436305706;0.4394256253105847;0.33642018636613735;0.8021278872611411
54139.0;335951.95258339436;0.3842186768309598;0.4395084479045884;0.38904957610514296;0.7684373536619196
54089.0;286928.2511396105;0.40581105224683156;0.44002608911711116;0.33227761773685593;0.8116221044936631
54041.0;241079.97393844282;0.4062692334036498;0.440523024681133;0.279182963358154;0.8125384668072996
54005.0;205708.9128001039;0.411395063467505;0.4408957263541494;0.238221462058816;0.82279012693501
53987.0;319301.09413844295;0.39004735313571587;0.4410820771906576;0.3697670287944913;0.7800947062714317
53976.0;280888.96423961053;0.4010639436305706;0.44119595825741265;0.3252838140385753;0.8021278872611411
53944.0;305402.8715350495;0.3973869910520175;0.4415272486334272;0.35367217484027025;0.794773982104035
53923.0;304259.7614184438;0.4005428648656925;0.44174465794268675;0.3523483947494355;0.801085729731385
53920.0;304604.07343504956;0.3973869910520174;0.4417757164154381;0.35274712570806904;0.7947739821040348
53910.0;279118.1805989363;0.4010751040220532;0.4418792446579427;0.3232331558433168;0.8021502080441064
53895.0;315780.5967384429;0.39004735313571565;0.44203453702169954;0.36569011240624893;0.7800947062714313
53839.0;266444.92613961047;0.4010639436305706;0.442614295179725;0.3085568777703403;0.8021278872611411
53806.0;302025.51751844387;0.39565941090762474;0.4429559383799901;0.34976102582502155;0.7913188218152495
53804.0;300090.5374384429;0.40054286486569235;0.44297664402849096;0.34752021973918873;0.8010857297313847
53804.0;300165.73585504846;0.3973869910520175;0.44297664402849096;0.3476073033589719;0.794773982104035
53779.0;213783.39420010388;0.4113950634675049;0.4432354646347524;0.2475721252765244;0.8227901269350097
53768.0;328500.3637833944;0.3842186768309598;0.44334934570150736;0.38042025443680055;0.7684373536619196
53763.0;219013.4535396105;0.4108857740853183;0.44340110982275965;0.25362880199292087;0.8217715481706366
53759.0;299013.650619999;0.3973869910520174;0.44344252111976146;0.3462731296210719;0.7947739821040348
53740.0;227296.16773961048;0.4062692334036498;0.44363922478052015;0.2632206094633958;0.8125384668072996
53721.0;384357.9423794004;0.3842186768309597;0.4438359284412788;0.44510619273222213;0.7684373536619195
53706.0;295814.0133550485;0.3973869910520174;0.4439912208050356;0.3425677857108882;0.7947739821040348
53686.0;260607.0811396105;0.4010639436305706;0.44419827729004474;0.3017963541146436;0.8021278872611411
53657.0;295168.33605504845;0.39738699105201747;0.4444985091933079;0.34182005831137746;0.7947739821040349
53656.0;291784.6982550485;0.3973869910520174;0.4445088620175584;0.33790163235296145;0.7947739821040348
53632.0;298153.8854789373;0.3956180456076983;0.44475732979956933;0.3452774775312184;0.7912360912153966
53580.0;291848.18933844287;0.39565941090762474;0.445295676660593;0.33797515828097313;0.7913188218152495
53567.0;280157.71623844287;0.39565941090762474;0.44543026337584896;0.32443699138225696;0.7913188218152495
53548.0;291174.9211384428;0.39004735313571576;0.4456269670366076;0.3371954792054361;0.7800947062714315
53519.0;291070.63953844283;0.39004735313571576;0.4459271989398708;0.33707471576898757;0.7800947062714315
53456.0;275255.4899384429;0.3956594109076248;0.4465794268676495;0.3187599621245894;0.7913188218152496
53454.0;193539.30970010388;0.41139506346750493;0.4466001325161504;0.224128438068287;0.8227901269350099
53401.0;212324.24550010395;0.4113950634675049;0.44714883220142454;0.24588235631151614;0.8227901269350097
53382.0;323351.2697350495;0.38607185031019237;0.44734553586218323;0.3744573396764322;0.7721437006203847
53357.0;270580.49753844284;0.39565941090762485;0.4476043564684446;0.3133460813671519;0.7913188218152497
53340.0;435172.47639600607;0.38008384418169544;0.44778035448070236;0.5039520269865516;0.7601676883633909
53318.0;404683.78457940044;0.38406756302270895;0.44800811661421236;0.46864455954652745;0.7681351260454179
53308.0;321080.48413621716;0.3860718503101924;0.4481116448567169;0.37182765359228276;0.7721437006203848
53301.0;411727.1150960061;0.38008384418169555;0.4481841146264701;0.4768010972025294;0.7601676883633911
53272.0;316266.5299550485;0.38607185031019237;0.4484843465297333;0.36625284797150476;0.7721437006203847
53260.0;253881.60485621617;0.40273269387872657;0.44860858042073876;0.2940079079483418;0.8054653877574531
53258.0;313678.1375350495;0.38607185031019237;0.4486292860692397;0.36325535691348093;0.7721437006203847
53253.0;211122.90670010395;0.4113950634675049;0.448681050190492;0.24449114442152825;0.8227901269350097
53251.0;184443.8118001039;0.41139506346750493;0.44870175583899286;0.21359538542415385;0.8227901269350099
53246.0;0.0;0.3009568440770061;0.44875351996024515;0.0;0.6019136881540122
52219.0;0.0;0.2911669977675984;0.459385870465463;0.0;0.5823339955351968
52023.0;0.0;0.29116699776759836;0.4614150240185523;0.0;0.5823339955351967
51187.0;0.0;0.28085210497759894;0.4700699850919331;0.0;0.5617042099551979
49964.0;0.0;0.26995198617688826;0.48273148915024017;0.0;0.5399039723537765
49040.0;0.0;0.2699519861768882;0.4922974987576611;0.0;0.5399039723537764
48631.0;0.0;0.25839258987148134;0.4965318038760974;0.0;0.5167851797429627
48149.0;0.0;0.2583925898714813;0.501521865164817;0.0;0.5167851797429626
47162.0;0.0;0.24608102699981427;0.5117401027000166;0.0;0.49216205399962853
46821.0;0.0;0.24608102699981418;0.5152704157694219;0.0;0.49216205399962837
46384.0;0.0;0.24608102699981407;0.5197945999668709;0.0;0.49216205399962815
45651.0;0.0;0.24608102699981405;0.5273832201424549;0.0;0.4921620539996281
45593.0;0.0;0.232898043974657;0.5279836839489813;0.0;0.465796087949314
45206.0;0.0;0.23289804397465694;0.5319902269339075;0.0;0.4657960879493139
43783.0;0.0;0.21868610292907464;0.5467222958423058;0.0;0.4373722058581493
43637.0;0.0;0.21868610292907456;0.5482338081828723;0.0;0.4373722058581491
42593.0;0.0;0.21868610292907448;0.5590421567003478;0.0;0.43737220585814895
41827.0;0.0;0.2032294516809432;0.5669724200761967;0.0;0.4064589033618864
41124.0;0.0;0.20322945168094295;0.574250455524267;0.0;0.4064589033618859
39555.0;0.0;0.18621840439632775;0.5904940367732318;0.0;0.3724368087926555
38391.0;0.0;0.18621840439632772;0.602544724200762;0.0;0.37243680879265545
38075.0;0.0;0.18621840439632767;0.605816216663906;0.0;0.37243680879265534
37237.0;0.0;0.18110700993677661;0.6144918833857876;0.0;0.36221401987355323
36119.0;0.0;0.16717913724636344;0.6260663408977969;0.0;0.33435827449272687
33801.0;0.0;0.16141922123995026;0.6500641875103528;0.0;0.3228384424799005
32028.0;0.0;0.15394919975017193;0.6684197449064104;0.0;0.30789839950034387
30108.0;0.0;0.1453166178181595;0.6882971674672851;0.0;0.290633235636319
20285.0;0.0;0.1453166178181594;0.7899929600795097;0.0;0.2906332356363188
20274.0;0.0;0.14531661781815933;0.7901068411462647;0.0;0.29063323563631865
18061.0;0.0;0.1453166178181592;0.8130176412125227;0.0;0.2906332356363184
16017.0;0.0;0.13421853870821918;0.8341788139804539;0.0;0.26843707741643835
9259.0;0.0;0.12407329231698694;0.9041432002650323;0.0;0.24814658463397388
2501.0;0.0;0.11908593782191977;0.9741075865496107;0.0;0.23817187564383954
