70509.0;687691.1327961099;0.49895081681725745;0.27003271492463143;0.7963815707818468;0.9979016336345149
70150.0;746097.9503961102;0.4970801343920781;0.27374937883054495;0.8640196584732404;0.9941602687841562
69926.0;671176.4530961099;0.4962464564310941;0.276068411462647;0.7772567254359866;0.9924929128621882
69713.0;699111.1050961103;0.4942608356062636;0.27827356302799405;0.8096064838930297;0.9885216712125272
69632.0;719078.3468761109;0.49426083560626355;0.27911214179228094;0.8327295730453983;0.9885216712125271
69453.0;680810.63889611;0.49310761117104446;0.2809652973331125;0.7884136062720275;0.9862152223420889
69199.0;702884.1314522224;0.4911249915035026;0.2835949146927282;0.8139758417526616;0.9822499830070052
69009.0;637244.0745356164;0.4889969918839256;0.28556195130031475;0.7379612922834669;0.9779939837678512
68680.0;655862.7060522224;0.486895628658429;0.2889680304787146;0.7595226216446805;0.973791257316858
68538.0;643399.7144522222;0.4852643848743047;0.29043813152227926;0.7450898387371949;0.9705287697486094
68379.0;616708.240632223;0.4835206085962977;0.29208423057810173;0.7141797443161348;0.9670412171925954
68179.0;605979.4527522221;0.48166307761377886;0.2941547954281928;0.70175525818132;0.9633261552275577
67751.0;627151.1924322232;0.4776013611809573;0.2985858042073878;0.7262732176233573;0.9552027223619146
67453.0;605275.0375522221;0.4796904704333484;0.30167094583402354;0.7009395092837334;0.9593809408666968
67311.0;592812.0459522221;0.4776013611809573;0.3031410468775882;0.6865067263762479;0.9552027223619146
67152.0;587589.7974396104;0.48866931438199773;0.3047871459334106;0.6804590949976418;0.9773386287639955
66932.0;575878.2087156174;0.4777541788743596;0.30706476726851084;0.6668964751243248;0.9555083577487192
66639.0;585128.3895510546;0.4730673766219944;0.3100981447738943;0.6776086585340324;0.9461347532439888
66501.0;571646.9329398939;0.4730728697201034;0.3115268345204572;0.6619964409549429;0.9461457394402067
66242.0;562731.2010510548;0.4730673766219944;0.31420821600132515;0.6516715665633915;0.9461347532439888
65957.0;612079.2199322232;0.4706190738471958;0.317158770912705;0.708819101143002;0.9412381476943916
65819.0;523419.4018156176;0.46974232687488465;0.31858746065926785;0.6061464886143929;0.9394846537497693
65216.0;572549.5595322233;0.4625256061430544;0.32483021368229253;0.6630417288016918;0.9250512122861088
65044.0;483630.8233845619;0.4754737163124691;0.3266108994533709;0.5600692759255163;0.9509474326249382
64803.0;488900.84251999913;0.4706190738471958;0.32910593009773065;0.5661722281332398;0.9412381476943916
64629.0;552368.8133993994;0.4679025191801179;0.33090732151730995;0.6396713906682597;0.9358050383602358
64390.0;540112.3635761109;0.46790251918011794;0.3333816465131688;0.6254777937219206;0.9358050383602359
64203.0;525546.4384344489;0.4647378247853528;0.33531762464800396;0.608609706013646;0.9294756495707056
63646.0;501065.85045989277;0.4622267166678854;0.3410841477555077;0.5802599306928982;0.9244534333357708
63463.0;547312.6780322233;0.4532614380349661;0.34297871459334106;0.6338161268241188;0.9065228760699322
63440.0;482935.42949610995;0.4679025191801179;0.34321682955110155;0.5592639741689767;0.9358050383602358
63058.0;471874.69561999897;0.45957094005100174;0.34717160841477557;0.5464550775609279;0.9191418801020035
62835.0;515425.7493510546;0.44990099008373685;0.3494802882226271;0.5968894294457963;0.8998019801674737
62323.0;419790.0339384428;0.45854784746110333;0.35478093423886037;0.4861383703860853;0.9170956949222067
62184.0;511336.955139894;0.44928043153945335;0.35621997680967366;0.5921543962292879;0.8985608630789067
61701.0;369549.9392001038;0.4681087768210397;0.3612203909226437;0.42795776625168586;0.9362175536420794
61494.0;373708.27281961153;0.45542223411074556;0.363363425542488;0.43277332966643234;0.9108444682214911
61119.0;429499.9205610604;0.4527232438144536;0.3672457346364088;0.49738291665381584;0.9054464876289072
60765.0;333413.3654001038;0.46541328519731423;0.3709106344210701;0.38610976206337166;0.9308265703946285
60726.0;476731.5220160051;0.43895868144919004;0.37131439456683785;0.5520795314033666;0.8779173628983801
60297.0;462500.42349939945;0.44196323894698336;0.37575575617028323;0.5355991900842562;0.8839264778939667
60220.0;410271.0710550485;0.4463993237408351;0.3765529236375683;0.47511492359178265;0.8927986474816701
59890.0;451296.2493522223;0.43895868144919004;0.37996935564021866;0.5226241822920766;0.8779173628983801
59625.0;437799.04121961154;0.4415204221571942;0.3827128540665894;0.5069937236440007;0.8830408443143885
59172.0;395252.138219999;0.43090954336093945;0.3874026834520457;0.4577222297613243;0.8618190867218789
58706.0;361248.91361961147;0.4376906569892459;0.392227099552758;0.4183447532642801;0.8753813139784918
58323.0;231766.8006001039;0.4527232438144536;0.3961922312406825;0.2683978314021936;0.9054464876289072
57873.0;447531.08139939955;0.4298523524112137;0.4008510021533874;0.5182639248661379;0.8597047048224274
57822.0;340361.1575562162;0.43501222562704994;0.40137899619016065;0.39415566140229924;0.8700244512540999
57551.0;507191.1206156176;0.420970901822382;0.4041846115620341;0.5873533074073041;0.841941803644764
57040.0;212554.00010010393;0.4419632389469833;0.4094749047540169;0.24614842391151323;0.8839264778939666
56916.0;278537.85373961047;0.4295509178165093;0.4107586549610734;0.32256110760282597;0.8591018356330186
56560.0;394156.9927156175;0.42048257378059284;0.41444426039423554;0.4564539951492713;0.8409651475611857
56559.0;202958.33960010388;0.438081650291751;0.414454613218486;0.23503615734700445;0.876163300583502
56453.0;382944.74201600516;0.4176172207153525;0.4155520125890343;0.4434696342955091;0.835234441430705
56441.0;192480.45540010388;0.4340461332085858;0.41567624648003976;0.22290223053055927;0.8680922664171716
56278.0;398602.0721510546;0.41284074884770683;0.41736375683286403;0.4616016249124328;0.8256814976954137
56012.0;242573.1958001039;0.4340461332085857;0.4201176080834852;0.2809121907903594;0.8680922664171714
55626.0;223355.48690010392;0.4298523524112136;0.424113798244161;0.2586570991209604;0.8597047048224272
55476.0;412390.0711322233;0.40273269387872657;0.4256667218817293;0.477568834263985;0.8054653877574531
55427.0;357295.61750116764;0.4078814907168537;0.4261740102700017;0.4137666337823971;0.8157629814337074
55373.0;262835.9044001039;0.4254956282768703;0.4267330627795263;0.30437744566074204;0.8509912565537406
55141.0;292750.28343961044;0.42501713040841205;0.4291349180056319;0.3390198294756705;0.8500342608168241
54908.0;308463.6114384428;0.41577411445982004;0.43154712605598805;0.35721666848832445;0.8315482289196401
54723.0;349418.3547156176;0.4010639436305706;0.4334623985423223;0.404644359826194;0.8021278872611411
54704.0;182389.0332001039;0.4209709018223819;0.433659102203081;0.21121584651338812;0.8419418036447638
54519.0;257421.73709893628;0.411395063467505;0.4355743746894153;0.2981075624905922;0.82279012693501
54485.0;331302.6347011676;0.39738699105201747;0.43592637071393076;0.3836654277549131;0.7947739821040349
54341.0;174516.35810010388;0.4209709018223819;0.43741717740599634;0.2020988853321364;0.8419418036447638
54223.0;168415.9233001039;0.41627269471912015;0.4386388106675501;0.1950342692322853;0.8325453894382403
54194.0;324009.5439993995;0.39565941090762474;0.43893904257081334;0.37521965500615995;0.7913188218152495
54139.0;335951.95258339436;0.3842186768309598;0.4395084479045884;0.38904957610514296;0.7684373536619196
54118.0;321555.65895222226;0.40273269387872657;0.43972585721384794;0.372377930378356;0.8054653877574531
53738.0;311457.33390339336;0.4063315466602284;0.443659930429021;0.3606835525085218;0.8126630933204568
53519.0;291070.63953844283;0.39004735313571576;0.4459271989398708;0.33707471576898757;0.7800947062714315
53484.0;285126.5502384429;0.4010639436305706;0.4462895477886367;0.3301911557696688;0.8021278872611411
53246.0;0.0;0.3009568440770061;0.44875351996024515;0.0;0.6019136881540122
52219.0;0.0;0.2911669977675984;0.459385870465463;0.0;0.5823339955351968
52023.0;0.0;0.29116699776759836;0.4614150240185523;0.0;0.5823339955351967
51187.0;0.0;0.28085210497759894;0.4700699850919331;0.0;0.5617042099551979
49964.0;0.0;0.26995198617688826;0.48273148915024017;0.0;0.5399039723537765
49040.0;0.0;0.2699519861768882;0.4922974987576611;0.0;0.5399039723537764
48631.0;0.0;0.25839258987148134;0.4965318038760974;0.0;0.5167851797429627
48149.0;0.0;0.2583925898714813;0.501521865164817;0.0;0.5167851797429626
47162.0;0.0;0.24608102699981427;0.5117401027000166;0.0;0.49216205399962853
46821.0;0.0;0.24608102699981418;0.5152704157694219;0.0;0.49216205399962837
45651.0;0.0;0.24608102699981405;0.5273832201424549;0.0;0.4921620539996281
45593.0;0.0;0.232898043974657;0.5279836839489813;0.0;0.465796087949314
45206.0;0.0;0.23289804397465694;0.5319902269339075;0.0;0.4657960879493139
43783.0;0.0;0.21868610292907464;0.5467222958423058;0.0;0.4373722058581493
43637.0;0.0;0.21868610292907456;0.5482338081828723;0.0;0.4373722058581491
42593.0;0.0;0.21868610292907448;0.5590421567003478;0.0;0.43737220585814895
41827.0;0.0;0.2032294516809432;0.5669724200761967;0.0;0.4064589033618864
41124.0;0.0;0.20322945168094295;0.574250455524267;0.0;0.4064589033618859
39509.0;0.0;0.19859460919147306;0.5909702666887527;0.0;0.39718921838294613
38391.0;0.0;0.18621840439632772;0.602544724200762;0.0;0.37243680879265545
36073.0;0.0;0.18110700993677661;0.6265425708133179;0.0;0.36221401987355323
33608.0;0.0;0.17455014925472498;0.6520622825906908;0.0;0.34910029850944996
32391.0;0.0;0.16717913724636344;0.6646616697034952;0.0;0.33435827449272687
26850.0;0.0;0.16717913724636338;0.7220266688752692;0.0;0.33435827449272676
