70509.0;689459.7995961095;0.49895081681725745;0.27003271492463143;0.798429777567132;0.9979016336345149
70240.0;746539.8531961096;0.49843188707018043;0.27281762464800396;0.8645314045598382;0.9968637741403609
69917.0;669489.0427522218;0.4960115702783143;0.2761615868809011;0.7753026177906615;0.9920231405566285
69648.0;733488.663552222;0.49524717299297827;0.2789464966042736;0.8494174581768003;0.9904943459859565
69296.0;659535.6728156173;0.49184646432049567;0.28259069074043397;0.7637761053686435;0.9836929286409913
69031.0;651712.8259156174;0.4889969918839256;0.2853341891668047;0.7547168477963129;0.9779939837678512
68852.0;681737.5901156175;0.48740675355264257;0.28718734470763624;0.789487063283503;0.9748135071052851
68818.0;634916.05679611;0.4889969918839256;0.2875393407321517;0.7352653284476995;0.9779939837678512
68672.0;621497.3597156174;0.48570476056455386;0.2890508530727182;0.719725789621078;0.9714095211291077
68599.0;641917.706332223;0.48526438487430473;0.2898066092430015;0.743373597392454;0.9705287697486095
68560.0;628266.3576322232;0.48526438487430473;0.29021036938876926;0.7275646360687955;0.9705287697486095
68248.0;614612.997232223;0.4835206085962977;0.29344045055491136;0.7117533450934521;0.9670412171925954
67983.0;606790.150332223;0.47969047043334834;0.2961839489812821;0.7026940875211214;0.9593809408666967
67518.0;598556.4577356166;0.4889969918839256;0.3009980122577439;0.693159049579365;0.9779939837678512
67246.0;590956.1977322233;0.4776013611809573;0.3038139804538678;0.684357559039211;0.9552027223619146
66974.0;583982.6438344489;0.47775417887435956;0.3066299486499917;0.676281826283343;0.9555083577487191
66912.0;578087.4034322232;0.47306737662199433;0.30727182375351997;0.6694548358107859;0.9461347532439887
66788.0;570893.4719761108;0.4777541788743596;0.3085555739605764;0.6611238945496685;0.9555083577487192
66577.0;529022.28929611;0.4874067535526426;0.31074001987742256;0.6126349194226922;0.9748135071052852
66493.0;557708.8933156175;0.4754737163124691;0.3116096571144608;0.6458554768502162;0.9509474326249382
66485.0;552941.7854322231;0.4730673766219944;0.3116924797084645;0.6403349216427816;0.9461347532439888
66432.0;544237.0276356165;0.4722255808322457;0.31224117939373863;0.6302543660608726;0.9444511616644914
66313.0;480218.8073001039;0.4889969918839256;0.3134731654795428;0.5561179864595239;0.9779939837678512
65846.0;467837.8048001039;0.4889969918839256;0.31830793440450555;0.541780151131164;0.9779939837678512
65109.0;438548.98417893716;0.47054979642497324;0.3259379658770913;0.5078621960198422;0.9410995928499465
65108.0;565346.6648156175;0.4701715863275712;0.3259483187013417;0.6547004076256232;0.9403431726551424
65076.0;537256.6747805681;0.4644017868788064;0.3262796090773563;0.622170759764086;0.9288035737576128
64573.0;413596.2701001038;0.47547371631246904;0.3314870796753354;0.4789656744774256;0.9509474326249381
64439.0;515343.640134449;0.4679025191801178;0.33287435812489646;0.5967943427654865;0.9358050383602357
64435.0;406610.88950010383;0.47312565540435064;0.33291576942189827;0.4708762457943509;0.9462513108087013
64349.0;430667.5557989362;0.4730728697201034;0.33380611230743745;0.49873509809180955;0.9461457394402067
64318.0;510366.080234449;0.46222671666788545;0.3341270498592016;0.5910300733387379;0.9244534333357709
64185.0;388131.8800396104;0.46974232687488465;0.33550397548451216;0.44947660592869687;0.9394846537497693
63918.0;369618.9271001039;0.4730728697201034;0.3382681795593838;0.42803765777499747;0.9461457394402067
63821.0;496349.4008344489;0.46222671666788545;0.339272403511678;0.5747980403440255;0.9244534333357709
63737.0;364150.97410010383;0.4730728697201034;0.34014204074871623;0.42170548800948676;0.9461457394402067
63542.0;355399.7459001038;0.4730728697201034;0.3421608414775551;0.4115711173191893;0.9461457394402067
63308.0;523149.8138322233;0.45326143803496616;0.34458340235216167;0.6058342919152635;0.9065228760699323
63244.0;462981.8286362172;0.46252560614305444;0.3452459831041908;0.5361566819010876;0.9250512122861089
63179.0;336535.94230010395;0.4730728697201034;0.3459189166804704;0.38972586612217813;0.9461457394402067
63131.0;504834.91671561764;0.4560265896903736;0.3464158522444923;0.5846247025533563;0.9120531793807471
62760.0;345157.87310010387;0.47054979642497324;0.3502567500414113;0.3997105037977552;0.9410995928499465
62547.0;487397.3693322233;0.44990099008373685;0.35246190160675833;0.5644311291400901;0.8998019801674737
62463.0;426353.9519396104;0.4679025191801178;0.3533315388437966;0.4937397237829204;0.9358050383602357
61942.0;326373.52700010384;0.4651289172732259;0.3587253602782839;0.37795726845734384;0.9302578345464518
61905.0;445053.943680568;0.45878874630841276;0.3591084147755508;0.5153952724530335;0.9175774926168255
61709.0;472369.4081344489;0.4527232438144536;0.3611375683286401;0.5470279800029606;0.9054464876289072
61660.0;313912.38700010395;0.46222671666788545;0.3616448567169124;0.36352662979753914;0.9244534333357709
61558.0;455325.129734449;0.4523040177235372;0.36270084479045883;0.5272898322245458;0.9046080354470744
61448.0;394790.73148010497;0.4591934790570637;0.36383965545800895;0.45718789711289815;0.9183869581141274
61162.0;308656.80680010386;0.4651289172732259;0.36680056319363924;0.3574403986169388;0.9302578345464518
60813.0;383244.30703961046;0.4527232438144536;0.3704136988570482;0.44381654594330094;0.9054464876289072
60288.0;277677.928600104;0.4651289172732259;0.3758489315885373;0.32156527022657466;0.9302578345464518
60242.0;415890.4434362171;0.44990099008373685;0.3763251615040583;0.4816224447597922;0.8998019801674737
60213.0;262584.2219001039;0.4651289172732259;0.37662539340732154;0.3040859844289048;0.9302578345464518
60056.0;256172.18170010392;0.4651289172732259;0.378250786814643;0.29666051330841803;0.9302578345464518
60014.0;319725.5904001039;0.45272324381445356;0.37868560543316215;0.3702586172177389;0.9054464876289071
59882.0;242135.7154001039;0.46222671666788545;0.38005217823422227;0.2804055660695757;0.9244534333357709
59754.0;297109.7932650544;0.4527232438144536;0.3813773397382806;0.34406836524566026;0.9054464876289072
59709.0;432933.930034449;0.43808165029175095;0.3818432168295511;0.5013596755911857;0.8761633005835019
59486.0;350972.88220010395;0.4492804315394535;0.3841518966374027;0.40644458231108366;0.898560863078907
59466.0;408192.190634449;0.43763040815033666;0.3843589531224118;0.47270747353772546;0.8752608163006733
59390.0;359834.5773001039;0.445694920913196;0.3851457677654464;0.4167068793321798;0.891389841826392
58368.0;440262.0610156176;0.4298523524112136;0.395726354149412;0.5098460267790357;0.8597047048224272
58196.0;218075.57760010386;0.4527232438144536;0.3975070399204903;0.25254269359587656;0.9054464876289072
58146.0;228982.31940010394;0.44928043153945346;0.3980246811330131;0.26517325948885184;0.8985608630789069
57988.0;287386.9321001039;0.43808165029175106;0.39966042736458507;0.33280879379306044;0.8761633005835021
57874.0;400923.8263196116;0.4207621816833347;0.400840649329137;0.4642903352120796;0.8415243633666694
56929.0;378368.02458456205;0.4207621816833347;0.4106240682458175;0.4381695609875144;0.8415243633666694
56790.0;248097.62336505443;0.4340461332085858;0.4120631108166308;0.28730976099598;0.8680922664171716
56559.0;204727.0064001039;0.438081650291751;0.414454613218486;0.23708436413229006;0.876163300583502
56538.0;369929.4599362172;0.4176172207153525;0.41467202252774554;0.42839727071169154;0.835234441430705
56329.0;338754.8246196115;0.4207621816833348;0.41683576279609075;0.3922954455492163;0.8415243633666696
56325.0;330599.8228396105;0.42985235241121383;0.4168771740930926;0.38285153560540225;0.8597047048224277
56317.0;355425.1224384429;0.42048257378059295;0.4169599966870962;0.41160050465094283;0.8409651475611859
55860.0;181764.49450010387;0.4340461332085858;0.42169123736955444;0.21049259869587184;0.8680922664171716
55810.0;197048.68570010393;0.4298523524112138;0.4222088785820772;0.2281924753054412;0.8597047048224276
55460.0;390211.0937805681;0.41139506346750515;0.42583236706973665;0.4518844419848091;0.8227901269350103
55370.0;268511.23820010386;0.4209709018223819;0.42676412125227764;0.3109497730193606;0.8419418036447638
55042.0;345612.3639196116;0.4058110522468315;0.43015984760642706;0.4002368274559851;0.811622104493663
54788.0;211117.6832001039;0.4254956282768703;0.43278946496604276;0.24448509534086307;0.8509912565537406
54633.0;350591.6496350496;0.3973869910520174;0.43439415272486337;0.40600309546544594;0.7947739821040348
54614.0;189401.24630010396;0.4254956282768704;0.434590856385622;0.21933634860642698;0.8509912565537407
54596.0;325199.09208456206;0.4058110522468315;0.4347772072221302;0.3765972126441805;0.811622104493663
54341.0;174516.3581001039;0.4209709018223819;0.43741717740599634;0.20209888533213644;0.8419418036447638
54275.0;314932.77475504857;0.40273269387872657;0.4381004638065264;0.36470829110497127;0.8054653877574531
54223.0;168415.92330010387;0.41627269471912015;0.4386388106675501;0.19503426923228528;0.8325453894382403
54189.0;292153.7655396106;0.4010639436305706;0.4389908066920656;0.3383290311804099;0.8021278872611411
53812.0;283326.56625621615;0.40273269387872657;0.44289382143448736;0.32810668208259436;0.8054653877574531
53806.0;302025.51751844387;0.39565941090762474;0.4429559383799901;0.34976102582502155;0.7913188218152495
53780.0;261454.1073001039;0.40633154666022847;0.4432251118105019;0.30277725381222204;0.8126630933204569
53401.0;252797.35346505442;0.40633154666022847;0.44714883220142454;0.29275228927763863;0.8126630933204569
53338.0;241683.5695001039;0.40633154666022847;0.44780106012920323;0.2798819579482953;0.8126630933204569
53274.0;275927.86905621615;0.40273269387872657;0.4484636408812324;0.3195386115973491;0.8054653877574531
53246.0;0.0;0.3009568440770061;0.44875351996024515;0.0;0.6019136881540122
45661.0;0.0;0.24608102699981418;0.5272796918999503;0.0;0.49216205399962837
37714.0;0.0;0.223939420922515;0.6095535862183203;0.0;0.44787884184503
32311.0;0.0;0.19269571555984727;0.6654898956435316;0.0;0.38539143111969454
25553.0;0.0;0.18621840439632775;0.73545428192811;0.0;0.3724368087926555
19553.0;0.0;0.16717913724636344;0.7975712274308432;0.0;0.33435827449272687
