70509.0;689459.7995961099;0.49895081681725745;0.27003271492463143;0.7984297775671323;0.9979016336345149
70136.0;697680.8466961101;0.49780845732391865;0.27389431837005135;0.8079501713758319;0.9956169146478373
69667.0;656134.75759611;0.4970683326863403;0.278749792943515;0.7598376712731001;0.9941366653726806
69653.0;664832.8777522225;0.49437691345193524;0.2788947324830214;0.7699105401271876;0.9887538269038705
69553.0;681166.1669961101;0.49426083560626355;0.2799300149080669;0.7888253260299717;0.9885216712125271
69435.0;673857.3649522224;0.4934002314958247;0.2811516481696207;0.7803613587419559;0.9868004629916494
69111.0;638863.9597522223;0.4911249915035026;0.28450596322676824;0.7398372023712436;0.9822499830070052
68994.0;647095.0440522224;0.4898249383531077;0.2857172436640716;0.7493692197718742;0.9796498767062154
68103.0;619585.4446522222;0.48166307761377886;0.29494161007122743;0.7175116940063836;0.9633261552275577
67792.0;632944.3816310555;0.47969047043334834;0.2981613384131191;0.7329820275730274;0.9593809408666967
67524.0;614608.6467522223;0.486895628658429;0.3009358953122412;0.711748307014682;0.973791257316858
67417.0;595949.2686322231;0.47969047043334834;0.30204364750703994;0.6901397909987815;0.9593809408666967
67393.0;606806.2826156175;0.4777541788743596;0.30229211528905087;0.7027127695319505;0.9555083577487192
66950.0;575786.9911001041;0.49184646432049567;0.30687841643200264;0.6667908404513428;0.9836929286409913
66891.0;585133.3204156177;0.47547371631246904;0.30748923306277953;0.6776143687278663;0.9509474326249381
66721.0;563214.5768156175;0.4722255808322457;0.309249213185357;0.6522313404681315;0.9444511616644914
66179.0;558048.0534156177;0.46713509160890143;0.31486044392910384;0.6462482416254234;0.9342701832178029
65732.0;525146.7343510545;0.4706190738471958;0.3194881563690575;0.608146828203244;0.9412381476943916
65659.0;509542.02243444894;0.46974232687488465;0.32024391253934076;0.5900757721795666;0.9394846537497693
65485.0;569972.30421445;0.46512891727322586;0.32204530395892;0.6600571350787381;0.9302578345464517
65277.0;548230.3381160051;0.46535030829019974;0.3241986914030147;0.6348788242243231;0.9307006165803995
65207.0;485984.07475621597;0.47306737662199433;0.32492338910054663;0.5627944616003445;0.9461347532439887
64820.0;472497.66181961144;0.46974232687488465;0.32892993208547294;0.5471765043424166;0.9394846537497693
64749.0;542223.9064156177;0.46512891727322586;0.32966498260725524;0.6279230685307761;0.9302578345464517
64695.0;530875.9185156175;0.4615401728876331;0.33022403511677983;0.6147815170434531;0.9230803457752662
64438.0;453727.9820396104;0.4722255808322457;0.3328847109491469;0.5254402533521028;0.9444511616644914
64343.0;393205.89480010385;0.4730728697201034;0.3338682292529402;0.45535257502648385;0.9461457394402067
64297.0;440378.8760196114;0.46974232687488465;0.33434445916846117;0.5099813045395518;0.9394846537497693
64214.0;519790.6252749434;0.4679025191801178;0.335203743581249;0.6019441794327574;0.9358050383602357
64145.0;500891.4213510547;0.46252560614305444;0.3359180884545304;0.5800579328466823;0.9250512122861089
64126.0;383141.06120010384;0.4730728697201034;0.33611479211528905;0.44369698197057866;0.9461457394402067
63918.0;369618.9271001038;0.4730728697201034;0.3382681795593838;0.4280376577749974;0.9461457394402067
63839.0;553000.7944344489;0.45919347905706376;0.3390860526751698;0.6404032570911271;0.9183869581141275
63749.0;428376.8134550484;0.46804739952564056;0.34001780685771077;0.4960823010742526;0.9360947990512811
63678.0;415740.26805621607;0.46804739952564056;0.3407528573794931;0.4814485339743911;0.9360947990512811
63529.0;350628.8400001039;0.4730728697201034;0.342295428192811;0.4060461638139057;0.9461457394402067
63418.0;403706.0766961099;0.47067888578602024;0.34344459168461156;0.46751232371749346;0.9413577715720405
63213.0;377257.7421001038;0.470621850702888;0.34556692065595496;0.43688379697687596;0.941243701405776
63184.0;343884.6957001039;0.47054979642497324;0.3458671525592181;0.3982360991277788;0.9410995928499465
63159.0;478833.9086310556;0.44990099008373685;0.34612597316547955;0.554514202835114;0.8998019801674737
63111.0;461381.71023222315;0.45648378638224407;0.3466229087295014;0.5343036627952159;0.9129675727644881
62800.0;398396.8760650543;0.46222671666788545;0.34984263707139307;0.46136399733008665;0.9244534333357709
62722.0;314068.2540001039;0.47054979642497324;0.3506501573629286;0.3637071317705518;0.9410995928499465
61892.0;337280.26880010386;0.46222671666788545;0.3592430014908067;0.390587834350319;0.9244534333357709
61771.0;304134.50190010393;0.4679025191801179;0.3604956932251118;0.3522033378085887;0.9358050383602358
61415.0;297153.6343001039;0.47054979642497324;0.364181298658274;0.3441191354107712;0.9410995928499465
61261.0;321886.76626505435;0.46512891727322586;0.36577563359284415;0.37276136961337775;0.9302578345464517
61225.0;329761.72220010386;0.46222671666788545;0.36614833526586055;0.3818809721184924;0.9244534333357709
61162.0;286246.3342001038;0.4651289172732259;0.36680056319363924;0.3314879229777873;0.9302578345464518
61095.0;422568.6039562161;0.45326143803496616;0.36749420241841974;0.48935609684750486;0.9065228760699323
60969.0;494232.4087344489;0.44569492091319596;0.3687986582739771;0.5723464550122852;0.8913898418263919
60561.0;272903.4166001039;0.46512891727322586;0.373022610568163;0.3160361406727053;0.9302578345464517
60367.0;279800.22560010396;0.45919347905706376;0.37503105847275137;0.3240229989043511;0.9183869581141275
60304.0;467001.9982310557;0.43501222562704994;0.37568328640053006;0.5408122442953989;0.8700244512540999
60093.0;444424.93063444895;0.4415204221571941;0.3778677323173762;0.5146668431134348;0.8830408443143882
60067.0;255731.4647001039;0.46512891727322586;0.378136905747888;0.29615014043898286;0.9302578345464517
59900.0;433262.4846196116;0.4376906569892459;0.3798658273977141;0.501740158636758;0.8753813139784918
59783.0;240562.22380010388;0.46222671666788545;0.3810771078350174;0.2785833821671528;0.9244534333357709
59665.0;230084.3396001039;0.45919347905706376;0.38229874109657114;0.26644945535070763;0.9183869581141275
59347.0;474218.17511445004;0.4254956282768703;0.385590939208216;0.5491689469012199;0.8509912565537406
59289.0;409400.4031196116;0.4340461332085858;0.3861914030147424;0.4741066455073563;0.8680922664171716
59095.0;386517.17821961147;0.44152042215719417;0.3881998509193308;0.44760669847980106;0.8830408443143883
58835.0;264391.0725650544;0.4527232438144536;0.3908915852244492;0.3061784100864392;0.9054464876289072
58835.0;363393.8319550485;0.44275308839506666;0.3908915852244492;0.42082867860766615;0.8855061767901333
58530.0;457122.353134449;0.4298523524112138;0.39404919662083815;0.5293711090159426;0.8597047048224276
58509.0;235086.32770010392;0.4492804315394534;0.3942666059300977;0.27224201388481795;0.8985608630789068
58286.0;347669.6466961101;0.4419632389469833;0.3965752857379493;0.4026192663314563;0.8839264778939666
58261.0;449064.4358993995;0.42076218168333474;0.3968341063442107;0.5200396279500359;0.8415243633666695
57900.0;401915.5824196115;0.4254956282768703;0.40057147589862513;0.4654388395959286;0.8509912565537406
57216.0;428674.8020510546;0.4176172207153524;0.4076528076859367;0.4964273871381045;0.8352344414307048
57048.0;369279.8980550485;0.4222171098570516;0.40939208216001327;0.4276450447681319;0.8444342197141032
56918.0;341512.95119893627;0.42985235241121383;0.41073794931257246;0.3954894974613399;0.8597047048224277
56761.0;357565.6501196116;0.41627269471912015;0.412363342719894;0.4140793453916981;0.8325453894382403
55928.0;214411.5694001039;0.4340461332085858;0.42098724532052345;0.24829958434738394;0.8680922664171716
55865.0;304322.5471396106;0.4254956282768703;0.42163947324830214;0.35242110383184316;0.8509912565537406
55857.0;376048.4191510546;0.41284074884770683;0.4217222958423058;0.43548333903316144;0.8256814976954137
55810.0;206542.4678001039;0.4298523524112138;0.4222088785820772;0.2391867614622473;0.8597047048224276
55320.0;196551.27430010395;0.4254956282768704;0.4272817624648004;0.22761644741564402;0.8509912565537407
55045.0;248267.15370010393;0.4209709018223819;0.4301287891336757;0.2875060858111233;0.8419418036447638
54915.0;277385.4996001039;0.41762133015954683;0.4314746562862349;0.3212266224597853;0.8352426603190937
54852.0;335605.4076562161;0.40273269387872657;0.4321268842140136;0.3886482593216466;0.8054653877574531
54821.0;329178.90929893625;0.4079746257486334;0.43244782176577773;0.3812060449141578;0.8159492514972668
54637.0;320456.65305504855;0.40273269387872657;0.4343527414278615;0.37110522523363343;0.8054653877574531
54478.0;311131.31471961155;0.4010639436305706;0.4359988404836839;0.3603060055876687;0.8021278872611411
54341.0;174516.35810010388;0.4209709018223819;0.43741717740599634;0.2020988853321364;0.8419418036447638
54223.0;168415.9233001039;0.41627269471912015;0.4386388106675501;0.1950342692322853;0.8325453894382403
54089.0;284864.4840001039;0.4078858320564898;0.44002608911711116;0.32988766963674643;0.8157716641129796
54072.0;292107.4063989363;0.4010751040220532;0.44020208712936887;0.33827534491995137;0.8021502080441064
54009.0;266917.1875045609;0.41128284528949116;0.4408543150571476;0.3091037806307998;0.8225656905789823
53780.0;261454.1073001039;0.40633154666022847;0.4432251118105019;0.30277725381222204;0.8126630933204569
53759.0;299013.650619999;0.3973869910520174;0.44344252111976146;0.3462731296210719;0.7947739821040348
53466.0;222746.20570010395;0.41139506346750504;0.4464758986251449;0.25795152027027646;0.8227901269350101
53338.0;241683.5695001039;0.40633154666022847;0.44780106012920323;0.2798819579482953;0.8126630933204569
53251.0;184443.81180010393;0.41139506346750493;0.44870175583899286;0.2135953854241539;0.8227901269350099
53246.0;0.0;0.3009568440770061;0.44875351996024515;0.0;0.6019136881540122
46585.0;0.0;0.24608102699981427;0.5177136822925295;0.0;0.49216205399962853
38479.0;0.0;0.2032294516809432;0.6016336756667219;0.0;0.4064589033618864
30161.0;0.0;0.18110700993677661;0.6877484677820109;0.0;0.36221401987355323
23403.0;0.0;0.17050872340172799;0.7577128540665894;0.0;0.34101744680345597
16645.0;0.0;0.16717913724636344;0.8276772403511679;0.0;0.33435827449272687
