70509.0;687691.1327961098;0.49895081681725745;0.27003271492463143;0.7963815707818467;0.9979016336345149
70400.0;683838.4078961097;0.49843188707018043;0.2711611727679311;0.7919199179244409;0.9968637741403609
70282.0;702032.8092961101;0.49780845732391865;0.27238280602948484;0.812989967072019;0.9956169146478373
70035.0;675029.1779961097;0.49708013439207804;0.27493995361934737;0.781718378293392;0.9941602687841561
69968.0;729491.012876111;0.4962464564310941;0.27563359284412786;0.8447879738443008;0.9924929128621882
69926.0;717676.4280961098;0.4962464564310941;0.276068411462647;0.8311060792603521;0.9924929128621882
69808.0;663867.6510522221;0.49524717299297827;0.27729004472420077;0.7687927581479705;0.9904943459859565
69443.0;661977.9883522219;0.4934002314958247;0.281068825575617;0.7666044319103539;0.9868004629916494
69070.0;642966.8619156172;0.4889969918839256;0.28493042902103694;0.7445885733193659;0.9779939837678512
68958.0;637769.275132223;0.4898249383531077;0.286089945337088;0.738569501486922;0.9796498767062154
68599.0;627116.652232223;0.48526438487430473;0.2898066092430015;0.7262332183018312;0.9705287697486095
68379.0;611946.4514322231;0.48526438487430473;0.29208423057810173;0.7086653484166137;0.9705287697486095
68321.0;618442.444352222;0.4835206085962977;0.29268469438462813;0.7161880410888054;0.9670412171925954
68179.0;605979.452752222;0.48166307761377886;0.2941547954281928;0.7017552581813199;0.9633261552275577
67802.0;602436.8288322231;0.47760136118095736;0.29805781017061456;0.6976527181491009;0.9552027223619147
67395.0;596281.5713522221;0.47969047043334834;0.30227140964054994;0.6905246145765582;0.9593809408666967
67236.0;591595.9471322232;0.4776013611809573;0.30391750869637235;0.6850984216267612;0.9552027223619146
66935.0;578959.1460510547;0.47306737662199433;0.3070337087957595;0.6704643584336526;0.9461347532439887
66669.0;575167.4189156175;0.4722255808322457;0.30978756004638064;0.6660733441132878;0.9444511616644914
66419.0;557531.1415510545;0.4706190738471958;0.31237576610899453;0.6456496311984098;0.9412381476943916
66096.0;536265.4707344489;0.46974232687488465;0.31571972834189166;0.6210228946869194;0.9394846537497693
65918.0;460300.41880010394;0.4867849067458369;0.31756253105847276;0.5330514719087597;0.9735698134916738
65492.0;570151.7793522222;0.46535030829019974;0.3219728341891668;0.6602649764850308;0.9307006165803995
65289.0;493074.22873561655;0.4722255808322457;0.32407445751200925;0.5710052232256138;0.9444511616644914
65087.0;563870.071534449;0.4679025191801179;0.3261657280106013;0.652990436941718;0.9358050383602358
64878.0;546767.7449510548;0.4625256061430544;0.3283294682789465;0.6331850663923995;0.9250512122861088
64724.0;471314.8709396105;0.47510771215581604;0.32992380321351666;0.5458067718942292;0.9502154243116321
64659.0;526061.9643344489;0.46154017288763305;0.33059673678979623;0.6092067114226751;0.9230803457752661
64589.0;478993.6078562162;0.47306737662199433;0.33132143448732815;0.5546991427212354;0.9461347532439887
64256.0;465628.3411344489;0.4644017868788064;0.3347689249627298;0.5392214789879223;0.9288035737576128
64172.0;519122.53893444897;0.4585478474611034;0.3356385621997681;0.6011705012160592;0.9170956949222068
64077.0;513167.56191600504;0.45957094005100174;0.33662208050356135;0.5942743326808685;0.9191418801020035
63848.0;486805.1160344489;0.4622267166678854;0.3389928772569157;0.5637452694727354;0.9244534333357708
63464.0;484427.11951600504;0.4532614380349662;0.3429683617690906;0.5609914276499216;0.9065228760699324
63283.0;460639.91361844377;0.46154017288763305;0.34484222295842304;0.533444624304956;0.9230803457752661
62569.0;512030.8818344489;0.4521605687394479;0.3522341394732483;0.5929579989001121;0.9043211374788958
62136.0;480097.19025222224;0.4499009900837369;0.35671691237369557;0.5559771476861171;0.8998019801674738
61861.0;449670.88831561763;0.4487598848073264;0.35956393904257083;0.5207419309241466;0.8975197696146529
61736.0;409748.634336217;0.4564837863822441;0.3608580420738777;0.474509915100419;0.9129675727644883
61061.0;424629.40470116766;0.44990099008373685;0.36784619844293526;0.4917426097107142;0.8998019801674737
60762.0;264886.126600104;0.4651289172732259;0.37094169289382145;0.3067517080268266;0.9302578345464518
60482.0;441739.18445222225;0.4389586814491901;0.37384048368394895;0.5115566114101024;0.8779173628983802
60305.0;313024.95580010395;0.4527232438144536;0.3756729335762796;0.3624989389937574;0.9054464876289072
60045.0;390084.26063621714;0.44639932374083513;0.37836466788139805;0.4517375627044049;0.8927986474816703
59665.0;234461.78900010392;0.45919347905706376;0.38229874109657114;0.27151876606730174;0.9183869581141275
59611.0;440937.0324522223;0.43501222562704994;0.38285779360609573;0.510627678289839;0.8700244512540999
59586.0;449151.1907160051;0.4266461277958747;0.38311661421235715;0.5201400944731978;0.8532922555917494
59398.0;340827.7813396105;0.44521699674533594;0.3850629451714428;0.39469603565443306;0.8904339934906719
59249.0;497144.42153222323;0.42221710985705163;0.3866055159847606;0.5757187150508859;0.8444342197141033
59243.0;262553.7991001039;0.4560265896903736;0.38666763293026335;0.30405075326756487;0.9120531793807471
59067.0;309028.45780010393;0.45272324381445367;0.3884897299983435;0.35787078951926043;0.9054464876289073
58762.0;239850.14590010385;0.4560265896903736;0.3916473413947325;0.2777587594703102;0.9120531793807471
58619.0;398387.1355184439;0.43763040815033677;0.3931277952625476;0.46135271727798194;0.8752608163006735
58373.0;385202.30737494346;0.43808165029175106;0.3956745900281597;0.4460840106644233;0.8761633005835021
57901.0;327145.3076001039;0.4419632389469833;0.4005611230743747;0.3788510299401013;0.8839264778939666
57661.0;322431.870400104;0.44196323894698325;0.403045800894484;0.3733926281342568;0.8839264778939665
57427.0;348450.1081550485;0.43090954336093934;0.4054683617690906;0.4035230806936932;0.8618190867218787
57262.0;330671.50031961146;0.4340461332085858;0.40717657777041577;0.3829345418001757;0.8680922664171716
56866.0;380657.68343961047;0.4298523524112137;0.4112762961735962;0.44082110326947466;0.8597047048224274
56631.0;373296.944184562;0.425017130408412;0.4137092098724532;0.43229699002954275;0.850034260816824
56441.0;196857.90480010392;0.4340461332085858;0.41567624648003976;0.2279715412471534;0.8680922664171716
55922.0;418483.135734449;0.40633154666022847;0.4210493622660262;0.48462491529714624;0.8126630933204569
55574.0;288861.9991562161;0.4176172207153526;0.4246521451051847;0.33451699703014287;0.8352344414307052
55469.0;210797.33050010394;0.4298523524112136;0.42573919165148255;0.24411411049859405;0.8597047048224272
55132.0;227265.78608010485;0.4254956282768704;0.429228093423886;0.2631854259448565;0.8509912565537407
55045.0;248267.1537001039;0.4209709018223819;0.4301287891336757;0.28750608581112325;0.8419418036447638
54973.0;369976.87813222327;0.40273269387872657;0.4308741924797085;0.42845218341249286;0.8054653877574531
54926.0;365267.55987611105;0.4113950634675051;0.43136077521947985;0.42299855155473526;0.8227901269350102
54548.0;199675.1243001039;0.4254956282768704;0.43527414278615206;0.23123402578948707;0.8509912565537407
54341.0;174516.35810010388;0.4209709018223819;0.43741717740599634;0.2020988853321364;0.8419418036447638
54223.0;168415.9233001039;0.41627269471912015;0.4386388106675501;0.1950342692322853;0.8325453894382403
54050.0;407403.6031322233;0.3918363233354998;0.4404298492628789;0.4717942488009632;0.7836726466709996
53848.0;298037.6455384428;0.41088577408531846;0.4425211197614709;0.3451428657237021;0.8217715481706369
53819.0;331712.68693621707;0.4078814907168537;0.44282135166473413;0.3841402892551967;0.8157629814337074
53775.0;272402.4619001039;0.40633154666022847;0.4432768759317542;0.3154560094599406;0.8126630933204569
53564.0;351504.30621961155;0.3950734726011097;0.4454613218486003;0.4070599985571619;0.7901469452022194
53368.0;291716.56725504855;0.39738699105201747;0.44749047540168957;0.3378227331637596;0.7947739821040349
53331.0;278236.1594196115;0.4010639436305706;0.44787352989895646;0.32221173012069987;0.8021278872611411
53272.0;316266.5299550485;0.38607185031019237;0.4484843465297333;0.36625284797150476;0.7721437006203847
53246.0;0.0;0.3009568440770061;0.44875351996024515;0.0;0.6019136881540122
52219.0;0.0;0.2911669977675984;0.459385870465463;0.0;0.5823339955351968
52023.0;0.0;0.29116699776759836;0.4614150240185523;0.0;0.5823339955351967
51187.0;0.0;0.28085210497759894;0.4700699850919331;0.0;0.5617042099551979
49964.0;0.0;0.26995198617688826;0.48273148915024017;0.0;0.5399039723537765
49040.0;0.0;0.2699519861768882;0.4922974987576611;0.0;0.5399039723537764
48631.0;0.0;0.25839258987148134;0.4965318038760974;0.0;0.5167851797429627
48149.0;0.0;0.2583925898714813;0.501521865164817;0.0;0.5167851797429626
47162.0;0.0;0.24608102699981427;0.5117401027000166;0.0;0.49216205399962853
46384.0;0.0;0.24608102699981407;0.5197945999668709;0.0;0.49216205399962815
45651.0;0.0;0.24608102699981405;0.5273832201424549;0.0;0.4921620539996281
45593.0;0.0;0.232898043974657;0.5279836839489813;0.0;0.465796087949314
45206.0;0.0;0.23289804397465694;0.5319902269339075;0.0;0.4657960879493139
43783.0;0.0;0.21868610292907464;0.5467222958423058;0.0;0.4373722058581493
43637.0;0.0;0.21868610292907456;0.5482338081828723;0.0;0.4373722058581491
41827.0;0.0;0.2032294516809432;0.5669724200761967;0.0;0.4064589033618864
39960.0;0.0;0.20322945168094295;0.5863011429517972;0.0;0.4064589033618859
38391.0;0.0;0.18621840439632772;0.602544724200762;0.0;0.37243680879265545
36900.0;0.0;0.18621840439632767;0.6179807851581911;0.0;0.37243680879265534
34944.0;0.0;0.16717913724636344;0.6382309093920822;0.0;0.33435827449272687
28944.0;0.0;0.14531661781815963;0.7003478548948153;0.0;0.29063323563631926
