70509.0;687691.1327961099;0.49895081681725745;0.27003271492463143;0.7963815707818468;0.9979016336345149
70291.0;703635.18719611;0.49843188707018043;0.27228963061123074;0.8148456027900477;0.9968637741403609
69917.0;667720.3759522222;0.4960115702783143;0.2761615868809011;0.7732544110053763;0.9920231405566285
69653.0;660202.297152222;0.49437691345193524;0.2788947324830214;0.7645480905099208;0.9887538269038705
69471.0;672936.8003156176;0.49310761117104446;0.2807789464966043;0.7792952977207459;0.9862152223420889
69443.0;655058.4211522222;0.4934002314958247;0.281068825575617;0.7585912185169218;0.9868004629916494
68860.0;678238.9846322233;0.48982493835310775;0.2871045221136326;0.7854354988564864;0.9796498767062155
68682.0;645408.2683522223;0.4868956286584289;0.2889473248302137;0.7474158470766922;0.9737912573168578
68381.0;628259.6525322233;0.4835206085962977;0.2920635249296008;0.7275568712194096;0.9670412171925954
68273.0;618287.0385156175;0.4819606971063085;0.29318162994865;0.7160080731666357;0.963921394212617
68067.0;610259.6757322231;0.48166307761377886;0.29531431174424383;0.7067119757214317;0.9633261552275577
67802.0;602436.8288322231;0.47760136118095736;0.29805781017061456;0.6976527181491009;0.9552027223619147
67482.0;585867.5349562161;0.488415467481409;0.3013707139307603;0.6784646267888583;0.976830934962818
67303.0;568431.9954396106;0.48927616436388516;0.30322386947159186;0.6582733785882217;0.9785523287277703
67194.0;594628.6733322232;0.475394213961831;0.3043523273148915;0.6886104739707941;0.950788427923662
67051.0;574649.2555522221;0.48526438487430473;0.3058327811827066;0.6654732843864964;0.9705287697486095
66522.0;554322.9607156176;0.4730728697201034;0.3113094252111976;0.6419343933958089;0.9461457394402067
66185.0;562602.5887510545;0.46804739952564056;0.3147983269836011;0.6515226269295771;0.9360947990512811
66135.0;537803.5353344489;0.4722255808322457;0.3153159681961239;0.6228040523079748;0.9444511616644914
65946.0;535528.7400196114;0.47775417887435956;0.31727265197946;0.6201697227672236;0.9555083577487191
65658.0;523117.4039196115;0.4777541788743596;0.3202542653635912;0.6057967595756946;0.9555083577487192
65475.0;511849.88033621706;0.4730673766219944;0.32214883220142454;0.5927483898901927;0.9461347532439888
65145.0;495021.6295344489;0.46974232687488465;0.3255652642040749;0.5732604131403218;0.9394846537497693
64729.0;481434.5670384428;0.47017158632757117;0.32987203909226437;0.5575258985350731;0.9403431726551423
64511.0;527534.4617156176;0.4615401728876331;0.33212895477886367;0.6109119388444963;0.9230803457752662
64086.0;506247.6784510546;0.45957094005100174;0.33652890508530725;0.5862607530364172;0.9191418801020035
63759.0;474387.0160396104;0.48095575495247156;0.33991427861520623;0.5493644733443844;0.9619115099049431
63483.0;415182.7245356166;0.46440178687880646;0.34277165810833193;0.48080287000762023;0.9288035737576129
63226.0;380409.44600010396;0.47991597352972437;0.345432333940699;0.4405336315942224;0.9598319470594487
63184.0;458383.4792196115;0.46154017288763305;0.3458671525592181;0.5308315576457978;0.9230803457752661
62426.0;424822.6623196114;0.4622267166678855;0.3537145933410634;0.4919664119358731;0.924453433335771
61810.0;437935.0384196115;0.45216056873944793;0.36009193307934406;0.5071512153704354;0.9043211374788959
61419.0;364150.9741001039;0.47175932102473134;0.3641398873612722;0.4217054880094868;0.9435186420494627
60887.0;300368.93530010385;0.4651289172732259;0.3696475898625145;0.34784261872879096;0.9302578345464518
60791.0;430471.4954196114;0.44875988480732637;0.3706414609905582;0.4985080501259299;0.8975197696146527
60518.0;488169.5020310556;0.4389586814491901;0.37346778201093256;0.5653252983713377;0.8779173628983802
60331.0;466346.0089322233;0.4350122256270499;0.37540376014576776;0.5400525750728279;0.8700244512540998
60121.0;448412.1060322233;0.4309095433609394;0.3775778532383634;0.5192841965368411;0.8618190867218788
59960.0;246884.038600104;0.4651289172732259;0.37924465794268675;0.2859043676510658;0.9302578345464518
59665.0;234461.78900010395;0.45919347905706376;0.38229874109657114;0.27151876606730174;0.9183869581141275
59386.0;303252.35930010385;0.45655179057455797;0.38518717906244826;0.3511817714746079;0.9131035811491159
59131.0;316513.6029001039;0.4555485735473797;0.3878271492463144;0.3665389711025111;0.9110971470947594
59022.0;459393.2165322233;0.42221710985705163;0.388955607089614;0.5320008851952535;0.8444342197141033
58649.0;405956.74241961143;0.4376906569892459;0.39281721053503393;0.47011870995501737;0.8753813139784918
58575.0;282424.8037001039;0.44997256236540345;0.39358331952956765;0.3270623948340603;0.8999451247308069
58178.0;292551.3061001039;0.44569492091319596;0.3976933907569985;0.33878940352042813;0.8913898418263919
58116.0;354213.35491961153;0.43369955990497533;0.39833526586052675;0.4101972157701547;0.8673991198099507
57978.0;255888.8869001039;0.44928043153945346;0.3997639556070896;0.2963324434132879;0.8985608630789069
57774.0;266172.2878001039;0.4419632389469833;0.4018759317541825;0.3082411486025251;0.8839264778939666
57480.0;322124.3749356166;0.42524011972224546;0.40491966208381647;0.37303653262954806;0.8504802394444909
57106.0;226234.36450010395;0.44569492091319596;0.4087916183534868;0.2619909869026085;0.8913898418263919
57045.0;219868.32056505448;0.4527232438144536;0.40942314063276464;0.2546187818138975;0.9054464876289072
56559.0;204727.0064001039;0.438081650291751;0.414454613218486;0.23708436413229006;0.876163300583502
56357.0;258360.27160010388;0.4350915696277609;0.416545883717078;0.2991944335357863;0.8701831392555218
56150.0;367676.64095105464;0.41284074884770683;0.4186889183369223;0.4257883908868257;0.8256814976954137
55973.0;285609.7938001039;0.4267297407443719;0.42052136822925296;0.3307507765766742;0.8534594814887438
55832.0;333447.7157522222;0.4176172207153524;0.4219811164485672;0.38614954153132225;0.8352344414307048
55469.0;212885.79330010392;0.4298523524112136;0.42573919165148255;0.24653265743902195;0.8597047048224272
55458.0;195613.00756505446;0.4419632389469833;0.4258530727182375;0.2265298864573357;0.8839264778939666
55341.0;341498.022519999;0.40788149071685376;0.4270643531555408;0.3954722092861479;0.8157629814337075
55273.0;323155.0607650545;0.4209709018223819;0.4277683452045718;0.37423011963494235;0.8419418036447638
54531.0;192815.0583001039;0.4254956282768703;0.4354501407984098;0.22328971783464405;0.8509912565537406
54478.0;413283.7118322233;0.39183632333549967;0.4359988404836839;0.478603715986957;0.7836726466709993
54440.0;358918.5709160051;0.40273269387872657;0.43639224780520125;0.4156460970009482;0.8054653877574531
54341.0;174516.35810010388;0.4209709018223819;0.43741717740599634;0.2020988853321364;0.8419418036447638
54230.0;353209.71715105465;0.3973869910520174;0.4385663408977969;0.40903495180527055;0.7947739821040348
54223.0;168415.9233001039;0.41627269471912015;0.4386388106675501;0.1950342692322853;0.8325453894382403
54007.0;389105.70893444895;0.39004735313571576;0.4408750207056485;0.45060434969033447;0.7800947062714315
53855.0;381922.42401561764;0.3950734726011097;0.44244864999171774;0.4422857376649435;0.7901469452022194
53775.0;272402.4619001039;0.40633154666022847;0.4432768759317542;0.3154560094599406;0.8126630933204569
53575.0;314413.43123621715;0.40273269387872657;0.4453474407818453;0.364106864697711;0.8054653877574531
53331.0;278236.15941961145;0.4010639436305706;0.44787352989895646;0.3222117301206998;0.8021278872611411
53318.0;404683.78457940044;0.38406756302270895;0.44800811661421236;0.46864455954652745;0.7681351260454179
53302.0;310722.3273350495;0.3973869910520175;0.44817376180221963;0.3598323772388151;0.794773982104035
53251.0;188821.26120010394;0.41139506346750493;0.44870175583899286;0.21866469614074802;0.8227901269350099
53246.0;0.0;0.3009568440770061;0.44875351996024515;0.0;0.6019136881540122
52219.0;0.0;0.2911669977675984;0.459385870465463;0.0;0.5823339955351968
52023.0;0.0;0.29116699776759836;0.4614150240185523;0.0;0.5823339955351967
51187.0;0.0;0.28085210497759894;0.4700699850919331;0.0;0.5617042099551979
49964.0;0.0;0.26995198617688826;0.48273148915024017;0.0;0.5399039723537765
49040.0;0.0;0.2699519861768882;0.4922974987576611;0.0;0.5399039723537764
48631.0;0.0;0.25839258987148134;0.4965318038760974;0.0;0.5167851797429627
48149.0;0.0;0.2583925898714813;0.501521865164817;0.0;0.5167851797429626
47162.0;0.0;0.24608102699981427;0.5117401027000166;0.0;0.49216205399962853
45651.0;0.0;0.24608102699981405;0.5273832201424549;0.0;0.4921620539996281
45593.0;0.0;0.232898043974657;0.5279836839489813;0.0;0.465796087949314
45206.0;0.0;0.23289804397465694;0.5319902269339075;0.0;0.4657960879493139
43783.0;0.0;0.21868610292907464;0.5467222958423058;0.0;0.4373722058581493
43396.0;0.0;0.21868610292907456;0.5507288388272321;0.0;0.4373722058581491
42593.0;0.0;0.21868610292907448;0.5590421567003478;0.0;0.43737220585814895
41827.0;0.0;0.2032294516809432;0.5669724200761967;0.0;0.4064589033618864
41124.0;0.0;0.20322945168094295;0.574250455524267;0.0;0.4064589033618859
39555.0;0.0;0.18621840439632775;0.5904940367732318;0.0;0.3724368087926555
38380.0;0.0;0.18621840439632772;0.602658605267517;0.0;0.37243680879265545
38064.0;0.0;0.18621840439632767;0.605930097730661;0.0;0.37243680879265534
37237.0;0.0;0.18110700993677661;0.6144918833857876;0.0;0.36221401987355323
36108.0;0.0;0.16717913724636344;0.6261802219645519;0.0;0.33435827449272687
33790.0;0.0;0.1614192212399503;0.6501780685771078;0.0;0.3228384424799006
27032.0;0.0;0.1492831553346142;0.7201424548616863;0.0;0.2985663106692284
20274.0;0.0;0.14531661781815933;0.7901068411462647;0.0;0.29063323563631865
