70354.0;728843.2200961099;0.49843188707018043;0.27163740268345204;0.8440377966105465;0.9968637741403609
70136.0;706115.94949611;0.49780845732391865;0.27389431837005135;0.8177184526538777;0.9956169146478373
70018.0;700788.96569611;0.49708013439207804;0.2751159516316051;0.8115495324455795;0.9941602687841561
69926.0;671176.4530961101;0.4962464564310941;0.276068411462647;0.7772567254359868;0.9924929128621882
69708.0;687120.50749611;0.49530689145492085;0.2783253271492463;0.7957207574441875;0.9906137829098417
69594.0;678631.49589611;0.49530689145492085;0.27950554911379827;0.7858900470133205;0.9906137829098417
69070.0;665048.1350522222;0.4911249915035026;0.28493042902103694;0.7701598191109067;0.9822499830070052
69002.0;658660.7390522223;0.4911249915035026;0.2856344210700679;0.7627628872368502;0.9822499830070052
68847.0;652706.398552222;0.48982493835310775;0.28723910882888853;0.7558674558226339;0.9796498767062155
68797.0;628223.9950322235;0.48841546748140885;0.2877567500414113;0.7275155780072309;0.9768309349628177
68619.0;639261.8270144499;0.4857047605645538;0.2895995527579924;0.7402979530486112;0.9714095211291076
68169.0;645964.8153144501;0.48196069710630846;0.2942583236706974;0.7480603569778025;0.9639213942126169
68103.0;619585.4446522223;0.48166307761377886;0.29494161007122743;0.7175116940063837;0.9633261552275577
67389.0;602586.72311445;0.4777541788743596;0.30233352658605267;0.6978263034088755;0.9555083577487192
67185.0;593284.1485156175;0.4777541788743596;0.3044455027331456;0.6870534453363693;0.9555083577487192
66988.0;576729.7697156176;0.47547371631246915;0.3064850091104853;0.6678826263984285;0.9509474326249383
66721.0;563214.5768156176;0.4722255808322457;0.309249213185357;0.6522313404681316;0.9444511616644914
66334.0;550777.6221156175;0.4722255808322457;0.31325575617028323;0.6378287096250416;0.9444511616644914
65620.0;585956.2063310558;0.4653503082901998;0.3206476726851085;0.6785673127846645;0.9307006165803996
65544.0;484191.78803561657;0.46974232687488465;0.3214344873281431;0.5607189017366614;0.9394846537497693
65500.0;540752.6021310556;0.4653503082901998;0.3218900115951632;0.6262192227759623;0.9307006165803996
65236.0;496245.50571561756;0.4671350916089014;0.3246231571972834;0.5746777244725745;0.9342701832178028
65061.0;511740.2524510545;0.4625256061430544;0.32643490144111315;0.5926214351815691;0.9250512122861088
65007.0;460765.74043444893;0.4671350916089014;0.32699395395063774;0.533590338205569;0.9342701832178028
64989.0;445930.7284845619;0.4730728697201034;0.32718030478714594;0.5164106341846925;0.9461457394402067
64224.0;473451.6679356166;0.46512891727322586;0.3351002153387444;0.5482812923103966;0.9302578345464517
64167.0;428103.6395196114;0.4644017868788064;0.33569032632102036;0.4957659516589047;0.9288035737576128
64130.0;385079.5677801048;0.4730728697201034;0.33607338081828725;0.44594187192411805;0.9461457394402067
63984.0;377597.6368001039;0.47054979642497324;0.33758489315885376;0.4372774124565258;0.9410995928499465
63918.0;369618.9271001038;0.4730728697201034;0.3382681795593838;0.4280376577749974;0.9461457394402067
63603.0;554252.9066993995;0.4556147234774969;0.3415293191982773;0.6418532672552864;0.9112294469549937
63529.0;350628.84000010375;0.4730728697201034;0.342295428192811;0.40604616381390546;0.9461457394402067
63513.0;547902.2840805682;0.45919347905706376;0.34246107338081827;0.6344989208409826;0.9183869581141275
63387.0;345085.4156001039;0.47054979642497324;0.3437655292363757;0.39962659429985276;0.9410995928499465
63331.0;516503.39761444996;0.4585478474611034;0.3443452873944012;0.5981374013561852;0.9170956949222068
63290.0;419013.3329184437;0.4679025191801179;0.34476975318866987;0.48523891080483444;0.9358050383602358
63260.0;338858.4760001038;0.47054979642497324;0.34508033791618353;0.39241547915918096;0.9410995928499465
63174.0;523837.6721322232;0.4532614380349661;0.3459706808017227;0.6066308670742334;0.9065228760699322
63129.0;404602.4005184438;0.4651289172732259;0.3464365578929932;0.46855031263361796;0.9302578345464518
62973.0;503924.82601561764;0.4521605687394479;0.34805159847606426;0.5835707708874454;0.9043211374788958
62965.0;326641.87293961045;0.4671350916089014;0.3481344210700679;0.3782680268060058;0.9342701832178028
62927.0;433578.37029611005;0.4625286085891531;0.34852782839158525;0.502105970436911;0.9250572171783062
62754.0;400458.62473961053;0.46154017288763305;0.35031886698691406;0.46375160794435244;0.9230803457752661
62664.0;456185.79360056703;0.45854784746110333;0.35125062116945505;0.5282865250840675;0.9170956949222067
62449.0;479214.31831445;0.4560265896903736;0.353476478383303;0.5549547367416229;0.9120531793807471
61890.0;467967.78141561756;0.44928043153945335;0.3592637071393076;0.5419306707122539;0.8985608630789067
61800.0;320830.1026001039;0.46222671666788545;0.3601954613218486;0.371537698943291;0.9244534333357709
61659.0;450548.1467384428;0.45216056873944793;0.3616552095411628;0.5217578411306815;0.9043211374788959
61347.0;485496.6341156176;0.44875988480732637;0.36488529070730497;0.5622299803608609;0.8975197696146527
60861.0;274589.1241001039;0.46222671666788545;0.36991676329302636;0.31798827633755006;0.9244534333357709
60336.0;357167.857000104;0.45272324381445356;0.37535199602451547;0.4136186805753995;0.9054464876289071
60234.0;491279.5144144499;0.4340461332085858;0.376407984098062;0.5689268520760775;0.8680922664171716
60193.0;461161.16581444995;0.445694920913196;0.3768324498923306;0.53404826105819;0.891389841826392
60163.0;313627.64760010387;0.44928043153945346;0.3771430346198443;0.36319688698158403;0.8985608630789069
60090.0;251280.4001001039;0.46222671666788545;0.37789879079012756;0.2909955795485628;0.9244534333357709
59960.0;246884.0386001039;0.4651289172732259;0.37924465794268675;0.2859043676510657;0.9302578345464518
59819.0;298631.6508001039;0.4560265896903735;0.380704406162001;0.3458307542550126;0.912053179380747
59783.0;236184.7744001039;0.46222671666788545;0.3810771078350174;0.2735140714505587;0.9244534333357709
59346.0;421222.66693561664;0.4376906569892459;0.38560129203246646;0.4877974328084904;0.8753813139784918
58511.0;364775.33369611;0.43501591982088905;0.39424590028159684;0.4224285284154004;0.8700318396417781
58385.0;230418.4344001039;0.44928043153945346;0.3955503561371542;0.2668363542489561;0.8985608630789069
58078.0;208118.01320010392;0.44928043153945346;0.3987286731820441;0.24101132377031204;0.8985608630789069
57839.0;414880.61229717376;0.4222171098570515;0.40120299817790295;0.480453008554521;0.844434219714103
57646.0;405160.52373105555;0.42221710985705163;0.40320109325824083;0.46919664791344384;0.8444342197141033
57540.0;375515.81155504845;0.4222171098570517;0.40429849262878914;0.4348665521448485;0.8444342197141034
57502.0;270704.64050010394;0.4419632389469833;0.40469189995030647;0.3134898452781496;0.8839264778939666
57447.0;217602.05240010392;0.44569492091319596;0.4052613052840815;0.2519943271496677;0.8913898418263919
56958.0;259874.269480105;0.44196323894698336;0.41032383634255426;0.30094772066184433;0.8839264778939667
56958.0;435917.99761445;0.4161117077631873;0.41032383634255426;0.5048153787598711;0.8322234155263746
56832.0;224004.4262001039;0.4419632389469833;0.41162829219811164;0.25940860408362404;0.8839264778939666
56269.0;347669.7048550485;0.4128407488477067;0.41745693225111813;0.4026193336824872;0.8256814976954134
55682.0;327011.59835504857;0.4128407488477065;0.4235340400861355;0.37869618778273295;0.825681497695413
55531.0;315409.6650384429;0.4161117077631873;0.4250973165479543;0.3652605544901861;0.8322234155263746
55300.0;361117.9912196115;0.4010639436305706;0.4274888189498095;0.41819313841629074;0.8021278872611411
55241.0;353449.01475504856;0.40273269387872657;0.4280996355805864;0.4093120706928999;0.8054653877574531
55134.0;276530.00861961144;0.41577411445982004;0.42920738777538514;0.32023592006688956;0.8315482289196401
55104.0;253257.9725396105;0.4161117077631873;0.4295179725028988;0.2932857097692415;0.8322234155263746
55045.0;248267.15370010393;0.4209709018223819;0.4301287891336757;0.2875060858111233;0.8419418036447638
54791.0;200100.5105001039;0.4298523524112138;0.4327584064932914;0.23172664480693392;0.8597047048224276
54669.0;212515.0436001039;0.420970901822382;0.4340214510518469;0.24610331028828525;0.841941803644764
54614.0;192735.09860010393;0.4254956282768704;0.434590856385622;0.22319712040471018;0.8509912565537407
54598.0;426565.9345310556;0.3918363233354997;0.4347565015736293;0.4939852104863292;0.7836726466709995
54585.0;301255.7801196115;0.4108857740853182;0.43489108828888523;0.34886963047391495;0.8217715481706364
54529.0;331967.46011961147;0.4010639436305706;0.4354708464469107;0.38443532965677896;0.8021278872611411
54518.0;185215.62230010392;0.4254956282768703;0.4355847275136657;0.21448918153264343;0.8509912565537406
54400.0;242315.7153001039;0.41627269471912026;0.4368063607752195;0.28061401517741824;0.8325453894382405
54341.0;174516.35810010388;0.4209709018223819;0.43741717740599634;0.2020988853321364;0.8419418036447638
54322.0;308498.1703396104;0.4010639436305706;0.43761388106675503;0.35725668946676065;0.8021278872611411
54278.0;233100.7563001039;0.4113950634675051;0.43806940533377503;0.2699426204580012;0.8227901269350102
54277.0;294802.7997396105;0.4010639436305706;0.4380797581580255;0.34139674852711044;0.8021278872611411
54223.0;168415.9233001039;0.41627269471912015;0.4386388106675501;0.1950342692322853;0.8325453894382403
54166.0;399095.18659717374;0.3918363233354998;0.4392289216498261;0.46217267670944934;0.7836726466709996
54106.0;319693.7888350495;0.3973869910520174;0.4398500911048534;0.3702217893758146;0.7947739821040348
53839.0;266444.92613961047;0.4010639436305706;0.442614295179725;0.3085568777703403;0.8021278872611411
53407.0;281529.37983844284;0.39565941090762485;0.4470867152559218;0.32602544811851114;0.7913188218152497
53246.0;0.0;0.3009568440770061;0.44875351996024515;0.0;0.6019136881540122
45661.0;0.0;0.24608102699981418;0.5272796918999503;0.0;0.49216205399962837
40980.0;0.0;0.23289804397465694;0.5757412622163326;0.0;0.4657960879493139
36506.0;0.0;0.20322945168094297;0.6220597979128706;0.0;0.40645890336188595
25668.0;0.0;0.18621840439632772;0.7342637071393076;0.0;0.37243680879265545
