70509.0;696126.23559611;0.49895081681725745;0.27003271492463143;0.8061498520598928;0.9979016336345149
69808.0;702538.9760522222;0.49524717299297827;0.27729004472420077;0.8135761341128402;0.9904943459859565
69799.0;663388.6079522222;0.49524717299297827;0.27738322014245487;0.7682380016908108;0.9904943459859565
69667.0;653592.6397961099;0.4970683326863403;0.278749792943515;0.7568937685962616;0.9941366653726806
69590.0;679811.7054522226;0.49437691345193524;0.27954696041080007;0.7872567901561719;0.9887538269038705
69220.0;635797.1174522224;0.4923164937468077;0.2833775053834686;0.7362856418352169;0.9846329874936154
69179.0;645251.3557522222;0.4911249915035026;0.2838019711777373;0.7472341342453003;0.9822499830070052
68745.0;626314.1339322231;0.4868956286584289;0.288295096902435;0.7253038609873977;0.9737912573168578
68295.0;608476.926032223;0.4835206085962977;0.29295386781514;0.7046474602163033;0.9670412171925954
67472.0;618558.0541156175;0.4777541788743596;0.30147424217326485;0.7163219231189492;0.9555083577487192
67228.0;599202.3598761109;0.4777541788743596;0.304000331290376;0.6939070373556895;0.9555083577487192
67224.0;591288.5004522223;0.4776013611809573;0.3040417425873778;0.6847423826169876;0.9552027223619146
66922.0;583052.2245156176;0.4751077121558162;0.30716829551101543;0.6752043530351365;0.9502154243116324
66751.0;575617.6892510545;0.4730673766219944;0.3089386284578433;0.6665947802346956;0.9461347532439888
66702.0;566870.5199510546;0.47306737662199433;0.3094459168461156;0.6564651099585863;0.9461347532439887
66498.0;559259.8958160052;0.47306737662199433;0.3115578929932086;0.6476516172228906;0.9461347532439887
66262.0;554164.4957196113;0.4777541788743596;0.3140011595163161;0.6417508828102931;0.9555083577487192
65918.0;460300.4188001038;0.4867849067458369;0.31756253105847276;0.5330514719087596;0.9735698134916738
65896.0;537500.388736217;0.47306737662199433;0.31779029319198276;0.6224529930132366;0.9461347532439887
65784.0;520491.70763222326;0.4706190738471958;0.3189498095080338;0.602756068727691;0.9412381476943916
65503.0;503996.57531561755;0.46974232687488465;0.3218589531224118;0.5836538602534579;0.9394846537497693
65224.0;486222.35715504835;0.47306737662199433;0.3247473910882889;0.5630704048283752;0.9461347532439887
65150.0;498491.2744322232;0.46804739952564056;0.3255135000828226;0.5772784397251781;0.9360947990512811
65136.0;548522.5111156176;0.4679025191801178;0.325658439622329;0.6352171755295455;0.9358050383602357
64731.0;428937.67569610995;0.4730728697201034;0.32985133344376344;0.49673180828937796;0.9461457394402067
64725.0;543279.0309510547;0.4625256061430543;0.32991345038926617;0.6291449568100174;0.9250512122861086
64691.0;449640.5276196115;0.4679025191801179;0.3302654464137817;0.5207067716824139;0.9358050383602358
64478.0;530504.1724344488;0.4651289172732259;0.3324705979791287;0.614351016032266;0.9302578345464518
64412.0;438507.4792522221;0.4653503082901998;0.33315388437965876;0.5078141311878904;0.9307006165803996
64290.0;414696.86459893617;0.4679025191801179;0.33441692893821434;0.4802402193042728;0.9358050383602358
63986.0;492334.1253522223;0.46252560614305444;0.33756418751035283;0.5701481455829052;0.9250512122861089
63918.0;369618.9271001038;0.4730728697201034;0.3382681795593838;0.4280376577749974;0.9461457394402067
63838.0;376178.1822562161;0.4706190738471958;0.3390964054994202;0.43563361135832274;0.9412381476943916
63737.0;364150.97410010383;0.4730728697201034;0.34014204074871623;0.42170548800948676;0.9461457394402067
63529.0;350628.8400001038;0.4730728697201034;0.342295428192811;0.4060461638139055;0.9461457394402067
63430.0;476852.84253621707;0.46252560614305444;0.3433203577936061;0.5522200267825372;0.9250512122861089
62539.0;358885.74820010393;0.46512891727322586;0.352544724200762;0.415608086614017;0.9302578345464517
62281.0;423846.2789550485;0.46252560614305444;0.3552157528573795;0.49083570996739734;0.9250512122861089
62189.0;344792.8505001039;0.4651289172732259;0.3561682126884214;0.3992877889222894;0.9302578345464518
62183.0;402350.14153621707;0.45957094005100174;0.35623032963392415;0.46594208132084775;0.9191418801020035
62147.0;397536.18735504843;0.45957094005100174;0.35660303130694054;0.46036727570006974;0.9191418801020035
62058.0;296128.65930010384;0.4679025191801179;0.3575244326652311;0.34293216183850306;0.9358050383602358
61942.0;326373.5270001039;0.4651289172732259;0.3587253602782839;0.3779572684573439;0.9302578345464518
61892.0;337280.2688001039;0.46222671666788545;0.3592430014908067;0.39058783435031913;0.9244534333357709
61728.0;288073.85340010386;0.47054979642497324;0.3609408646678814;0.3336042838580162;0.9410995928499465
61684.0;387462.9973350494;0.45326143803496616;0.36139638893490145;0.44870200548160194;0.9065228760699323
61199.0;312898.5325001039;0.4651289172732259;0.36641750869637235;0.36235253433411296;0.9302578345464518
61073.0;510848.29973222327;0.43895868144919004;0.3677219645519298;0.5915885082272868;0.8779173628983801
61046.0;303982.5468801049;0.46222671666788545;0.3680014908066921;0.35202736610887675;0.9244534333357709
60979.0;272039.7332001039;0.4679025191801179;0.3686951300314726;0.3150359510382199;0.9358050383602358
60965.0;503313.27003222326;0.43895868144919004;0.368840069570979;0.5828625577210251;0.8779173628983801
60748.0;482559.33965105464;0.43895868144919004;0.3710866324333278;0.5588284428566236;0.8779173628983801
60563.0;279489.3835001039;0.46512891727322586;0.37300190491966206;0.3236630278242288;0.9302578345464517
60435.0;471130.3302322233;0.4350122256270499;0.3743270664237204;0.54559306429875;0.8700244512540998
60317.0;264811.13540010387;0.45919347905706376;0.37554869968527416;0.30666486437449086;0.9183869581141275
59960.0;245115.37180010387;0.4651289172732259;0.37924465794268675;0.2838561608657801;0.9302578345464518
59876.0;464915.51031600515;0.43895868144919004;0.380114295179725;0.5383959843729405;0.8779173628983801
59783.0;236184.77440010387;0.46222671666788545;0.3810771078350174;0.27351407145055867;0.9244534333357709
59409.0;409059.1519522223;0.4309095433609394;0.38494906410468777;0.47371145916896096;0.8618190867218788
59088.0;458424.5769160052;0.4222171098570516;0.38827232068908396;0.5308791508841699;0.8444342197141032
58574.0;254635.05070010386;0.44928043153945346;0.39359367235381815;0.2948804368440026;0.8985608630789069
58385.0;220924.6523001039;0.44928043153945346;0.3955503561371542;0.25584206809214993;0.8985608630789069
57848.0;415862.3256156176;0.42501713040841205;0.40110982275964885;0.481589882882711;0.8500342608168241
57493.0;436445.67179717374;0.4222171098570515;0.40478507536856057;0.5054264525028026;0.844434219714103
57365.0;396244.4733510546;0.42221710985705146;0.4061102368726188;0.4588714046928068;0.8444342197141029
57016.0;386199.9979550485;0.4222171098570515;0.4097233725360278;0.4472393874803316;0.844434219714103
56790.0;363539.57085504854;0.4222171098570515;0.4120631108166308;0.4209974517218899;0.844434219714103
56723.0;300573.885700104;0.4254956282768703;0.4127567500414113;0.34807996179415934;0.8509912565537406
56559.0;198580.89020010387;0.438081650291751;0.414454613218486;0.22996684663041037;0.876163300583502
56526.0;231260.94930010394;0.4340461332085858;0.414796256418751;0.26781202967571494;0.8680922664171716
56390.0;356033.4232550485;0.4176172207153524;0.416204240516813;0.41230494816741886;0.8352344414307048
56374.0;226034.1825001039;0.4340461332085858;0.41636988570482025;0.26175916588878495;0.8680922664171716
56327.0;334802.7485362172;0.42221710985705163;0.4168564684445917;0.3877187389304383;0.8444342197141033
56186.0;345696.07493621716;0.4176172207153525;0.4183162166639059;0.400333769102775;0.835234441430705
56150.0;319032.4582550485;0.4222171098570515;0.4186889183369223;0.3694559346759498;0.844434219714103
56114.0;324295.21655504854;0.41761722071535246;0.4190616200099387;0.3755504784641738;0.8352344414307049
55860.0;193346.73940010392;0.4340461332085858;0.42169123736955444;0.22390543179310596;0.8680922664171716
55774.0;249213.14800010395;0.42985235241121367;0.42258158025509357;0.28860159568562394;0.8597047048224273
55530.0;292000.0634562161;0.41761722071535257;0.42510766937220473;0.3381510362917621;0.8352344414307051
55367.0;285709.4203001039;0.4209709018223819;0.426795179725029;0.3308661491687838;0.8419418036447638
55312.0;381621.42641961155;0.41139506346750504;0.42736458505880404;0.4419371670249031;0.8227901269350101
55139.0;371302.6169196115;0.41139506346750515;0.42915562365413285;0.4299874568624411;0.8227901269350103
55121.0;216052.3004001039;0.4254956282768703;0.42934197449064104;0.25019963492052094;0.8509912565537406
55023.0;329571.28325504845;0.4128407488477068;0.4303565512671857;0.3816604340615531;0.8256814976954135
54985.0;270459.1417562161;0.40788149071685376;0.430749958588703;0.3132055451527613;0.8157629814337075
54769.0;210692.65500010393;0.4209709018223819;0.4329861686268014;0.24399289090576107;0.8419418036447638
54680.0;242489.71680010387;0.41627269471912015;0.43390756998509195;0.2808155178306878;0.8325453894382403
54631.0;204062.70030010393;0.4298523524112138;0.43441485837336424;0.23631506362779336;0.8597047048224276
54518.0;183446.95550010388;0.4254956282768703;0.4355847275136657;0.21244097474735782;0.8509912565537406
54227.0;175907.8969001039;0.41627269471912015;0.4385973993705483;0.20371035856844533;0.8325453894382403
54223.0;168415.9233001039;0.41627269471912015;0.4386388106675501;0.1950342692322853;0.8325453894382403
53961.0;305653.8312362171;0.40273269387872657;0.4413512506211695;0.35396279903402156;0.8054653877574531
53780.0;261454.1073001039;0.40633154666022847;0.4432251118105019;0.30277725381222204;0.8126630933204569
53520.0;279675.18493844284;0.4010751040220532;0.4459168461156203;0.323878195410753;0.8021502080441064
53251.0;188821.2612001039;0.41139506346750493;0.44870175583899286;0.21866469614074796;0.8227901269350099
53246.0;0.0;0.3009568440770061;0.44875351996024515;0.0;0.6019136881540122
45656.0;0.0;0.24608102699981427;0.5273314560212026;0.0;0.49216205399962853
40107.0;0.0;0.2239394209225151;0.5847792777869802;0.0;0.4478788418450302
32479.0;0.0;0.18621840439632767;0.663750621169455;0.0;0.37243680879265534
21641.0;0.0;0.16717913724636344;0.775954530395892;0.0;0.33435827449272687
