70509.0;689459.7995961095;0.49895081681725745;0.27003271492463143;0.798429777567132;0.9979016336345149
70240.0;746539.8531961096;0.49843188707018043;0.27281762464800396;0.8645314045598382;0.9968637741403609
70131.0;716885.48509611;0.49780845732391865;0.27394608249130364;0.830190126736466;0.9956169146478373
69976.0;704785.02839611;0.4970801343920781;0.27555077025012426;0.8161771778203705;0.9941602687841562
69667.0;648930.5193356164;0.4956434856908257;0.278749792943515;0.7514947942043628;0.9912869713816514
69653.0;681687.8269522224;0.49437691345193524;0.2788947324830214;0.7894294349903033;0.9887538269038705
69384.0;690960.3877522225;0.4934002314958247;0.2816796422063939;0.8001675355457798;0.9868004629916494
69375.0;669409.4333356165;0.49184646432049567;0.281772817624648;0.775210426006848;0.9836929286409913
69070.0;680594.5898156173;0.4889969918839256;0.28493042902103694;0.7881634103659247;0.9779939837678512
68792.0;634292.6540356164;0.48740675355264257;0.28780851416266356;0.7345433961063401;0.9748135071052851
68541.0;663464.9745156175;0.48570476056455375;0.2904070730495279;0.7683264380844351;0.9714095211291075
68491.0;617144.0382156174;0.4838898336920933;0.2909247142620507;0.7146844202490577;0.9677796673841866
68321.0;618442.4443522221;0.4835206085962977;0.29268469438462813;0.7161880410888055;0.9670412171925954
68103.0;657213.1725522223;0.48166307761377886;0.29494161007122743;0.7610865310529424;0.9633261552275577
68020.0;601293.828532223;0.47969047043334834;0.29580089448401525;0.6963290652315228;0.9593809408666967
67802.0;640064.556732223;0.47760136118095736;0.29805781017061456;0.7412275551956596;0.9552027223619147
67741.0;590709.3927356165;0.4904765625628579;0.2986893324498923;0.6840717462062385;0.9809531251257158
67420.0;576324.4564356166;0.48628450235443726;0.30201258903428857;0.6674132528509268;0.9725690047088745
67017.0;557199.6651356166;0.4889969918839256;0.30618477720722215;0.6452657645236567;0.9779939837678512
66826.0;583348.1259156174;0.4722255808322457;0.30816216663905915;0.67554702201906;0.9444511616644914
66313.0;480218.80730010394;0.4889969918839256;0.3134731654795428;0.556117986459524;0.9779939837678512
66283.0;556703.6470410614;0.4730728697201034;0.3137837502070565;0.6446913501529611;0.9461457394402067
65872.0;596228.9751749435;0.47054979642497324;0.3180387609739937;0.6904637055081106;0.9410995928499465
65364.0;508455.1937001039;0.4754737163124691;0.3232979956932251;0.5888171688133877;0.9509474326249382
65087.0;567386.6911805681;0.4679025191801178;0.3261657280106013;0.6570628626922604;0.9358050383602357
65042.0;490637.2286356166;0.4727008425265248;0.3266316051018718;0.5681830522318678;0.9454016850530496
64792.0;546034.4940522222;0.46804739952564056;0.3292198111644857;0.6323359242779516;0.9360947990512811
64335.0;528688.6246522223;0.46804739952564056;0.33395105184694385;0.6122485186672639;0.9360947990512811
64064.0;499889.23713561654;0.4679025191801179;0.3367566672188173;0.5788973521707933;0.9358050383602358
64062.0;493206.8293196114;0.46440178687880646;0.3367773728673182;0.5711587814966635;0.9288035737576129
63566.0;424771.55145621614;0.46535030829019963;0.34191237369554417;0.4919072229370136;0.9307006165803993
63195.0;510617.4540410616;0.4560265896903735;0.34575327149246315;0.5913211770878143;0.912053179380747
63029.0;519452.51849717373;0.45326143803496616;0.34747184031803874;0.6015526344586679;0.9065228760699323
62918.0;455458.6544033934;0.45854784746110333;0.34862100380983935;0.5274444606333196;0.9170956949222067
62392.0;432336.8980522222;0.45957094005100174;0.35406658936557894;0.5006682819623635;0.9191418801020035
62134.0;469257.58905222226;0.45326143803496616;0.35673761802219645;0.5434243340483932;0.9065228760699323
61956.0;389037.0201396105;0.46154017288763305;0.35858042073877755;0.45052480454612687;0.9230803457752661
61763.0;448415.22815105465;0.44639932374083513;0.36057851581911543;0.519287812110433;0.8927986474816703
60782.0;292909.4900001039;0.4651289172732259;0.3707346364088123;0.339204198830862;0.9302578345464518
60550.0;459861.59881445;0.43369955990497533;0.373136491634918;0.532543295879145;0.8673991198099507
60313.0;376043.4556384427;0.44875988480732637;0.37559011098227596;0.43547759103121414;0.8975197696146527
60120.0;440842.24535222223;0.4389586814491901;0.3775882060626139;0.5105179099709122;0.8779173628983802
59665.0;232373.3262001039;0.45919347905706376;0.38229874109657114;0.26910021912687376;0.9183869581141275
59541.0;419695.31101961154;0.4376906569892459;0.38358249130362765;0.4860286763922408;0.8753813139784918
58848.0;366924.4174450553;0.44196323894698325;0.3907569985091933;0.4249172775210752;0.8839264778939665
58820.0;259316.8343001039;0.4527232438144536;0.39104687758820605;0.30030218215903803;0.9054464876289072
58519.0;370566.4438562161;0.43501222562704994;0.3941630776875932;0.4291349307316905;0.8700244512540999
58280.0;363079.16863961046;0.43769065698924586;0.39663740268345204;0.42046428236425804;0.8753813139784917
58040.0;319191.8740384428;0.45067518464658807;0.39912208050356135;0.3696405463219816;0.9013503692931761
58028.0;223402.2044001039;0.44569492091319596;0.3992463143945668;0.25871120037988127;0.8913898418263919
57832.0;328203.21435621614;0.43090954336093945;0.4012754679476561;0.3800761401734525;0.8618190867218789
57762.0;294674.6940001039;0.4428284307077906;0.40200016564518803;0.3412483955163051;0.8856568614155812
57491.0;397594.42371961154;0.4254956282768703;0.40480578101706144;0.46043471639441;0.8509912565537406
57399.0;386681.2351384429;0.42501713040841194;0.40575824084810336;0.4477966847984924;0.8500342608168239
57202.0;377930.2878522223;0.4222171098570515;0.4077977472254431;0.4376626394207461;0.844434219714103
57116.0;357435.41319611;0.4267297407443719;0.4086880901109823;0.4139285243606194;0.8534594814887438
56819.0;413159.34085222223;0.4222171098570514;0.41176287891336755;0.47845968801903743;0.8444342197141028
56559.0;198580.89020010392;0.438081650291751;0.414454613218486;0.22996684663041042;0.876163300583502
56265.0;342175.27370339335;0.4209709018223819;0.41749834354811993;0.39625650086055353;0.8419418036447638
56097.0;287092.1310001039;0.4254956282768703;0.41923761802219645;0.3324673990129189;0.8509912565537406
56074.0;270577.6101396104;0.4161117077631873;0.41947573297995694;0.3133427376113465;0.8322234155263746
55395.0;335274.4073033934;0.4112828452894913;0.4265053006460162;0.3882649439517966;0.8225656905789825
55084.0;187991.35260010394;0.4209709018223819;0.4297250289879079;0.21770361945536734;0.8419418036447638
54806.0;306975.14375621616;0.40788149071685376;0.43260311412953456;0.35549294663952014;0.8157629814337075
54650.0;211647.94525621613;0.4176172207153525;0.4342181547126056;0.24509916597378756;0.835234441430705
54362.0;405795.3043794005;0.3956594109076249;0.4371997680967368;0.46993175643196644;0.7913188218152498
54341.0;174516.3581001039;0.4209709018223819;0.43741717740599634;0.20209888533213644;0.8419418036447638
54223.0;168415.9233001039;0.41627269471912015;0.4386388106675501;0.1950342692322853;0.8325453894382403
54041.0;241079.97393844282;0.4062692334036498;0.440523024681133;0.279182963358154;0.8125384668072996
53833.0;304101.4197362172;0.40273269387872657;0.44267641212522774;0.3521650269675955;0.8054653877574531
53624.0;370337.02315222233;0.3918363233354997;0.44484015239357294;0.4288692498003783;0.7836726466709995
53466.0;275139.8834396105;0.4010639436305706;0.4464758986251449;0.318626083874977;0.8021278872611411
53458.0;351020.6537971737;0.3860718503101927;0.4465587212191486;0.40649990426842586;0.7721437006203854
53340.0;435172.47639600607;0.38008384418169544;0.44778035448070236;0.5039520269865516;0.7601676883633909
53246.0;0.0;0.3009568440770061;0.44875351996024515;0.0;0.6019136881540122
52219.0;0.0;0.2911669977675984;0.459385870465463;0.0;0.5823339955351968
52023.0;0.0;0.29116699776759836;0.4614150240185523;0.0;0.5823339955351967
51187.0;0.0;0.28085210497759894;0.4700699850919331;0.0;0.5617042099551979
49964.0;0.0;0.26995198617688826;0.48273148915024017;0.0;0.5399039723537765
49040.0;0.0;0.2699519861768882;0.4922974987576611;0.0;0.5399039723537764
48631.0;0.0;0.25839258987148134;0.4965318038760974;0.0;0.5167851797429627
48149.0;0.0;0.2583925898714813;0.501521865164817;0.0;0.5167851797429626
47162.0;0.0;0.24608102699981427;0.5117401027000166;0.0;0.49216205399962853
46821.0;0.0;0.24608102699981418;0.5152704157694219;0.0;0.49216205399962837
45651.0;0.0;0.24608102699981405;0.5273832201424549;0.0;0.4921620539996281
45593.0;0.0;0.232898043974657;0.5279836839489813;0.0;0.465796087949314
45206.0;0.0;0.23289804397465694;0.5319902269339075;0.0;0.4657960879493139
43783.0;0.0;0.21868610292907464;0.5467222958423058;0.0;0.4373722058581493
43396.0;0.0;0.21868610292907456;0.5507288388272321;0.0;0.4373722058581491
42593.0;0.0;0.21868610292907448;0.5590421567003478;0.0;0.43737220585814895
41827.0;0.0;0.2032294516809432;0.5669724200761967;0.0;0.4064589033618864
41124.0;0.0;0.20322945168094295;0.574250455524267;0.0;0.4064589033618859
39555.0;0.0;0.18621840439632775;0.5904940367732318;0.0;0.3724368087926555
38391.0;0.0;0.18621840439632772;0.602544724200762;0.0;0.37243680879265545
38075.0;0.0;0.18621840439632767;0.605816216663906;0.0;0.37243680879265534
37237.0;0.0;0.18110700993677661;0.6144918833857876;0.0;0.36221401987355323
36119.0;0.0;0.16717913724636344;0.6260663408977969;0.0;0.33435827449272687
33801.0;0.0;0.16141922123995026;0.6500641875103528;0.0;0.3228384424799005
27043.0;0.0;0.14928315533461411;0.7200285737949312;0.0;0.29856631066922823
20285.0;0.0;0.1453166178181594;0.7899929600795097;0.0;0.2906332356363188
