70509.0;687691.1327961102;0.49895081681725745;0.27003271492463143;0.7963815707818472;0.9979016336345149
70136.0;697680.84669611;0.49780845732391865;0.27389431837005135;0.8079501713758318;0.9956169146478373
69968.0;714457.5673761107;0.4962464564310941;0.27563359284412786;0.8273784736041645;0.9924929128621882
69690.0;705647.0950522223;0.49437691345193524;0.2785116779857545;0.8171754951825879;0.9887538269038705
69612.0;697290.5551761109;0.49426083560626355;0.27931919827729007;0.8074981937961648;0.9885216712125271
69179.0;667257.2053522222;0.4911249915035026;0.2838019711777373;0.7727180357165628;0.9822499830070052
69031.0;644116.5673156176;0.4889969918839256;0.2853341891668047;0.7459199910863303;0.9779939837678512
68905.0;660295.5316310556;0.48841546748140896;0.2866386450223621;0.7646560608139766;0.9768309349628179
68780.0;631469.9737322233;0.4868956286584289;0.28793274805366903;0.731274587673852;0.9737912573168578
68633.0;622687.4626156176;0.48570476056455386;0.289454613218486;0.7211039897631106;0.9714095211291077
68343.0;611190.5744322232;0.4835206085962977;0.29245693225111813;0.7077900041175964;0.9670412171925954
68162.0;606837.2529322233;0.48166307761377886;0.29433079344045054;0.702748634745576;0.9633261552275577
67673.0;636301.3966144499;0.47775417887435956;0.2993933244989233;0.7368696229455949;0.9555083577487191
67417.0;595949.2686322232;0.47969047043334834;0.30204364750703994;0.6901397909987818;0.9593809408666967
67202.0;612622.5369310556;0.47306737662199433;0.3042695047208879;0.7094482900685641;0.9461347532439887
66893.0;590768.8082144498;0.47775417887435956;0.3074685274142786;0.6841405523753243;0.9555083577487191
66798.0;574023.0591356166;0.47547371631246904;0.3084520457180719;0.6647481168482056;0.9509474326249381
66408.0;580526.8728144501;0.47054979642497324;0.31248964717574956;0.6722798663598828;0.9410995928499465
65996.0;544196.8183156176;0.4730728697201034;0.31675501076693724;0.6302078016078884;0.9461457394402067
65937.0;559229.5552310557;0.4653503082901998;0.3173658273977141;0.6476164812707921;0.9307006165803996
65663.0;539211.5052350495;0.47306737662199433;0.3202025012423389;0.6244345536007496;0.9461347532439887
65577.0;518327.6781350494;0.4706190738471958;0.3210928441278781;0.6002500116797103;0.9412381476943916
65284.0;564820.4778322233;0.4625256061430544;0.32412622163326155;0.654091056135723;0.9250512122861088
65044.0;535978.2512322232;0.46535030829019963;0.3266108994533709;0.6206902797855005;0.9307006165803993
64653.0;469141.2965384428;0.46974232687488465;0.33065885373529896;0.5432896613583189;0.9394846537497693
64350.0;511103.9713310557;0.4564837863822441;0.333795759483187;0.5918845890399833;0.9129675727644883
63951.0;495040.9381362172;0.4625256061430544;0.3379265363591188;0.5732827734905902;0.9250512122861088
63864.0;483186.9739184439;0.46154017288763305;0.3388272320689084;0.5595552754998011;0.9230803457752661
63576.0;551257.6597310556;0.45326143803496616;0.3418088454530396;0.6383846177820403;0.9065228760699323
63152.0;515501.2700761111;0.4560265896903736;0.3461984429352327;0.5969768863152813;0.9120531793807471
63121.0;526801.0853310556;0.45326143803496616;0.3465193804869969;0.6100626514111437;0.9065228760699323
62642.0;492112.0064156176;0.4487598848073264;0.35147838330296505;0.5698909204723902;0.8975197696146529
62272.0;403657.5275033933;0.45854784746110333;0.3553089282756336;0.4674561012645463;0.9170956949222067
62073.0;475968.1724510546;0.4463993237408351;0.35736914030147426;0.5511955334912237;0.8927986474816701
61892.0;337280.2688001039;0.46222671666788545;0.3592430014908067;0.39058783435031913;0.9244534333357709
61889.0;460254.75371445;0.445216996745336;0.35927405996355805;0.5329985893995799;0.890433993490672
61505.0;329910.2910001039;0.4679025191801179;0.363249544475733;0.3820530224019273;0.9358050383602358
61336.0;425206.1047184439;0.44875988480732637;0.36499917177405994;0.49241045788226323;0.8975197696146527
60909.0;506554.07753105566;0.43501222562704994;0.36941982772900445;0.5866155788717093;0.8700244512540999
60618.0;386853.96401844383;0.44521699674533594;0.37243249958588703;0.44799671369259086;0.8904339934906719
60522.0;446408.3014356167;0.4419632389469833;0.37342637071393076;0.5169636881340396;0.8839264778939666
60438.0;348149.7753384428;0.4521605687394479;0.374296007950969;0.4031752799022634;0.9043211374788958
60216.0;436105.22573222325;0.4309095433609394;0.3765943349345702;0.5050321985142869;0.8618190867218788
59606.0;422427.1548196115;0.4419632389469833;0.382909557727348;0.48919229149911125;0.8839264778939666
59576.0;416014.79208056815;0.43369955990497533;0.3832201424548617;0.4817664468618845;0.8673991198099507
59305.0;310376.5197001039;0.4608164917642026;0.38602575782673515;0.3594319142775048;0.9216329835284052
59042.0;307484.4581356166;0.44152848136754896;0.38874855060460495;0.3560827587894014;0.8830569627350979
58039.0;429018.830934449;0.4298523524112136;0.39913243332781184;0.49682579021397083;0.8597047048224272
57892.0;261734.0748001039;0.44569492091319596;0.4006542984926288;0.30310147052345304;0.8913898418263919
57673.0;397981.0323350496;0.41761722071535257;0.40292156700347853;0.4608824289818742;0.8352344414307051
57181.0;361515.5234522223;0.4222171098570515;0.40801515653470266;0.4186535011121943;0.844434219714103
57067.0;373338.90893444896;0.4209709018223819;0.4091953784992546;0.43234558736029;0.8419418036447638
56888.0;272332.6743396105;0.43763040815033666;0.4110485340400861;0.3153751918888011;0.8752608163006733
56606.0;277686.5230650544;0.4340461332085858;0.4139680304787146;0.32157522305738895;0.8680922664171716
56538.0;390848.0457144499;0.4112828452894913;0.41467202252774554;0.4526220649632454;0.8225656905789825
56175.0;324618.5018396105;0.42048257378059295;0.4184300977306609;0.37592485938963854;0.8409651475611859
55952.0;356337.74775504845;0.4128407488477067;0.4207387775385125;0.412657371532763;0.8256814976954134
55687.0;247037.64550010388;0.4298523524112136;0.4234822759648832;0.28608225231246526;0.8597047048224272
55587.0;218986.22810010388;0.4340461332085857;0.4245175583899288;0.253597273538873;0.8680922664171714
55335.0;237229.3845001039;0.4254956282768703;0.42712647010104354;0.2747237834747782;0.8509912565537406
55124.0;375462.3026322233;0.40273269387872657;0.4293109160178897;0.43480458607028666;0.8054653877574531
54836.0;290233.6726562162;0.4128407488477068;0.4322925294020209;0.3361054652311045;0.8256814976954135
54835.0;197857.5708001039;0.4254956282768704;0.43230288222627133;0.22912920570052542;0.8509912565537407
54697.0;202275.85383961047;0.4207621816833346;0.4337315719728342;0.23424580386408536;0.8415243633666692
54518.0;185215.62230010395;0.4254956282768703;0.4355847275136657;0.21448918153264346;0.8509912565537406
54341.0;174516.3581001039;0.4209709018223819;0.43741717740599634;0.20209888533213644;0.8419418036447638
54223.0;168415.9233001039;0.41627269471912015;0.4386388106675501;0.1950342692322853;0.8325453894382403
53987.0;319301.09413844295;0.39004735313571587;0.4410820771906576;0.3697670287944913;0.7800947062714317
53804.0;252691.57299611;0.411395063467505;0.44297664402849096;0.2926297900741467;0.82279012693501
53721.0;384357.9423794005;0.3842186768309597;0.4438359284412788;0.44510619273222224;0.7684373536619195
53645.0;287770.58583561657;0.4010639436305706;0.4446227430843134;0.3332530844781557;0.8021278872611411
53641.0;314701.6909550485;0.3973869910520175;0.44466415438131524;0.3644406842232626;0.794773982104035
53601.0;235418.76686505438;0.41139506346750504;0.44507826735133343;0.2726269954728402;0.8227901269350101
53441.0;298179.52023844287;0.3950734726011095;0.44673471923140634;0.34530716389631466;0.790146945202219
53412.0;365142.8638794004;0.3900473531357157;0.4470349511346695;0.4228541472008114;0.7800947062714314
53301.0;411727.11509600613;0.38008384418169555;0.4481841146264701;0.47680109720252944;0.7601676883633911
53246.0;0.0;0.3009568440770061;0.44875351996024515;0.0;0.6019136881540122
52219.0;0.0;0.2911669977675984;0.459385870465463;0.0;0.5823339955351968
52023.0;0.0;0.29116699776759836;0.4614150240185523;0.0;0.5823339955351967
51187.0;0.0;0.28085210497759894;0.4700699850919331;0.0;0.5617042099551979
49964.0;0.0;0.26995198617688826;0.48273148915024017;0.0;0.5399039723537765
49040.0;0.0;0.2699519861768882;0.4922974987576611;0.0;0.5399039723537764
48631.0;0.0;0.25839258987148134;0.4965318038760974;0.0;0.5167851797429627
48149.0;0.0;0.2583925898714813;0.501521865164817;0.0;0.5167851797429626
47162.0;0.0;0.24608102699981427;0.5117401027000166;0.0;0.49216205399962853
46238.0;0.0;0.2460810269998141;0.5213061123074375;0.0;0.4921620539996282
45651.0;0.0;0.24608102699981405;0.5273832201424549;0.0;0.4921620539996281
45593.0;0.0;0.232898043974657;0.5279836839489813;0.0;0.465796087949314
45206.0;0.0;0.23289804397465694;0.5319902269339075;0.0;0.4657960879493139
43783.0;0.0;0.21868610292907464;0.5467222958423058;0.0;0.4373722058581493
43637.0;0.0;0.21868610292907456;0.5482338081828723;0.0;0.4373722058581491
42593.0;0.0;0.21868610292907448;0.5590421567003478;0.0;0.43737220585814895
41827.0;0.0;0.2032294516809432;0.5669724200761967;0.0;0.4064589033618864
41124.0;0.0;0.20322945168094295;0.574250455524267;0.0;0.4064589033618859
39555.0;0.0;0.18621840439632775;0.5904940367732318;0.0;0.3724368087926555
38380.0;0.0;0.18621840439632772;0.602658605267517;0.0;0.37243680879265545
38064.0;0.0;0.18621840439632767;0.605930097730661;0.0;0.37243680879265534
36108.0;0.0;0.16717913724636344;0.6261802219645519;0.0;0.33435827449272687
32028.0;0.0;0.15394919975017193;0.6684197449064104;0.0;0.30789839950034387
25270.0;0.0;0.1453166178181595;0.7383841311909889;0.0;0.290633235636319
