70509.0;689459.7995961097;0.49895081681725745;0.27003271492463143;0.7984297775671321;0.9979016336345149
70400.0;711990.37369611;0.49843188707018043;0.2711611727679311;0.8245213368975834;0.9968637741403609
70182.0;705928.5784961099;0.49780845732391865;0.2734180884545304;0.8175014674345216;0.9956169146478373
69926.0;671176.4530961098;0.4962464564310941;0.276068411462647;0.7772567254359863;0.9924929128621882
69917.0;728951.1664522223;0.4960115702783143;0.2761615868809011;0.8441628040223643;0.9920231405566285
69808.0;685873.5006522221;0.49524717299297827;0.27729004472420077;0.7942766596192331;0.9904943459859565
69535.0;653581.542552222;0.4934002314958247;0.2801163657445751;0.7568809174191891;0.9868004629916494
69334.0;658125.263452222;0.4923164937468077;0.2821972834189167;0.7621427790529482;0.9846329874936154
69281.0;667228.8643322232;0.4911249915035026;0.2827459831041908;0.7726852153631397;0.9822499830070052
68919.0;646515.2391322231;0.4898249383531078;0.28649370548285574;0.7486977759638689;0.9796498767062156
68702.0;636644.251432223;0.4884154674814089;0.28874026834520455;0.7372666663933097;0.9768309349628178
68466.0;628271.051032223;0.48526438487430473;0.29118353486831206;0.7275700712664969;0.9705287697486095
68295.0;615681.7215322232;0.4835206085962977;0.29295386781514;0.7129909825969434;0.9670412171925954
68201.0;612851.9455322232;0.48166307761377886;0.2939270332946828;0.7097139569841835;0.9633261552275577
67983.0;606790.1503322232;0.47969047043334834;0.2961839489812821;0.7026940875211215;0.9593809408666967
67559.0;601492.6930322231;0.48166307761377886;0.3005735464634752;0.6965593605128345;0.9633261552275577
67294.0;593669.8461322231;0.4776013611809573;0.30331704488984595;0.6875001029405037;0.9552027223619146
66784.0;586814.2557310554;0.4706190738471958;0.3085969852575783;0.6795609779584493;0.9412381476943916
66293.0;549123.2718322232;0.4706190738471958;0.3136802219645519;0.635912887223848;0.9412381476943916
65897.0;519186.8226156176;0.4730728697201034;0.3177799403677323;0.6012449450129081;0.9461457394402067
65880.0;526230.1531322233;0.4706190738471958;0.3179559383799901;0.6094014826689101;0.9412381476943916
65571.0;524021.296834449;0.46974232687488465;0.3211549610733808;0.6068435138887973;0.9394846537497693
65535.0;505518.204936217;0.47306737662199433;0.3215276627463972;0.5854159853261981;0.9461347532439887
65181.0;577872.8610310557;0.4625256061430543;0.3251925625310585;0.6692063847165477;0.9250512122861086
64983.0;468488.3497801048;0.47307008142117324;0.32724242173264867;0.5425335155535478;0.9461401628423465
64656.0;482740.8681384428;0.4722255808322457;0.3306277952625476;0.5590386621469902;0.9444511616644914
64363.0;537596.6257196114;0.4679025191801178;0.3336611727679311;0.6225644403714298;0.9358050383602357
64184.0;511958.4984971738;0.4653503082901999;0.33551432830876265;0.5928741752864453;0.9307006165803998
63856.0;498743.9516522223;0.4625256061430544;0.338910054662912;0.5775710528937462;0.9250512122861088
63521.0;397918.8181001039;0.475450989869586;0.34237825078681466;0.46081038170979494;0.950901979739172
63254.0;417256.60848010494;0.4651289172732259;0.34514245486168627;0.4832045338863089;0.9302578345464518
62875.0;464099.81255504856;0.45957094005100174;0.3490661752526089;0.5374513645673707;0.9191418801020035
62555.0;435116.3373522223;0.45648378638224407;0.35237907901275467;0.5038870150971458;0.9129675727644881
62436.0;489480.29651561764;0.45216056873944793;0.3536110650985589;0.5668432655528298;0.9043211374788959
62170.0;425736.2690384428;0.4554222341107456;0.35636491634918005;0.4930244153317603;0.9108444682214912
62112.0;490013.17168056814;0.44875988480732637;0.3569653801557065;0.5674603622996912;0.8975197696146527
61805.0;336364.3166001038;0.46222671666788545;0.3601436972005963;0.38952711476705026;0.9244534333357709
61448.0;407542.5565562161;0.45326143803496616;0.36383965545800895;0.4719551639862659;0.9065228760699323
61154.0;431577.4529522222;0.4499009900837369;0.36688338578764285;0.49978880562070777;0.8998019801674738
60700.0;339706.84090010385;0.45919347905706376;0.37158356799734965;0.3933979291857084;0.9183869581141275
60418.0;443720.5088184438;0.4415204221571942;0.37450306443597814;0.5138510865541751;0.8830408443143885
59783.0;242330.8906001039;0.46222671666788545;0.3810771078350174;0.2806315889524384;0.9244534333357709
59727.0;421491.07033621706;0.4389586814491901;0.3816568659930429;0.48810825770004346;0.8779173628983802
59400.0;271174.0580001039;0.4560265896903736;0.38504223952294186;0.31403345479726974;0.9120531793807471
58913.0;444285.3645156175;0.4376304081503369;0.3900840649329137;0.514505218396113;0.8752608163006738
58567.0;437264.59523444896;0.4207621816833346;0.3936661421235713;0.506374807806841;0.8415243633666692
58196.0;216306.91080010394;0.4527232438144536;0.3975070399204903;0.2504944868105911;0.9054464876289072
57939.0;384195.52565504843;0.4266461277958747;0.40016771575285737;0.4449181058427857;0.8532922555917494
57811.0;325007.5711396105;0.4336995599049753;0.4014928772569157;0.376375421575917;0.8673991198099505
57488.0;292849.99840010394;0.438081650291751;0.4048368394898128;0.33913530450956453;0.876163300583502
57340.0;255916.1037001039;0.4428284307077906;0.40636905747888025;0.2963639618623444;0.8856568614155812
57296.0;316760.4504550485;0.4266461277958748;0.4068245817459003;0.3668248332202196;0.8532922555917496
56873.0;354286.9733350495;0.4176172207153525;0.41120382640384295;0.41028246966762266;0.835234441430705
56861.0;227716.83570010393;0.438081650291751;0.4113280602948484;0.26370776451771977;0.876163300583502
56723.0;300573.88570010394;0.4254956282768703;0.4127567500414113;0.3480799617941593;0.8509912565537406
56268.0;210206.4760001039;0.44569492091319596;0.41746728507536857;0.24342987071073993;0.8913898418263919
56205.0;233335.6922001039;0.43404613320858576;0.41811951300314726;0.27021468826890105;0.8680922664171715
55894.0;313713.11375504854;0.42221710985705163;0.4213392413450389;0.3632958611685083;0.8444342197141033
55568.0;212370.82210010395;0.4298523524112136;0.4247142620506874;0.24593629440101694;0.8597047048224272
55382.0;197151.9538001039;0.4492804315394534;0.4266398873612722;0.22831206505695545;0.8985608630789068
55276.0;392465.7626310556;0.4078814907168537;0.42773728673182043;0.45449546404851293;0.8157629814337074
54889.0;252051.14563961048;0.4161117077631873;0.43174382971674674;0.29188814237822974;0.8322234155263746
54844.0;327083.24745222233;0.41284074884770683;0.43220970680801724;0.3787791611087381;0.8256814976954137
54518.0;185215.6223001039;0.4254956282768703;0.4355847275136657;0.21448918153264337;0.8509912565537406
54341.0;174516.35810010388;0.4209709018223819;0.43741717740599634;0.2020988853321364;0.8419418036447638
54223.0;168415.9233001039;0.41627269471912015;0.4386388106675501;0.1950342692322853;0.8325453894382403
54000.0;313741.37453504954;0.40273269387872657;0.4409474904754017;0.36332858859990214;0.8054653877574531
53853.0;307730.98035504855;0.39738699105201747;0.44246935564021866;0.35636824415191515;0.7947739821040349
53780.0;261454.1073001039;0.40633154666022847;0.4432251118105019;0.30277725381222204;0.8126630933204569
53693.0;279761.66663844284;0.4010639436305706;0.4441258075202915;0.32397834565089045;0.8021278872611411
53456.0;282175.0571384429;0.3956594109076248;0.4465794268676495;0.3267731755180219;0.7913188218152496
53353.0;363082.3482156176;0.39565941090762474;0.4476457677654464;0.42046796447620366;0.7913188218152495
53277.0;347500.0143522222;0.3918363233354997;0.44843258240848105;0.40242282338485097;0.7836726466709995
53251.0;191110.24780010394;0.41139506346750493;0.44870175583899286;0.22131545991691418;0.8227901269350099
53247.0;371188.4961960061;0.38607185031019253;0.4487431671359947;0.42985529921667626;0.7721437006203851
53246.0;0.0;0.3009568440770061;0.44875351996024515;0.0;0.6019136881540122
52219.0;0.0;0.2911669977675984;0.459385870465463;0.0;0.5823339955351968
52023.0;0.0;0.29116699776759836;0.4614150240185523;0.0;0.5823339955351967
51187.0;0.0;0.28085210497759894;0.4700699850919331;0.0;0.5617042099551979
49964.0;0.0;0.26995198617688826;0.48273148915024017;0.0;0.5399039723537765
49040.0;0.0;0.2699519861768882;0.4922974987576611;0.0;0.5399039723537764
48631.0;0.0;0.25839258987148134;0.4965318038760974;0.0;0.5167851797429627
48149.0;0.0;0.2583925898714813;0.501521865164817;0.0;0.5167851797429626
47162.0;0.0;0.24608102699981427;0.5117401027000166;0.0;0.49216205399962853
46675.0;0.0;0.2460810269998142;0.5167819281099884;0.0;0.4921620539996284
45651.0;0.0;0.24608102699981405;0.5273832201424549;0.0;0.4921620539996281
45593.0;0.0;0.232898043974657;0.5279836839489813;0.0;0.465796087949314
45206.0;0.0;0.23289804397465694;0.5319902269339075;0.0;0.4657960879493139
43637.0;0.0;0.21868610292907456;0.5482338081828723;0.0;0.4373722058581491
41319.0;0.0;0.21442102098613058;0.5722316547954281;0.0;0.42884204197226117
40201.0;0.0;0.2032294516809432;0.5838061123074375;0.0;0.4064589033618864
38323.0;0.0;0.20322945168094295;0.6032487162497929;0.0;0.4064589033618859
37883.0;0.0;0.19859460919147306;0.6078039589199934;0.0;0.39718921838294613
36754.0;0.0;0.18621840439632772;0.6194922974987577;0.0;0.37243680879265545
32674.0;0.0;0.17455014925472498;0.6617318204406162;0.0;0.34910029850944996
27803.0;0.0;0.16906952652352036;0.7121604273645851;0.0;0.3381390530470407
25916.0;0.0;0.1671791372463634;0.7316962067251946;0.0;0.3343582744927268
21045.0;0.0;0.1576113851155769;0.7821248136491635;0.0;0.3152227702311538
14287.0;0.0;0.1492831553346141;0.8520891999337419;0.0;0.2985663106692282
7529.0;0.0;0.1453166178181594;0.9220535862183203;0.0;0.2906332356363188
