70509.0;693837.2489961099;0.49895081681725745;0.27003271492463143;0.8034990882837265;0.9979016336345149
70400.0;719819.02369611;0.49843188707018043;0.2711611727679311;0.8335873147570796;0.9968637741403609
70245.0;685712.71739611;0.49780845732391865;0.2727658605267517;0.7940904643697214;0.9956169146478373
70027.0;701656.77179611;0.49708013439207804;0.27502277621335103;0.8125544963779222;0.9941602687841561
69451.0;675533.3805761111;0.49310761117104446;0.28098600298161336;0.7823022707176278;0.9862152223420889
69236.0;659535.2898761111;0.49184646432049567;0.2832118601954613;0.7637756619050726;0.9836929286409913
69116.0;667149.7506522223;0.4911249915035026;0.284454199105516;0.772593597667717;0.9822499830070052
68971.0;651712.4429761111;0.4889969918839256;0.285955358621832;0.7547164043327418;0.9779939837678512
68877.0;644120.8777761109;0.4889969918839256;0.28692852410137487;0.7459249828204603;0.9779939837678512
68659.0;638059.0825761108;0.4874067535526426;0.2891854397879742;0.7389051133573983;0.9748135071052852
68394.0;630236.2356761108;0.48388983369209326;0.29192893821434485;0.7298458557850676;0.9677796673841865
68162.0;614042.0484322233;0.48166307761377886;0.29433079344045054;0.711092157126216;0.9633261552275577
67330.0;599187.5123322232;0.4776013611809573;0.30294434321682956;0.6938898431390425;0.9552027223619146
66889.0;578044.3551510546;0.47306737662199433;0.30750993871128046;0.6694049836952916;0.9461347532439887
66744.0;584173.2228344488;0.4727008425265248;0.3090110982275965;0.6765025265310849;0.9454016850530496
66738.0;571609.2757156175;0.4751077121558162;0.3090732151730992;0.6619528319595809;0.9502154243116324
66469.0;562100.1380322231;0.4706190738471958;0.31185812489647174;0.6509407632503459;0.9412381476943916
66398.0;552650.0115344488;0.475473716312469;0.3125931754182541;0.6399970325179388;0.950947432624938
66051.0;538569.0856344489;0.4727008425265248;0.31618560543316215;0.6236905987840761;0.9454016850530496
65927.0;528971.1518510545;0.4706190738471958;0.31746935564021866;0.612575699640908;0.9412381476943916
65918.0;460300.4188001039;0.4867849067458369;0.31756253105847276;0.5330514719087596;0.9735698134916738
65780.0;521518.9740971737;0.4706190738471958;0.3189912208050356;0.6039456959337922;0.9412381476943916
65483.0;513295.79473621707;0.47306737662199433;0.3220660096074209;0.5944228328576426;0.9461347532439887
64913.0;477162.25351961143;0.47270084252652483;0.32796711943018053;0.5525783405562963;0.9454016850530497
64720.0;467404.1414550484;0.4706190738471958;0.32996521451051847;0.5412779467556014;0.9412381476943916
64585.0;427184.0398396104;0.475473716312469;0.33136284578432995;0.4947010081068889;0.950947432624938
64531.0;440590.8957001039;0.4730700814211732;0.33192189829385454;0.5102268341939779;0.9461401628423464
64410.0;447225.4136550484;0.4706190738471958;0.3331745900281597;0.5179099459550038;0.9412381476943916
64106.0;499740.6392156177;0.4679025191801178;0.3363218486002982;0.5787252681649077;0.9358050383602357
64092.0;434852.7779801049;0.4730728697201034;0.3364667881398045;0.5035817998387961;0.9461457394402067
63983.0;381351.0302001038;0.4754737163124691;0.3375952459831042;0.44162403434693837;0.9509474326249382
63905.0;373570.1304001039;0.4730728697201034;0.3384027662746397;0.4326133536658814;0.9461457394402067
63688.0;401772.5241001039;0.470621850702888;0.3406493291369886;0.46527317073127467;0.941243701405776
63657.0;364124.6837650544;0.4679025191801178;0.3409702666887527;0.42167504245431736;0.9358050383602357
63644.0;486401.9422344489;0.46182890437710794;0.3411048534040086;0.5632783735527072;0.9236578087542159
63529.0;350628.84000010387;0.4730728697201034;0.342295428192811;0.4060461638139056;0.9461457394402067
63326.0;452906.94051961147;0.46473782478535275;0.3443970515156535;0.5244894451997345;0.9294756495707055
63015.0;421455.4974196115;0.46182890437710794;0.34761677985754513;0.4880670624397695;0.9236578087542159
62870.0;359060.69590010383;0.470621850702888;0.3491179393738612;0.41581068501537216;0.941243701405776
62837.0;504891.0339322232;0.44990099008373685;0.34945958257412624;0.5846896891657712;0.8998019801674737
62659.0;492343.16973222326;0.44639932374083513;0.3513023852907073;0.5701586194384028;0.8927986474816703
62576.0;413372.1521196114;0.4587887463084129;0.3521616697034951;0.4787061343716527;0.9175774926168258
61942.0;326373.52700010384;0.4651289172732259;0.3587253602782839;0.37795726845734384;0.9302578345464518
61892.0;337280.26880010386;0.46222671666788545;0.3592430014908067;0.390587834350319;0.9244534333357709
61892.0;392719.1004384428;0.4587887463084128;0.3592430014908067;0.4547888422111266;0.9175774926168256
61799.0;320028.68790010386;0.47067888578602024;0.36020581414609903;0.3706096196542086;0.9413577715720405
61750.0;331736.84440010384;0.45919347905706376;0.3607131025343714;0.3841682648362661;0.9183869581141275
60882.0;266744.85450010386;0.4679025191801178;0.3696993539837668;0.3089042101808668;0.9358050383602357
60824.0;540126.0337522223;0.4463993237408351;0.3702998177902932;0.6254936244863515;0.8927986474816701
60630.0;480223.33309939946;0.43769065698924586;0.37230826569488157;0.5561232275670215;0.8753813139784917
60596.0;283569.6062001038;0.4651289172732259;0.37266026171939703;0.32838813479158746;0.9302578345464518
60378.0;464224.71583222324;0.43895868144919;0.37491717740599634;0.5375960089626936;0.87791736289838
60305.0;313024.95580010395;0.4527232438144536;0.3756729335762796;0.3624989389937574;0.9054464876289072
60195.0;305004.550600104;0.4560265896903736;0.37681174424382974;0.353210898786648;0.9120531793807471
60172.0;259552.3109001039;0.46222671666788545;0.3770498592015902;0.3005748761282447;0.9244534333357709
60160.0;298390.9489801049;0.45919347905706376;0.37717409309259564;0.3455520092132938;0.9183869581141275
60078.0;444390.6086993995;0.43769065698924586;0.378023024681133;0.5146270965539063;0.8753813139784917
59783.0;240562.2238001039;0.46222671666788545;0.3810771078350174;0.27858338216715284;0.9244534333357709
59720.0;520823.28121561755;0.4298523524112137;0.3817293357627961;0.6031400479279166;0.8597047048224274
59263.0;432892.5969196115;0.4415204221571941;0.3864605764452543;0.5013118097261923;0.8830408443143882
59227.0;273823.2337801049;0.4560265896903736;0.3868332781182707;0.3171013361008664;0.9120531793807471
58724.0;386581.58731961146;0.4376304081503367;0.3920407487162498;0.44768128751808356;0.8752608163006734
58390.0;426975.0169805681;0.42501713040841205;0.39549859201590193;0.49445894892526676;0.8500342608168241
58373.0;439083.9687510546;0.4222171098570516;0.3956745900281597;0.5084817355682941;0.8444342197141032
58263.0;419062.42111561756;0.425017130408412;0.3968134006957098;0.48529575745256304;0.850034260816824
58196.0;223511.70630010392;0.4527232438144536;0.3975070399204903;0.258838009191231;0.9054464876289072
58146.0;231271.30600010394;0.44928043153945346;0.3980246811330131;0.26782402326501803;0.8985608630789069
57988.0;287386.93210010394;0.43808165029175106;0.39966042736458507;0.3328087937930605;0.8761633005835021
57618.0;400376.2747993994;0.425017130408412;0.4034909723372536;0.46365624249377224;0.850034260816824
57589.0;409846.89605504856;0.4222171098570516;0.4037912042405168;0.4746237072060008;0.8444342197141032
57455.0;370143.0930196115;0.42501713040841194;0.40517848269007783;0.42864466876935264;0.8500342608168239
57445.0;469548.10745105456;0.4128407488477067;0.4052820109325824;0.5437607692411263;0.8256814976954134
57375.0;278676.08330010384;0.438081650291751;0.4060067086301143;0.32272118451710374;0.876163300583502
57150.0;375412.7296550485;0.42221710985705146;0.40833609408646676;0.43474717802247564;0.8444342197141029
56736.0;209280.1544001039;0.4419632389469833;0.41262216332615537;0.24235714283091736;0.8839264778939666
56445.0;199972.4290001039;0.4340461332085858;0.41563483518303795;0.2315783198667193;0.8680922664171716
56441.0;192480.45540010394;0.4340461332085858;0.41567624648003976;0.22290223053055933;0.8680922664171716
56088.0;292142.17580010387;0.4267297407443719;0.41933079344045054;0.33831560966817403;0.8534594814887438
55950.0;361803.12881961145;0.420482573780593;0.4207594831870134;0.41898656286524527;0.840965147561186
55497.0;332886.61793621717;0.4176172207153525;0.42544931257246976;0.38549976150834087;0.835234441430705
55140.0;246638.78220010397;0.4254956282768703;0.4291452708298824;0.2856203481723179;0.8509912565537406
54984.0;352232.8446362172;0.40273269387872657;0.43076031141295346;0.40790368337571165;0.8054653877574531
54697.0;321585.2910550485;0.40273269387872657;0.4337315719728342;0.37241224587185146;0.8054653877574531
54518.0;183446.95550010388;0.4254956282768703;0.4355847275136657;0.21244097474735782;0.8509912565537406
54321.0;340510.23495504854;0.3973869910520175;0.43762423389100547;0.3943283006692438;0.794773982104035
54278.0;176195.4192001039;0.41627269471912015;0.43806940533377503;0.20404332412520307;0.8325453894382403
54263.0;253343.2546001039;0.41293136332358255;0.43822469769753186;0.2933844707653578;0.8258627266471651
54223.0;168415.9233001039;0.41627269471912015;0.4386388106675501;0.1950342692322853;0.8325453894382403
54091.0;310601.76733844285;0.4058110522468315;0.44000538346861023;0.35969276258495053;0.811622104493663
53780.0;261454.10730010387;0.40633154666022847;0.4432251118105019;0.30277725381222204;0.8126630933204569
53727.0;216553.70380010392;0.41139506346750493;0.44377381149577605;0.2507802857508782;0.8227901269350099
53537.0;285288.4080196115;0.4058110522468315;0.4457408481033626;0.3303785953742573;0.811622104493663
53413.0;270920.4032001039;0.4063315466602284;0.4470245983104191;0.3137397095409669;0.8126630933204568
53246.0;0.0;0.3009568440770061;0.44875351996024515;0.0;0.6019136881540122
46133.0;0.0;0.24608102699981427;0.5223931588537353;0.0;0.49216205399962853
37252.0;0.0;0.232898043974657;0.6143365910220309;0.0;0.465796087949314
29385.0;0.0;0.2045460011407883;0.6957822594003644;0.0;0.4090920022815766
18377.0;0.0;0.17766419727192728;0.8097461487493788;0.0;0.35532839454385456
10150.0;0.0;0.14928315533461395;0.8949188338578764;0.0;0.2985663106692279
3392.0;0.0;0.14531661781815958;0.9648832201424549;0.0;0.29063323563631915
