70509.0;689459.7995961095;0.49895081681725745;0.27003271492463143;0.798429777567132;0.9979016336345149
70245.0;677884.0673961097;0.49780845732391865;0.2727658605267517;0.785024486510225;0.9956169146478373
69917.0;669489.0427522219;0.4960115702783143;0.2761615868809011;0.7753026177906616;0.9920231405566285
69808.0;663867.6510522221;0.49524717299297827;0.27729004472420077;0.7687927581479705;0.9904943459859565
69703.0;651915.1493961099;0.49530689145492085;0.2783770912704986;0.7549511487542815;0.9906137829098417
69653.0;657913.310552222;0.49437691345193524;0.2788947324830214;0.7618973267337545;0.9887538269038705
69179.0;645251.3557522221;0.4911249915035026;0.2838019711777373;0.7472341342453002;0.9822499830070052
68956.0;625990.0520522222;0.48982493835310775;0.28611065098558885;0.7249285575635952;0.9796498767062155
68721.0;637298.5982522223;0.4868956286584289;0.2885435646844459;0.7380244335412273;0.9737912573168578
67944.0;607980.253232223;0.47969047043334834;0.29658770912704985;0.7040722876631537;0.9593809408666967
67431.0;615584.0382993994;0.47775417887435956;0.30189870796753354;0.7128778604078017;0.9555083577487191
67285.0;580184.1622522222;0.48689562865842895;0.30341022030810005;0.6718829899674813;0.9737912573168579
67131.0;599985.9915322232;0.47306737662199433;0.30500455524267023;0.6948145229687025;0.9461347532439887
66979.0;589394.2669322232;0.47306737662199433;0.3065781845287394;0.6825487631355921;0.9461347532439887
66797.0;570070.652932223;0.47306737662199433;0.3084623985423223;0.6601710279335522;0.9461347532439887
66448.0;560777.210180568;0.4754737163124691;0.3120755342057313;0.649408745008016;0.9509474326249382
66371.0;550119.5819322232;0.4706190738471958;0.3128727016730164;0.6370666653730555;0.9412381476943916
66179.0;545064.7338156175;0.4754737163124691;0.31486044392910384;0.631212892231037;0.9509474326249382
66168.0;480735.6438001038;0.486897864310072;0.31497432499585887;0.5567165096105116;0.973795728620144
66165.0;532220.6783156176;0.4705497964249733;0.31500538346861023;0.6163388178006898;0.9410995928499466
66148.0;539264.0088322232;0.46804739952564056;0.315181381480868;0.6244953554566918;0.9360947990512811
66126.0;473822.552900104;0.4867849067458369;0.315409143614378;0.548710796104341;0.9735698134916738
65918.0;460300.4188001039;0.4867849067458369;0.31756253105847276;0.5330514719087596;0.9735698134916738
65898.0;518705.4854156175;0.46713509160890143;0.31776958754348184;0.6006875318703928;0.9342701832178029
65396.0;501402.3586156176;0.46974232687488465;0.32296670531721056;0.5806496243807423;0.9394846537497693
64784.0;525864.2689322232;0.4625256061430544;0.32930263375848934;0.6089777700164937;0.9250512122861088
64680.0;453859.2488196115;0.4701715863275711;0.33037932748053667;0.5255922670097802;0.9403431726551422
64370.0;415836.6418196114;0.4701715863275712;0.3335887029981779;0.4815601397308342;0.9403431726551424
64122.0;506925.35053222324;0.4564837863822441;0.33615620341229085;0.5870455320320133;0.9129675727644883
63988.0;379536.1433801048;0.47054979642497324;0.3375434818618519;0.4395223024100651;0.9410995928499465
63954.0;429946.9113362171;0.46804739952564056;0.3378954778863674;0.4979005548763662;0.9360947990512811
63737.0;364150.97410010395;0.4730728697201034;0.34014204074871623;0.42170548800948693;0.9461457394402067
63529.0;350628.84000010387;0.4730728697201034;0.342295428192811;0.4060461638139056;0.9461457394402067
63179.0;336535.9423001039;0.4730728697201034;0.3459189166804704;0.3897258661221781;0.9461457394402067
62821.0;315641.74560010387;0.47054979642497324;0.3496252277621335;0.36552931567297464;0.9410995928499465
62803.0;388165.71679611;0.4651289172732259;0.3498115785986417;0.44951579062660296;0.9302578345464518
62382.0;494461.5552350495;0.45326143803496616;0.3541701176080835;0.5726118184020172;0.9065228760699323
62367.0;405691.5983362171;0.45957094005100174;0.3543254099718403;0.4698116595198045;0.9191418801020035
62331.0;345363.61410010385;0.46512891727322586;0.3546981116448567;0.3999487624184357;0.9302578345464517
62164.0;449082.19153222314;0.44990099008373685;0.3564270332946828;0.5200601898826884;0.8998019801674737
61928.0;397608.253036217;0.45648378638224407;0.3588702998177903;0.4604507314516877;0.9129675727644881
61865.0;373260.87199610996;0.46222671666788545;0.359522527745569;0.43225521658688665;0.9244534333357709
61665.0;442260.69203222333;0.44990099008373685;0.3615930925956601;0.512160543911089;0.8998019801674737
61300.0;423313.8061196115;0.4560265896903736;0.3653718734470764;0.4902190791387289;0.9120531793807471
61212.0;324990.8163001039;0.46222671666788545;0.36628292198111645;0.3763560186132088;0.9244534333357709
61025.0;297884.0767562161;0.4625256061430544;0.36821890011595165;0.3449650252046373;0.9250512122861088
60962.0;484492.55863222334;0.43895868144919004;0.36887112804373035;0.5610672094997655;0.8779173628983801
60816.0;477511.0864971738;0.43895868144919004;0.37038264038429686;0.5529823070193828;0.8779173628983801
60457.0;468604.6637322233;0.43895868144919004;0.3740993042902104;0.5426682130703171;0.8779173628983801
60384.0;276781.6183801049;0.46222671666788545;0.3748550604604936;0.3205272970626509;0.9244534333357709
60330.0;457748.5281184439;0.445694920913196;0.3754141129700182;0.5300962517341722;0.891389841826392
60300.0;283178.6508001039;0.45919347905706376;0.37572469769753186;0.32793538840486053;0.9183869581141275
60185.0;261831.89950010396;0.4679025191801178;0.3769152724863343;0.303214756538834;0.9358050383602357
60060.0;268459.8089001039;0.46222671666788545;0.3782093755176412;0.3108902152545954;0.9244534333357709
60056.0;256172.18170010392;0.4651289172732259;0.378250786814643;0.29666051330841803;0.9302578345464518
60027.0;436466.5492156176;0.4340461332085858;0.37855101871790625;0.5054506296231714;0.8680922664171716
59783.0;240562.22380010388;0.46222671666788545;0.3810771078350174;0.2785833821671528;0.9244534333357709
59764.0;231657.83120010386;0.45919347905706376;0.38127381149577605;0.26827163925313047;0.9183869581141275
59582.0;308790.25790010387;0.44928043153945346;0.38315802550935896;0.35759494182910506;0.8985608630789069
58975.0;384465.8165362171;0.43895868144919004;0.38944218982938544;0.44523111653355596;0.8779173628983801
58974.0;355507.0528450554;0.44196323894698325;0.38945254265363594;0.4116953842601179;0.8839264778939665
58650.0;248757.64390010393;0.4560265896903736;0.3928068577107835;0.288074098596661;0.9120531793807471
58357.0;364314.29751961154;0.437690656989246;0.39584023521616696;0.4218946248983749;0.875381313978492
58196.0;218075.5776001039;0.4527232438144536;0.3975070399204903;0.2525426935958766;0.9054464876289072
58170.0;412036.1989550485;0.43501222562704994;0.39777621335100216;0.47715903214952615;0.8700244512540999
57816.0;334192.7822362171;0.4309095433609394;0.4014411131356634;0.387012366698848;0.8618190867218788
57334.0;394909.51063504955;0.4222171098570516;0.406431174424383;0.4573254494608633;0.8444342197141032
56723.0;300573.88570010394;0.4254956282768703;0.4127567500414113;0.3480799617941593;0.8509912565537406
56559.0;198580.89020010392;0.438081650291751;0.414454613218486;0.22996684663041042;0.876163300583502
56441.0;192480.45540010394;0.4340461332085858;0.41567624648003976;0.22290223053055933;0.8680922664171716
56415.0;377426.97383621725;0.4176172207153525;0.4159454199105516;0.4370797759991504;0.835234441430705
56262.0;444669.44479600614;0.40273269387872657;0.4175294020208713;0.5149500030420318;0.8054653877574531
56234.0;427938.4150156177;0.41139506346750515;0.41781928109988403;0.4955746132167655;0.8227901269350103
55915.0;417596.98573105567;0.3973869910520175;0.42112183203577935;0.4835987081846867;0.794773982104035
55860.0;181764.49450010393;0.4340461332085858;0.42169123736955444;0.21049259869587192;0.8680922664171716
55417.0;274802.67850010394;0.4254956282768703;0.4262775385125062;0.31823558327580864;0.8509912565537406
55280.0;370069.04853504954;0.3973869910520175;0.42769587543481863;0.42855892146200636;0.794773982104035
55128.0;349812.0509362172;0.40273269387872657;0.4292695047208879;0.4051002802236218;0.8054653877574531
54955.0;359840.1144805681;0.4010639436305706;0.4310605433162167;0.41671329167089627;0.8021278872611411
54931.0;340785.33603621717;0.40273269387872657;0.4313090110982276;0.39464688181810065;0.8054653877574531
54848.0;305071.1728550485;0.4176172207153525;0.43216829551101543;0.3532880507717638;0.835234441430705
54690.0;245122.61060010392;0.4209709018223819;0.43380404174258735;0.2838645437671143;0.8419418036447638
54618.0;206791.39260010386;0.4209709018223819;0.4345494450886202;0.23947502913617308;0.8419418036447638
54341.0;174516.3581001039;0.4209709018223819;0.43741717740599634;0.20209888533213644;0.8419418036447638
54223.0;168415.92330010387;0.41627269471912015;0.4386388106675501;0.19503426923228528;0.8325453894382403
54206.0;318693.7162550486;0.40273269387872657;0.4388148086798079;0.36906365408196734;0.8054653877574531
54197.0;323917.5355550485;0.3973869910520175;0.438907984098062;0.37511310451285995;0.794773982104035
54185.0;267405.013384562;0.41128284528949116;0.43903221798906744;0.3096687079972523;0.8225656905789823
54002.0;287248.0812450554;0.40633154666022847;0.4409267848269008;0.33264799738785117;0.8126630933204569
53974.0;310424.7371362172;0.40273269387872657;0.4412166639059135;0.35948775253930537;0.8054653877574531
53780.0;261454.10730010393;0.40633154666022847;0.4432251118105019;0.3027772538122221;0.8126630933204569
53762.0;296402.278984562;0.4010639436305706;0.4434114626470101;0.3432490274540588;0.8021278872611411
53383.0;235783.4792001039;0.411395063467505;0.44733518303793274;0.27304935104559463;0.82279012693501
53344.0;228035.51598010492;0.4113950634675049;0.4477389431837005;0.264076812611931;0.8227901269350097
53260.0;253881.60485621617;0.40273269387872657;0.44860858042073876;0.2940079079483418;0.8054653877574531
53246.0;0.0;0.3009568440770061;0.44875351996024515;0.0;0.6019136881540122
46585.0;0.0;0.24608102699981427;0.5177136822925295;0.0;0.49216205399962853
39535.0;0.0;0.22393942092251512;0.5907010932582408;0.0;0.44787884184503024
31568.0;0.0;0.2090263348828164;0.67318204406162;0.0;0.4180526697656328
23341.0;0.0;0.18621840439632775;0.7583547291701176;0.0;0.3724368087926555
