70509.0;691748.7861961098;0.49895081681725745;0.27003271492463143;0.8010805413432984;0.9979016336345149
70240.0;748828.8397961098;0.49843188707018043;0.27281762464800396;0.8671821683360046;0.9968637741403609
70027.0;699974.23799611;0.49708013439207804;0.27502277621335103;0.8106060360203058;0.9941602687841561
69917.0;669413.8443356163;0.49751823606500606;0.2761615868809011;0.7752155341708784;0.9950364721300121
69553.0;681166.16699611;0.49426083560626355;0.2799300149080669;0.7888253260299716;0.9885216712125271
68861.0;648249.442852222;0.48982493835310775;0.28709416928938214;0.7507060727365393;0.9796498767062155
68850.0;642597.7152156176;0.4889969918839256;0.28720805035613717;0.7441610825247712;0.9779939837678512
68702.0;636644.251432223;0.4884154674814089;0.28874026834520455;0.7372666663933097;0.9768309349628178
68560.0;631100.8270322231;0.486895628658429;0.29021036938876926;0.7308470968792569;0.973791257316858
68437.0;659896.470932223;0.48526438487430473;0.2914837667715753;0.7641939280758658;0.9705287697486095
68295.0;615681.7215322232;0.4835206085962977;0.29295386781514;0.7129909825969434;0.9670412171925954
67517.0;604525.4192322232;0.47969047043334834;0.30100836508199436;0.7000714128568675;0.9593809408666967
67183.0;595083.0482156175;0.4777541788743596;0.3044662083816465;0.6891366633690639;0.9555083577487192
66971.0;583697.9018156176;0.4751077121558162;0.3066610071227431;0.6759520804346472;0.9502154243116324
66852.0;574750.9656805681;0.4751077121558162;0.3078929932085473;0.6655910699270011;0.9502154243116324
66400.0;544314.10161445;0.47307286972010343;0.31257246976975317;0.6303436216778242;0.9461457394402069
66386.0;549823.7119156176;0.4730728697201034;0.31271740930925956;0.6367240327327106;0.9461457394402067
66313.0;480218.80730010394;0.4889969918839256;0.3134731654795428;0.556117986459524;0.9779939837678512
66236.0;554686.7831971737;0.4730673766219944;0.3142703329468279;0.6423557184726197;0.9461347532439888
66169.0;532042.7275322232;0.4706190738471958;0.31496397217160843;0.6161327416748784;0.9412381476943916
65918.0;460300.4188001039;0.4867849067458369;0.31756253105847276;0.5330514719087596;0.9735698134916738
65807.0;526096.9917971737;0.4730673766219944;0.3187116945502733;0.6092472750194048;0.9461347532439888
65522.0;502793.8476196115;0.4754737163124691;0.3216622494616531;0.5822610399507244;0.9509474326249382
65482.0;518126.1047160051;0.46804739952564056;0.32207636243167137;0.6000165793313337;0.9360947990512811
65390.0;491974.43421961146;0.4722255808322457;0.3230288222627133;0.5697316048198736;0.9444511616644914
65280.0;568429.5683310557;0.4625256061430544;0.32416763293026335;0.658270567872144;0.9250512122861088
65134.0;538959.2638156177;0.4644017868788064;0.32567914527082986;0.6241424451115699;0.9288035737576128
65124.0;449866.26937611104;0.4730728697201034;0.32578267351333445;0.5209681922040094;0.9461457394402067
64808.0;470691.9155362171;0.47306737662199433;0.3290541659764784;0.5450853576153154;0.9461347532439887
64740.0;422362.6948801049;0.4730728697201034;0.32975815802550934;0.48911764358607496;0.9461457394402067
64126.0;383141.0612001038;0.4730728697201034;0.33611479211528905;0.4436969819705786;0.9461457394402067
63926.0;375895.0477650544;0.47054979642497324;0.33818535696538016;0.435305727109042;0.9410995928499465
63825.0;368495.24959893624;0.47054979642497324;0.3392309922146762;0.4267363816486156;0.9410995928499465
63529.0;350628.8400001038;0.4730728697201034;0.342295428192811;0.4060461638139055;0.9461457394402067
63426.0;356918.5318989363;0.46805024994260414;0.3433617690906079;0.4133299493322091;0.9361004998852083
63015.0;512224.86281600513;0.44990099008373685;0.34761677985754513;0.5931826388168222;0.8998019801674737
62984.0;393633.6697961101;0.46512891727322586;0.34793771740930923;0.4558479603921137;0.9302578345464517
62940.0;485370.5439522222;0.45957094005100174;0.3483932416763293;0.5620839614904756;0.9191418801020035
62930.0;409861.1898396105;0.45854784746110333;0.3484967699188339;0.47464026014097255;0.9170956949222067
62821.0;315641.74560010387;0.47054979642497324;0.3496252277621335;0.36552931567297464;0.9410995928499465
62737.0;431150.0546156176;0.45542223411074556;0.35049486499917176;0.4992938564459659;0.9108444682214911
62299.0;401345.99855621613;0.45957094005100174;0.3550294020208713;0.464779232295223;0.9191418801020035
61892.0;337280.2688001039;0.46222671666788545;0.3592430014908067;0.39058783435031913;0.9244534333357709
61723.0;363240.50240010396;0.45919347905706376;0.3609926287891337;0.42065111512605263;0.9183869581141275
61568.0;464809.7029156177;0.44521699674533594;0.3625973165479543;0.5382734539814574;0.8904339934906719
61391.0;497628.95375105465;0.4389586814491901;0.3644297664402849;0.5762798281889286;0.8779173628983802
61084.0;345922.383900104;0.4622267166678854;0.36760808348517476;0.40059584647959007;0.9244534333357708
61062.0;416222.4850384428;0.4523040177235372;0.36783584561868476;0.48200696594980713;0.9046080354470744
61038.0;388162.32073561667;0.44521699674533594;0.3680843134006957;0.4495118578145291;0.8904339934906719
60955.0;307240.5816001039;0.45919347905706376;0.3689435978134835;0.3558003372644374;0.9183869581141275
60709.0;478345.8389322233;0.43895868144919004;0.37149039257909555;0.553948993113961;0.8779173628983801
60486.0;288410.8799001039;0.4651289172732259;0.37379907238694715;0.33399457781509234;0.9302578345464518
60317.0;454119.44873222325;0.43895868144919004;0.37554869968527416;0.5258935918418753;0.8779173628983801
60090.0;257426.51630010392;0.46222671666788545;0.37789879079012756;0.2981130970504425;0.9244534333357709
59981.0;440554.38991561765;0.43369955990497533;0.3790272486334272;0.5101845586248956;0.8673991198099507
59872.0;294719.5058001039;0.45919347905706376;0.38015570647672686;0.34130028987697314;0.9183869581141275
59783.0;240562.22380010388;0.46222671666788545;0.3810771078350174;0.2785833821671528;0.9244534333357709
59665.0;230084.3396001039;0.45919347905706376;0.38229874109657114;0.26644945535070763;0.9183869581141275
59401.0;268704.1263001039;0.4527232438144536;0.38503188669869143;0.3111731473232266;0.9054464876289072
58718.0;377411.22763621714;0.43895868144919004;0.3921028656617525;0.4370615410926758;0.8779173628983801
58458.0;372515.0553384429;0.4336995599049754;0.39479459996687094;0.4313915226798078;0.8673991198099508
58170.0;425875.9702156176;0.4298523524112138;0.39777621335100216;0.4931861964535645;0.8597047048224276
58078.0;210206.47600010392;0.44928043153945346;0.3987286731820441;0.24342987071073996;0.8985608630789069
58028.0;221113.21780010388;0.44569492091319596;0.3992463143945668;0.25606043660371514;0.8913898418263919
57861.0;366348.45173844293;0.4293832939428333;0.4009752360443929;0.42425027971890283;0.8587665878856666
57649.0;279834.86843961047;0.4252401197222455;0.40317003478548946;0.3240631170876849;0.850480239444491
57610.0;420208.44721561763;0.4207621816833347;0.4035737949312572;0.4866229144015907;0.8415243633666694
57434.0;274089.97740010393;0.43808165029175106;0.4053958919993374;0.31741023888143177;0.8761633005835021
57396.0;431096.25533222326;0.4176172207153524;0.4057892993208547;0.4992315541189862;0.8352344414307048
57182.0;406669.3013160051;0.4222171098570516;0.4080048037104522;0.4709438896703313;0.8444342197141032
57120.0;393240.8512011677;0.4222171098570516;0.4086466788139805;0.4553930563301687;0.8444342197141032
56935.0;383625.6663011676;0.4222171098570516;0.41056195130031475;0.44425817950998114;0.8444342197141032
56929.0;358597.02793621714;0.4176172207153525;0.4106240682458175;0.41527373375369175;0.835234441430705
56689.0;353909.48693621723;0.4222171098570517;0.4131087460659268;0.40984532107443294;0.8444342197141034
56179.0;347129.05883621715;0.4222171098570516;0.4183886864336591;0.4019932378886339;0.8444342197141032
55887.0;413932.6875322233;0.40273269387872657;0.42141171111479214;0.4793552631026859;0.8054653877574531
55860.0;181764.4945001039;0.4340461332085858;0.42169123736955444;0.2104925986958719;0.8680922664171716
55588.0;300403.57833844284;0.4161117077631873;0.42450720556567834;0.34788273714238294;0.8322234155263746
55059.0;331922.2702362172;0.4128407488477067;0.4299838495941693;0.3843829974561664;0.8256814976954134
55045.0;248267.1537001039;0.4209709018223819;0.4301287891336757;0.28750608581112325;0.8419418036447638
54942.0;215113.20208010494;0.4209709018223819;0.4311951300314726;0.24911211094422864;0.8419418036447638
54766.0;204249.4420001039;0.4209709018223819;0.43301722709955276;0.23653132008550248;0.8419418036447638
54500.0;198922.29100010393;0.41627269471912015;0.4357710783501739;0.23036220625103648;0.8325453894382403
54489.0;321014.7982362172;0.40273269387872657;0.43588495941692895;0.3717515859541739;0.8054653877574531
54341.0;174516.35810010388;0.4209709018223819;0.43741717740599634;0.2020988853321364;0.8419418036447638
54282.0;236215.28050010395;0.4113950634675051;0.4380279940367732;0.2735493990775672;0.8227901269350102
54223.0;168415.9233001039;0.41627269471912015;0.4386388106675501;0.1950342692322853;0.8325453894382403
54127.0;307158.7486845619;0.4010639436305706;0.43963268179559384;0.3557055705549177;0.8021278872611411
53997.0;292941.7511562162;0.40273269387872657;0.4409785489481531;0.3392415589027819;0.8054653877574531
53780.0;261454.10730010387;0.40633154666022847;0.4432251118105019;0.30277725381222204;0.8126630933204569
53531.0;284282.94483844284;0.3956594109076248;0.44580296504886535;0.32921421748803;0.7913188218152496
53338.0;241683.56950010388;0.40633154666022847;0.44780106012920323;0.2798819579482953;0.8126630933204569
53255.0;228559.0645989363;0.4113950634675049;0.44866034454199105;0.2646831087404711;0.8227901269350097
53251.0;188821.26120010397;0.41139506346750493;0.44870175583899286;0.21866469614074804;0.8227901269350099
53246.0;0.0;0.3009568440770061;0.44875351996024515;0.0;0.6019136881540122
43875.0;0.0;0.2460810269998142;0.5457698360112638;0.0;0.4921620539996284
33025.0;0.0;0.1877858962920647;0.6580979791287063;0.0;0.3755717925841294
26267.0;0.0;0.1776641972719273;0.7280623654132847;0.0;0.3553283945438546
19509.0;0.0;0.17050872340172807;0.7980267516978632;0.0;0.34101744680345614
12751.0;0.0;0.1671791372463634;0.8679911379824417;0.0;0.3343582744927268
