70509.0;689459.7995961095;0.49895081681725745;0.27003271492463143;0.798429777567132;0.9979016336345149
69917.0;667350.07719611;0.49667229124338486;0.2761615868809011;0.7728255860707692;0.9933445824867697
69771.0;711098.2330961097;0.49530689145492085;0.2776730992214676;0.8234881923672801;0.9906137829098417
69502.0;699951.7235961098;0.49426083560626355;0.28045800894484013;0.8105799631914117;0.9885216712125271
69384.0;721139.4803522221;0.4934002314958247;0.2816796422063939;0.8351164712283404;0.9868004629916494
69275.0;719703.8610522221;0.4934002314958247;0.28280810004969353;0.8334539505142371;0.9868004629916494
69179.0;667257.205352222;0.4911249915035026;0.2838019711777373;0.7727180357165626;0.9822499830070052
68751.0;674386.2597322232;0.4884154674814089;0.28823297995693226;0.7809738459990807;0.9768309349628178
68650.0;636630.7165356167;0.48570476056455386;0.2892786152062283;0.7372509922894778;0.9714095211291077
68360.0;617537.5697522222;0.4835206085962977;0.29228093423886037;0.7151401499339806;0.9670412171925954
68179.0;613184.2482522222;0.48166307761377886;0.2941547954281928;0.7100987805619601;0.9633261552275577
67910.0;631836.8166522221;0.47969047043334834;0.29693970515156537;0.7316994105731542;0.9593809408666967
67574.0;622746.2588156175;0.4777541788743596;0.3004182540997184;0.7211720787755742;0.9555083577487192
67458.0;601742.4578310555;0.48166307761377886;0.30161918171277124;0.6968486009484518;0.9633261552275577
67260.0;607172.9077156173;0.4751077121558162;0.3036690409143614;0.7031373401845322;0.9502154243116324
67010.0;586689.5827156176;0.4722255808322457;0.3062572469769753;0.679416600218017;0.9444511616644914
66763.0;571982.0647961099;0.4867771330389864;0.30881439456683785;0.6623845408174308;0.9735542660779728
66446.0;567191.0292510545;0.4706190738471958;0.31209623985423224;0.6568362761516798;0.9412381476943916
66260.0;537315.5627344489;0.4754737163124691;0.31402186516481695;0.6222389550322452;0.9509474326249382
65677.0;594005.7327156174;0.4701715863275712;0.32005756170283256;0.6878890768157382;0.9403431726551424
65423.0;562434.2697156176;0.4644017868788064;0.32268717906244826;0.6513277048614552;0.9288035737576128
64996.0;546949.0662156176;0.4679025191801179;0.32710783501739277;0.6333950457081157;0.9358050383602358
64673.0;513060.24973444897;0.4679025191801179;0.3304517972502899;0.5941500596756835;0.9358050383602358
64486.0;539475.7680322233;0.4625256061430543;0.33238777538512504;0.6247405834613599;0.9250512122861086
64255.0;502663.0397156176;0.4671350916089014;0.3347792777869803;0.5821095576949772;0.9342701832178028
64126.0;390969.71120010386;0.4730728697201034;0.33611479211528905;0.45276295983007475;0.9461457394402067
63797.0;494080.42731561756;0.4615401728876331;0.3395208712936889;0.5721704527413726;0.9230803457752662
63647.0;550654.1348322232;0.45326143803496616;0.3410737949312572;0.6376857050230754;0.9065228760699323
63397.0;530095.6114156176;0.45216056873944793;0.3436620009938711;0.6138778814367768;0.9043211374788959
63386.0;461600.8137033934;0.46512891727322586;0.34377588206062615;0.5345573958422378;0.9302578345464517
62784.0;521536.70571445;0.4523040177235372;0.35000828225940034;0.6039662300552102;0.9046080354470744
62337.0;452541.23425621615;0.45648378638224407;0.354635994699354;0.5240659386070243;0.9129675727644881
62331.0;484954.84705105465;0.4499009900837369;0.3546981116448567;0.5616025631775804;0.8998019801674738
61916.0;435281.11559610994;0.46222671666788545;0.35899453370879575;0.5040778367472147;0.9244534333357709
61073.0;425308.95863504946;0.44990099008373685;0.3677219645519298;0.492529567988183;0.8998019801674737
60423.0;469397.22037611104;0.4419632389469833;0.37445130031472584;0.5435860342765126;0.8839264778939666
60155.0;400842.1177033934;0.44521699674533594;0.37722585721384794;0.4641957124475462;0.8904339934906719
59248.0;339734.04350010393;0.4419632389469833;0.3866158688090111;0.39342943119043733;0.8839264778939666
59009.0;386714.49255621614;0.43501222562704994;0.38909019380487;0.4478351985924666;0.8700244512540999
58870.0;442846.80403444904;0.4298523524112137;0.39052923637568326;0.5128392916435031;0.8597047048224274
58832.0;305995.9006001039;0.44928043153945346;0.3909226436972006;0.35435893288588743;0.8985608630789069
58751.0;367823.26121844386;0.4336995599049752;0.3917612224614875;0.4259581846696496;0.8673991198099504
58154.0;334976.02450010384;0.44196323894698336;0.39794185853900943;0.38791940137571035;0.8839264778939667
58028.0;221113.21780010388;0.44569492091319596;0.3992463143945668;0.25606043660371514;0.8913898418263919
57988.0;287386.9321001039;0.43808165029175106;0.39966042736458507;0.33280879379306044;0.8761633005835021
57794.0;401022.0777156176;0.42076218168333474;0.40166887526917344;0.46440411536330045;0.8415243633666695
57782.0;308440.4997001039;0.43808165029175095;0.4017931091601789;0.35718990391102506;0.8761633005835019
57447.0;210397.25690010394;0.44569492091319596;0.4052613052840815;0.24365080476902778;0.8913898418263919
57002.0;243413.6390001039;0.4419632389469833;0.4098683120755342;0.2818854670823592;0.8839264778939666
56780.0;383693.00223444897;0.4161117077631873;0.4121666390591353;0.44433615797118164;0.8322234155263746
56752.0;273569.0833001039;0.438081650291751;0.4124565181381481;0.3168070168217226;0.876163300583502
56709.0;248904.44620010388;0.42985235241121383;0.41290168958091766;0.2882441031825759;0.8597047048224277
56078.0;377838.0828144499;0.41128284528949116;0.41943432168295514;0.43755586126219026;0.8225656905789823
56025.0;357747.72207611107;0.4254956282768704;0.41998302136822924;0.4142901940471444;0.8509912565537407
55978.0;199447.17420010394;0.438081650291751;0.42046960410800066;0.23097004789295708;0.876163300583502
55517.0;394587.1631322232;0.40273269387872657;0.42524225608746063;0.45695215453470267;0.8054653877574531
55150.0;297704.07911844377;0.4062692334036498;0.4290417425873778;0.3447565787165703;0.8125384668072996
55040.0;259215.50830010392;0.4209709018223819;0.43018055325492793;0.30018484145884183;0.8419418036447638
54888.0;202169.83240010394;0.4298523524112136;0.4317541825409972;0.23412302560433457;0.8597047048224272
54704.0;182389.0332001039;0.4209709018223819;0.433659102203081;0.21121584651338812;0.8419418036447638
54470.0;360004.59353504947;0.3918363233354997;0.4360816630776876;0.4169037668443015;0.7836726466709995
54223.0;168415.92330010392;0.41627269471912015;0.4386388106675501;0.19503426923228534;0.8325453894382403
54088.0;293645.5546562162;0.4078814907168537;0.4400364419413616;0.3400565994204236;0.8157629814337074
54086.0;330782.8512384428;0.39565941090762496;0.44005714758986253;0.38306349187008043;0.7913188218152499
53834.0;277393.28073961043;0.4010639436305706;0.4426660593009773;0.32123563341805883;0.8021278872611411
53700.0;318011.3939184438;0.3956594109076249;0.44405333775053835;0.36827348985228553;0.7913188218152498
53453.0;350130.2971199991;0.3860718503101926;0.4466104853404009;0.4054688256121672;0.7721437006203852
53301.0;411727.11509600613;0.38008384418169555;0.4481841146264701;0.47680109720252944;0.7601676883633911
53246.0;0.0;0.3009568440770061;0.44875351996024515;0.0;0.6019136881540122
52219.0;0.0;0.2911669977675984;0.459385870465463;0.0;0.5823339955351968
52023.0;0.0;0.29116699776759836;0.4614150240185523;0.0;0.5823339955351967
51187.0;0.0;0.28085210497759894;0.4700699850919331;0.0;0.5617042099551979
49964.0;0.0;0.26995198617688826;0.48273148915024017;0.0;0.5399039723537765
49040.0;0.0;0.2699519861768882;0.4922974987576611;0.0;0.5399039723537764
48631.0;0.0;0.25839258987148134;0.4965318038760974;0.0;0.5167851797429627
48149.0;0.0;0.2583925898714813;0.501521865164817;0.0;0.5167851797429626
47162.0;0.0;0.24608102699981427;0.5117401027000166;0.0;0.49216205399962853
45651.0;0.0;0.24608102699981405;0.5273832201424549;0.0;0.4921620539996281
45593.0;0.0;0.232898043974657;0.5279836839489813;0.0;0.465796087949314
45206.0;0.0;0.23289804397465694;0.5319902269339075;0.0;0.4657960879493139
43783.0;0.0;0.21868610292907464;0.5467222958423058;0.0;0.4373722058581493
42593.0;0.0;0.21868610292907448;0.5590421567003478;0.0;0.43737220585814895
41511.0;0.0;0.2032294516809432;0.5702439125393407;0.0;0.4064589033618864
41124.0;0.0;0.20322945168094295;0.574250455524267;0.0;0.4064589033618859
38806.0;0.0;0.1985946091914731;0.5982483021368229;0.0;0.3971892183829462
38570.0;0.0;0.19859460919147306;0.6006915686599305;0.0;0.39718921838294613
37431.0;0.0;0.19269571555984744;0.6124834354811993;0.0;0.38539143111969487
35511.0;0.0;0.18621840439632767;0.6323608580420739;0.0;0.37243680879265534
32855.0;0.0;0.18110700993677661;0.6598579592512838;0.0;0.36221401987355323
32806.0;0.0;0.1811070099367766;0.6603652476395561;0.0;0.3622140198735532
31431.0;0.0;0.17455014925472503;0.6746003809839324;0.0;0.34910029850945007
31093.0;0.0;0.17455014925472498;0.6780996355805864;0.0;0.34910029850944996
29173.0;0.0;0.16717913724636344;0.6979770581414609;0.0;0.33435827449272687
26855.0;0.0;0.16141922123995017;0.7219749047540169;0.0;0.32283844247990034
25093.0;0.0;0.15394919975017177;0.7402165810833196;0.0;0.30789839950034353
22775.0;0.0;0.14765484225282638;0.7642144276958754;0.0;0.29530968450565276
18335.0;0.0;0.1453166178181595;0.8101809673678979;0.0;0.290633235636319
16017.0;0.0;0.13421853870821918;0.8341788139804539;0.0;0.26843707741643835
9259.0;0.0;0.12407329231698694;0.9041432002650323;0.0;0.24814658463397388
2501.0;0.0;0.11908593782191977;0.9741075865496107;0.0;0.23817187564383954
