70509.0;689459.7995961095;0.49895081681725745;0.27003271492463143;0.798429777567132;0.9979016336345149
70354.0;728236.7672961099;0.49843188707018043;0.27163740268345204;0.8433354931919967;0.9968637741403609
70245.0;685712.7173961097;0.49780845732391865;0.2727658605267517;0.7940904643697211;0.9956169146478373
69976.0;718759.7945961101;0.4970801343920781;0.27555077025012426;0.8323606731817463;0.9941602687841562
69808.0;663867.6510522219;0.49524717299297827;0.27729004472420077;0.7687927581479702;0.9904943459859565
69502.0;737050.3833961099;0.49426083560626355;0.28045800894484013;0.8535421122674054;0.9885216712125271
69343.0;702185.6665761111;0.49310761117104446;0.2821041080006626;0.8131669836350474;0.9862152223420889
69274.0;673207.6751961098;0.49184646432049567;0.282818452873944;0.7796089847126585;0.9836929286409913
69132.0;660744.6835961099;0.4904765625628579;0.2842885539175087;0.7651762018051732;0.9809531251257158
68910.0;679071.8839522224;0.48982493835310775;0.28658688090110984;0.786400038948878;0.9796498767062155
68900.0;637345.7008522223;0.488415467481409;0.2866904091436144;0.7380789807656817;0.976830934962818
68599.0;627116.6522322231;0.48526438487430473;0.2898066092430015;0.7262332183018313;0.9705287697486095
68321.0;611522.8771522223;0.4835206085962977;0.29268469438462813;0.7081748276953732;0.9670412171925954
68020.0;601293.828532223;0.47969047043334834;0.29580089448401525;0.6963290652315228;0.9593809408666967
67802.0;640064.556732223;0.47760136118095736;0.29805781017061456;0.7412275551956596;0.9552027223619147
67577.0;654587.7518322231;0.4776013611809573;0.30038719562696703;0.7580461593260963;0.9552027223619146
67378.0;597139.3715322231;0.47969047043334834;0.3024474076528077;0.6915179911408139;0.9593809408666967
67272.0;594002.1488522222;0.4776013611809573;0.30354480702335596;0.6878849265182805;0.9552027223619146
67005.0;589100.6003156175;0.4722255808322457;0.3063090110982276;0.6822086821453549;0.9444511616644914
66798.0;573426.9287344489;0.47547371631246904;0.3084520457180719;0.6640577672964489;0.9509474326249381
66454.0;570111.8372971738;0.4730673766219944;0.3120134172602286;0.6602187215385544;0.9461347532439888
66393.0;557718.6122160051;0.4706190738471958;0.3126449395395064;0.6458667318348856;0.9412381476943916
65993.0;524352.7591322232;0.4706190738471958;0.3167860692396886;0.6072273642145724;0.9412381476943916
65673.0;582992.7931322231;0.4653503082901998;0.32009897299983436;0.6751355284477538;0.9307006165803996
65124.0;501781.6750384429;0.47017158632757117;0.32578267351333445;0.5810888922354909;0.9403431726551423
64585.0;466446.5350001039;0.48509459774584845;0.33136284578432995;0.5401689894106393;0.9701891954916969
64295.0;534557.3776160051;0.45957094005100174;0.33436516481696205;0.6190448353288222;0.9191418801020035
64147.0;511368.14787611103;0.4651289172732259;0.3358973828060295;0.5921905190162207;0.9302578345464518
63967.0;492014.10083222325;0.45957094005100174;0.33776089117111147;0.569777540789894;0.9191418801020035
63935.0;375579.9893789373;0.47054979642497324;0.33809218154712606;0.4349408733535431;0.9410995928499465
63598.0;550008.4575322233;0.45326143803496616;0.3415810833195296;0.636937977623565;0.9065228760699323
63318.0;539410.9047510546;0.4532614380349661;0.34447987410965714;0.6246654684580106;0.9065228760699322
62990.0;459516.32083561656;0.4647378247853528;0.3478756004638065;0.5321434462867535;0.9294756495707056
62736.0;480902.0134356166;0.4560265896903736;0.35050521782342225;0.5569091741736293;0.9120531793807471
62685.0;447950.13095621613;0.4625256061430544;0.3510332118601955;0.518749205726073;0.9250512122861088
62302.0;478926.1903196115;0.45919347905706376;0.35499834354811993;0.5546210697592049;0.9183869581141275
62158.0;484747.9046993995;0.4560265896903735;0.3564891502401855;0.561362913330123;0.912053179380747
61976.0;457083.06181600515;0.4463993237408351;0.3583733642537684;0.5293256076557997;0.8927986474816701
61761.0;442990.3194356166;0.4521605687394479;0.36059922146761636;0.5130054898321412;0.9043211374788958
61660.0;475212.3120344489;0.4415204221571941;0.3616448567169124;0.5503202083966268;0.8830408443143882
61429.0;434118.4557522223;0.4499009900837369;0.3640363591187676;0.5027314170704109;0.8998019801674738
61312.0;431621.2788396104;0.4560265896903735;0.36524763955607087;0.49983955824405074;0.912053179380747
60869.0;471539.10265222227;0.44275308839506666;0.3698339406990227;0.5460664437076242;0.8855061767901333
60681.0;317709.340100104;0.4651289172732259;0.37178027165810834;0.3679236960526592;0.9302578345464518
60191.0;339872.84926505445;0.4560265896903736;0.37685315554083154;0.39359017537900265;0.9120531793807471
59979.0;309255.86720010394;0.45919347905706376;0.3790479542819281;0.35813414125748366;0.9183869581141275
59882.0;237758.26600010393;0.46222671666788545;0.38005217823422227;0.2753362553529817;0.9244534333357709
59752.0;382164.8882650545;0.43808165029175106;0.3813980453867815;0.44256652369026256;0.8761633005835021
59243.0;420517.5870522222;0.4350122256270499;0.38666763293026335;0.4869809141734729;0.8700244512540998
58635.0;333468.32430010394;0.4389622802631521;0.39296215007454033;0.3861734072858025;0.8779245605263042
58247.0;368008.3218522223;0.43090954336093945;0.3969790458837171;0.42617249436653215;0.8618190867218789
57988.0;287386.9321001039;0.43808165029175106;0.39966042736458507;0.33280879379306044;0.8761633005835021
57905.0;330360.53315621614;0.43501222562704983;0.4005197117773729;0.3825744258902331;0.8700244512540997
57556.0;255344.8196001039;0.44569492091319596;0.4041328474407819;0.2957023856005263;0.8913898418263919
57328.0;386954.2706005671;0.42501713040841205;0.4064932913698857;0.4481128738546484;0.8500342608168241
57297.0;359553.1488961101;0.4254956282768704;0.4068142289216498;0.4163809708192637;0.8509912565537407
57254.0;410213.6014949423;0.4209709018223819;0.40725940036441943;0.4750483708962965;0.8419418036447638
56890.0;304882.10009611;0.438081650291751;0.41102782839158525;0.35306909482835463;0.876163300583502
56866.0;218053.96530010388;0.438081650291751;0.4112762961735962;0.2525176654450086;0.876163300583502
56559.0;202958.33960010385;0.438081650291751;0.414454613218486;0.23503615734700442;0.876163300583502
56043.0;325591.76393844286;0.41611170776318734;0.41979667053172104;0.37705194677245685;0.8322234155263747
55810.0;192671.23630010395;0.4298523524112138;0.4222088785820772;0.22312316458884715;0.8597047048224276
55673.0;228858.81356505444;0.4254956282768704;0.4236272155043896;0.2650302334031184;0.8509912565537407
55562.0;413702.397034449;0.41088577408531834;0.42477637899619014;0.47908857490560536;0.8217715481706367
55469.0;220714.4433001039;0.4298523524112136;0.42573919165148255;0.255598635298518;0.8597047048224272
55186.0;355347.29453844274;0.41577411445982004;0.4286690409143614;0.4115103759546475;0.8315482289196401
54651.0;423602.5213322233;0.3918363233354997;0.4342078018883551;0.490553426149419;0.7836726466709995
54421.0;254314.4991001039;0.41627269471912015;0.43658895146595994;0.29450922166534144;0.8325453894382403
54414.0;245733.75360010387;0.42097090182238184;0.4366614212357131;0.2845722786776015;0.8419418036447637
54341.0;180662.4743001039;0.4209709018223819;0.43741717740599634;0.20921640283401607;0.8419418036447638
54302.0;349255.4371196115;0.40581105224683156;0.4378209375517641;0.4044556929017161;0.8116221044936631
54223.0;168415.9233001039;0.41627269471912015;0.4386388106675501;0.1950342692322853;0.8325453894382403
54067.0;294262.03766505443;0.4063315466602284;0.44025385125062116;0.3407705183347809;0.8126630933204568
53948.0;402329.99061445;0.3956594109076249;0.4414858373364254;0.4659187455208581;0.7913188218152498
53855.0;404748.39351444994;0.3893943972382357;0.44244864999171774;0.4687193800040373;0.7787887944764714
53641.0;277674.8544396105;0.4113950634675052;0.44466415438131524;0.32156171019119556;0.8227901269350104
53564.0;284118.54513961053;0.4010639436305706;0.4454613218486003;0.32902383421253273;0.8021278872611411
53258.0;313678.1375350495;0.38607185031019237;0.4486292860692397;0.36325535691348093;0.7721437006203847
53246.0;0.0;0.3009568440770061;0.44875351996024515;0.0;0.6019136881540122
52219.0;0.0;0.2911669977675984;0.459385870465463;0.0;0.5823339955351968
52023.0;0.0;0.29116699776759836;0.4614150240185523;0.0;0.5823339955351967
51187.0;0.0;0.28085210497759894;0.4700699850919331;0.0;0.5617042099551979
49964.0;0.0;0.26995198617688826;0.48273148915024017;0.0;0.5399039723537765
49040.0;0.0;0.2699519861768882;0.4922974987576611;0.0;0.5399039723537764
48631.0;0.0;0.25839258987148134;0.4965318038760974;0.0;0.5167851797429627
48149.0;0.0;0.2583925898714813;0.501521865164817;0.0;0.5167851797429626
47162.0;0.0;0.24608102699981427;0.5117401027000166;0.0;0.49216205399962853
46384.0;0.0;0.24608102699981407;0.5197945999668709;0.0;0.49216205399962815
45651.0;0.0;0.24608102699981405;0.5273832201424549;0.0;0.4921620539996281
45593.0;0.0;0.232898043974657;0.5279836839489813;0.0;0.465796087949314
45206.0;0.0;0.23289804397465694;0.5319902269339075;0.0;0.4657960879493139
43783.0;0.0;0.21868610292907464;0.5467222958423058;0.0;0.4373722058581493
43637.0;0.0;0.21868610292907456;0.5482338081828723;0.0;0.4373722058581491
42593.0;0.0;0.21868610292907448;0.5590421567003478;0.0;0.43737220585814895
41827.0;0.0;0.2032294516809432;0.5669724200761967;0.0;0.4064589033618864
41124.0;0.0;0.20322945168094295;0.574250455524267;0.0;0.4064589033618859
39555.0;0.0;0.18621840439632775;0.5904940367732318;0.0;0.3724368087926555
38380.0;0.0;0.18621840439632772;0.602658605267517;0.0;0.37243680879265545
38064.0;0.0;0.18621840439632767;0.605930097730661;0.0;0.37243680879265534
36108.0;0.0;0.16717913724636344;0.6261802219645519;0.0;0.33435827449272687
