70509.0;687691.1327961099;0.49895081681725745;0.27003271492463143;0.7963815707818468;0.9979016336345149
70400.0;690757.9750961103;0.49843188707018043;0.2711611727679311;0.799933131317874;0.9968637741403609
70245.0;677884.0673961099;0.49780845732391865;0.2727658605267517;0.7850244865102253;0.9956169146478373
70135.0;701060.0091156176;0.4970801343920781;0.2739046711943018;0.8118634146143081;0.9941602687841562
69926.0;671176.4530961099;0.4962464564310941;0.276068411462647;0.7772567254359866;0.9924929128621882
69917.0;712537.8171522223;0.4960115702783143;0.2761615868809011;0.8251553044721257;0.9920231405566285
69653.0;657913.3105522221;0.49437691345193524;0.2788947324830214;0.7618973267337547;0.9887538269038705
69494.0;704964.6947322233;0.4934002314958247;0.2805408315388438;0.8163852406441395;0.9868004629916494
69335.0;650789.7088156176;0.49184646432049567;0.2821869305946662;0.7536478308916971;0.9836929286409913
69040.0;647171.4863322235;0.4898249383531077;0.2852410137485506;0.749457743849208;0.9796498767062154
68958.0;642531.0643322235;0.4884154674814089;0.286089945337088;0.7440838973864439;0.9768309349628178
68680.0;633856.8564522223;0.486895628658429;0.2889680304787146;0.7340387201734178;0.973791257316858
68599.0;664744.3801322234;0.48526438487430473;0.2898066092430015;0.7698080553483905;0.9705287697486095
68321.0;618442.4443522223;0.4835206085962977;0.29268469438462813;0.7161880410888056;0.9670412171925954
68020.0;601293.828532223;0.47969047043334834;0.29580089448401525;0.6963290652315228;0.9593809408666967
67726.0;633337.9834156177;0.4777541788743596;0.29884462481364915;0.7334378386086848;0.9555083577487192
67525.0;585630.8575949423;0.4889969918839256;0.30092554248799075;0.6781905422765667;0.9779939837678512
67202.0;612622.5369310556;0.47306737662199433;0.3042695047208879;0.7094482900685641;0.9461347532439887
67004.0;567757.4802362171;0.488415467481409;0.30631936392247805;0.6574922554188555;0.976830934962818
66777.0;578462.7824156175;0.4754737163124691;0.30866945502733145;0.6698895439089091;0.9509474326249382
66642.0;572529.8701510546;0.47306737662199433;0.31006708630114294;0.6630189274893655;0.9461347532439887
66229.0;558694.3320144501;0.4754737163124691;0.3143428027165811;0.646996665359794;0.9509474326249382
66078.0;550823.0389196114;0.47775417887435956;0.31590607917839986;0.6378813046113365;0.9555083577487191
65975.0;523487.1043001039;0.4867771330389864;0.3169724200761968;0.6062248915606717;0.9735542660779728
65873.0;538007.3411310554;0.47306737662199433;0.31802840814974326;0.623040069863961;0.9461347532439887
65808.0;532019.508534449;0.4730728697201034;0.3187013417260229;0.6161058528856567;0.9461457394402067
65687.0;596228.4192156177;0.4679025191801178;0.31995403346032797;0.6904630616787226;0.9358050383602357
65616.0;518011.7818384428;0.4777541788743595;0.3206890839821103;0.5998841875809279;0.955508357748719
65085.0;517329.9871510546;0.4730673766219944;0.3261864336591022;0.599094634396077;0.9461347532439888
65004.0;558399.6353510546;0.46535030829019985;0.3270250124233891;0.6466553915225921;0.9307006165803997
64838.0;480204.7138344489;0.4705497964249733;0.32874358124896474;0.5561016655041112;0.9410995928499466
64502.0;464561.04523844284;0.47054979642497324;0.33222213019711777;0.5379854956494511;0.9410995928499465
64263.0;504930.4416322232;0.4625256061430544;0.33469645519297664;0.5847353253017198;0.9250512122861088
63901.0;434699.82639611;0.47054979642497324;0.3384441775716415;0.5034046740669106;0.9410995928499465
63695.0;487476.9182989363;0.4679025191801178;0.34057685936723536;0.5645232509198306;0.9358050383602357
63420.0;493810.301334449;0.46154017288763305;0.3434238860361106;0.5718576330132523;0.9230803457752661
63213.0;470435.54931961145;0.45854784746110333;0.34556692065595496;0.5447884723996436;0.9170956949222067
62570.0;429244.41843621706;0.45957094005100174;0.35222378664899784;0.4970870321006829;0.9191418801020035
62237.0;472591.78333222325;0.44990099008373685;0.35567127712439955;0.5472855018770414;0.8998019801674737
62056.0;460664.97323844285;0.4556147234774969;0.35754513831373197;0.5334736446290322;0.9112294469549937
61893.0;457406.44261961157;0.4527232438144536;0.35923264866655624;0.5297000991972126;0.9054464876289072
61626.0;443891.2497196116;0.44875988480732637;0.36199685274142784;0.5140488132669158;0.8975197696146527
61208.0;451616.32555105456;0.4463993237408352;0.36632433327811825;0.5229948469318249;0.8927986474816704
60958.0;424896.603734449;0.44521699674533594;0.36891253934073215;0.49205203988319707;0.8904339934906719
60723.0;401300.70353621716;0.4463993237408351;0.3713454530395892;0.4647267783410347;0.8927986474816701
60556.0;376218.0735801048;0.4560265896903735;0.3730743746894153;0.43567980755551644;0.912053179380747
59822.0;398713.30669611006;0.4419632389469833;0.38067334768924965;0.4617304402155417;0.8839264778939666
59625.0;300735.5033001038;0.4527232438144536;0.3827128540665894;0.34826712325664694;0.9054464876289072
59462.0;389819.66953561665;0.43769065698924586;0.3844003644194136;0.4514311526516035;0.8753813139784917
59344.0;405999.5373362171;0.43501222562704994;0.3856219976809674;0.47016826866136474;0.8700244512540999
58683.0;365448.054180105;0.43808165029175106;0.39246521451051847;0.4232075732077373;0.8761633005835021
58478.0;361422.9083356166;0.4336995599049752;0.39458754348186187;0.418546248061336;0.8673991198099504
58146.0;234418.44810010388;0.44928043153945346;0.3980246811330131;0.2714685750842062;0.8985608630789069
57755.0;344883.8243562162;0.43501222562704994;0.4020726354149412;0.3993931413093941;0.8700244512540999
57388.0;319507.49685504846;0.42664612779587474;0.4058721219148584;0.37000605371690903;0.8532922555917495
57063.0;249494.37105621613;0.43090954336093945;0.40923678979625644;0.2889272663951707;0.8618190867218789
56902.0;383163.71495504846;0.4222171098570515;0.4109035945005798;0.4437232161796393;0.844434219714103
56854.0;432165.2258322233;0.4128407488477068;0.41140053006460164;0.5004694767346932;0.8256814976954135
56676.0;243986.60355621614;0.43501222562704994;0.4132433327811827;0.282548989398466;0.8700244512540999
56225.0;334892.17813844286;0.4161117077631873;0.41791245651813813;0.38782230299241083;0.8322234155263746
56133.0;277720.8786396105;0.42955091781650934;0.41886491634918005;0.32161500857319003;0.8591018356330187
55964.0;347530.5037344489;0.4112828452894912;0.42061454364750706;0.40245813165182126;0.8225656905789824
55860.0;195635.72600010392;0.4340461332085858;0.42169123736955444;0.22655619556927212;0.8680922664171716
55476.0;412390.0711322233;0.40273269387872657;0.4256667218817293;0.477568834263985;0.8054653877574531
55433.0;224306.78480010392;0.42985235241121367;0.42611189332449895;0.2597587508360307;0.8597047048224273
55040.0;259215.50830010392;0.4209709018223819;0.43018055325492793;0.30018484145884183;0.8419418036447638
54935.0;204748.8751001039;0.4209709018223819;0.43126759980122575;0.23710968920749662;0.8419418036447638
54874.0;378057.248534449;0.40581105224683156;0.4318991220805036;0.43780966639654584;0.8116221044936631
54679.0;297344.75625621615;0.41761722071535234;0.4339179228093424;0.3443404644295136;0.8352344414307047
54650.0;200065.70035621614;0.4176172207153525;0.4342181547126056;0.23168633287655352;0.835234441430705
54518.0;183446.95550010388;0.4254956282768703;0.4355847275136657;0.21244097474735782;0.8509912565537406
54340.0;282350.24345504853;0.40788149071685376;0.43742753023024683;0.3269760502496338;0.8157629814337075
54223.0;168415.92330010392;0.41627269471912015;0.4386388106675501;0.19503426923228534;0.8325453894382403
54166.0;338730.44923444896;0.3956594109076248;0.4392289216498261;0.39226721760414274;0.7913188218152496
54137.0;267273.2714562162;0.4128407488477067;0.4395291535530893;0.30951614409344386;0.8256814976954134
53768.0;328500.3637833944;0.3842186768309598;0.44334934570150736;0.38042025443680055;0.7684373536619196
53609.0;305787.53493561666;0.4010639436305706;0.44499544475732977;0.35411763476923636;0.8021278872611411
53548.0;291174.9211384428;0.39004735313571576;0.4456269670366076;0.3371954792054361;0.7800947062714315
53246.0;0.0;0.3009568440770061;0.44875351996024515;0.0;0.6019136881540122
52219.0;0.0;0.2911669977675984;0.459385870465463;0.0;0.5823339955351968
52023.0;0.0;0.29116699776759836;0.4614150240185523;0.0;0.5823339955351967
51187.0;0.0;0.28085210497759894;0.4700699850919331;0.0;0.5617042099551979
49964.0;0.0;0.26995198617688826;0.48273148915024017;0.0;0.5399039723537765
49040.0;0.0;0.2699519861768882;0.4922974987576611;0.0;0.5399039723537764
48631.0;0.0;0.25839258987148134;0.4965318038760974;0.0;0.5167851797429627
48149.0;0.0;0.2583925898714813;0.501521865164817;0.0;0.5167851797429626
47162.0;0.0;0.24608102699981427;0.5117401027000166;0.0;0.49216205399962853
46384.0;0.0;0.24608102699981407;0.5197945999668709;0.0;0.49216205399962815
45651.0;0.0;0.24608102699981405;0.5273832201424549;0.0;0.4921620539996281
45593.0;0.0;0.232898043974657;0.5279836839489813;0.0;0.465796087949314
45206.0;0.0;0.23289804397465694;0.5319902269339075;0.0;0.4657960879493139
43783.0;0.0;0.21868610292907464;0.5467222958423058;0.0;0.4373722058581493
43637.0;0.0;0.21868610292907456;0.5482338081828723;0.0;0.4373722058581491
42593.0;0.0;0.21868610292907448;0.5590421567003478;0.0;0.43737220585814895
41827.0;0.0;0.2032294516809432;0.5669724200761967;0.0;0.4064589033618864
41124.0;0.0;0.20322945168094295;0.574250455524267;0.0;0.4064589033618859
39555.0;0.0;0.18621840439632775;0.5904940367732318;0.0;0.3724368087926555
38380.0;0.0;0.18621840439632772;0.602658605267517;0.0;0.37243680879265545
38064.0;0.0;0.18621840439632767;0.605930097730661;0.0;0.37243680879265534
36108.0;0.0;0.16717913724636344;0.6261802219645519;0.0;0.33435827449272687
