70354.0;681736.79229611;0.49843188707018043;0.27163740268345204;0.789486139367631;0.9968637741403609
70182.0;701551.1290961101;0.49780845732391865;0.2734180884545304;0.8124321567179277;0.9956169146478373
69667.0;646926.2037961099;0.4970683326863403;0.278749792943515;0.7491736941035013;0.9941366653726806
69649.0;666101.5940322233;0.49437691345193524;0.2789361437800232;0.7713797785916061;0.9887538269038705
69535.0;692252.8675522222;0.4934002314958247;0.2801163657445751;0.801664293384059;0.9868004629916494
69435.0;673857.3649522223;0.4934002314958247;0.2811516481696207;0.7803613587419557;0.9868004629916494
69209.0;657784.3161356166;0.49184646432049567;0.28349138645022365;0.7617479445893308;0.9836929286409913
69111.0;631944.3925522221;0.4911249915035026;0.28450596322676824;0.731823988977811;0.9822499830070052
68713.0;639872.5048356164;0.4889969918839256;0.2886263872784496;0.7410051492581724;0.9779939837678512
68242.0;616193.6451522221;0.48526438487430473;0.2935025675004141;0.7135838163811417;0.9705287697486095
67926.0;604305.8840522224;0.48352060859629764;0.29677405996355805;0.6998171798688979;0.9670412171925953
67903.0;596738.8878156174;0.4846215759451452;0.29701217492131854;0.6910542104752029;0.9692431518902904
67649.0;592538.4486396104;0.4915286957883115;0.29964179228093424;0.6861898866684368;0.983057391576623
67531.0;623838.40501445;0.4754737163124691;0.300863425542488;0.7224368400381096;0.9509474326249382
67389.0;610415.3731144499;0.4777541788743596;0.30233352658605267;0.7068922812683714;0.9555083577487192
67115.0;588683.3298156174;0.4777541788743596;0.3051702004306775;0.6817254615243766;0.9555083577487192
67045.0;582893.9395156174;0.4754737163124691;0.30589489812820936;0.6750210508942193;0.9509474326249382
66842.0;573798.4416156174;0.4754737163124691;0.30799652145105183;0.6644879982500861;0.9509474326249382
66449.0;555429.6933144499;0.4727008425265248;0.31206518138148087;0.6432160464569875;0.9454016850530496
66358.0;547987.5842562161;0.4868956286584289;0.3130072883882723;0.634597702815376;0.9737912573168578
66313.0;486364.9235001039;0.4889969918839256;0.3134731654795428;0.5632355039614035;0.9779939837678512
66195.0;518939.76315105456;0.48166307761377886;0.31469479874109657;0.6009588374930027;0.9633261552275577
66165.0;532220.6783156176;0.4705497964249733;0.31500538346861023;0.6163388178006898;0.9410995928499466
66126.0;479968.6691001038;0.4867849067458369;0.315409143614378;0.5558283136062203;0.9735698134916738
66011.0;525324.01451445;0.4730728697201034;0.3165997184031804;0.6083521277167323;0.9461457394402067
65918.0;460300.4188001039;0.4867849067458369;0.31756253105847276;0.5330514719087596;0.9735698134916738
65167.0;440664.95840010385;0.48509459774584845;0.32533750207056483;0.5103126025957347;0.9701891954916969
65057.0;540749.1571322234;0.46535030829019963;0.32647631273811495;0.6262152332907843;0.9307006165803993
64247.0;446729.3393350495;0.46804739952564056;0.3348621003809839;0.5173354664723632;0.9360947990512811
64012.0;399940.2300001038;0.47054979642497324;0.33729501407984097;0.46315128027216795;0.9410995928499465
63975.0;564463.6506310557;0.45957094005100174;0.33767806857710786;0.6536778319520578;0.9191418801020035
63918.0;369618.9271001038;0.4730728697201034;0.3382681795593838;0.4280376577749974;0.9461457394402067
63872.0;509911.943976111;0.46222671666788545;0.33874440947490475;0.5905041602805111;0.9244534333357709
63833.0;426077.6149362171;0.46804739952564056;0.3391481696206725;0.49341971137279567;0.9360947990512811
63737.0;364150.97410010383;0.4730728697201034;0.34014204074871623;0.42170548800948676;0.9461457394402067
63655.0;408742.7106196114;0.4671350916089014;0.3409909723372536;0.47334500389055667;0.9342701832178028
63624.0;417751.5534350495;0.46535030829019974;0.3413119098890177;0.4837777055063451;0.9307006165803995
63529.0;350628.84000010387;0.4730728697201034;0.342295428192811;0.4060461638139056;0.9461457394402067
63312.0;378831.2337001038;0.470621850702888;0.34454199105515987;0.4387059808792989;0.941243701405776
62752.0;503641.1667156176;0.4560265896903735;0.35033957263541493;0.5832422788826374;0.912053179380747
62723.0;392723.0969801049;0.46222671666788545;0.35063980453867816;0.4547934704111641;0.9244534333357709
61942.0;326373.52700010384;0.4651289172732259;0.3587253602782839;0.37795726845734384;0.9302578345464518
61892.0;337280.26880010386;0.46222671666788545;0.3592430014908067;0.390587834350319;0.9244534333357709
61844.0;515790.52373105567;0.44275308839506666;0.35973993705482854;0.5973118568697839;0.8855061767901333
61610.0;386176.9115801049;0.45919347905706376;0.36216249792943517;0.4472126522751436;0.9183869581141275
61497.0;492953.51493105566;0.44275308839506666;0.36333236706973665;0.5708654304542566;0.8855061767901333
61393.0;535003.8431144501;0.4419632389469833;0.364409060791784;0.6195618652540239;0.8839264778939666
61098.0;305685.4976396105;0.4651289172732259;0.36746314394566837;0.3539994703518164;0.9302578345464518
60825.0;285925.26700010395;0.4651289172732259;0.37028946496604276;0.3311161107079056;0.9302578345464518
60707.0;275447.3828001039;0.46222671666788545;0.3715110982275965;0.3189821838914604;0.9244534333357709
60514.0;475765.8277310556;0.43501222562704994;0.3735091933079344;0.5509612079368182;0.8700244512540999
60506.0;469250.34103222325;0.43895868144919004;0.373592015901938;0.5434159404698278;0.8779173628983801
60402.0;266654.5764001039;0.4651289172732259;0.3746687096239854;0.30879966351499244;0.9302578345464518
60084.0;498668.42203105567;0.4309095433609394;0.3779609077356303;0.5774835857221097;0.8618190867218788
59955.0;254730.7368001039;0.46222671666788545;0.37929642206393904;0.29499124625099643;0.9244534333357709
59783.0;240562.2238001039;0.46222671666788545;0.3810771078350174;0.27858338216715284;0.9244534333357709
59665.0;230084.3396001039;0.45919347905706376;0.38229874109657114;0.26644945535070763;0.9183869581141275
59471.0;453695.2894310557;0.4266461277958748;0.3843071890011595;0.5254023936361458;0.8532922555917496
59419.0;296240.0082001038;0.45655179057455797;0.38484553586218323;0.34306110957049757;0.9131035811491159
59157.0;311682.6245001039;0.44928043153945346;0.38755797581580254;0.36094445056396307;0.8985608630789069
58876.0;432936.30193621723;0.44275308839506666;0.39046711943018053;0.5013624223749754;0.8855061767901333
58650.0;441198.2778322233;0.4266461277958748;0.3928068577107835;0.5109302138267431;0.8532922555917496
57992.0;406375.2222510546;0.42664612779587474;0.3996190160675832;0.4706033310437759;0.8532922555917495
57559.0;459433.06581445003;0.41577411445982004;0.4041017889680305;0.5320470327060484;0.8315482289196401
57482.0;247835.39210010393;0.4527232438144536;0.40489895643531554;0.2870060837537851;0.9054464876289072
57479.0;220986.4821001039;0.44196323894698325;0.4049300149080669;0.2559136701688627;0.8839264778939665
57447.0;208308.7941001039;0.44569492091319596;0.4052613052840815;0.2412322578285998;0.8913898418263919
57397.0;322014.1981562161;0.43895868144919004;0.4057789464966043;0.3729089422732701;0.8779173628983801
57106.0;374092.2582362172;0.42221710985705163;0.4087916183534868;0.43321800445522946;0.8444342197141033
56946.0;421454.69883105566;0.4078814907168537;0.4104480702335597;0.48806613763330015;0.8157629814337074
56728.0;401141.59133222327;0.4128407488477067;0.41270498592015903;0.46454251825550474;0.8256814976954134
56702.0;358680.39283621707;0.42221710985705163;0.4129741593506709;0.4153702745797165;0.8444342197141033
56507.0;346815.14711961144;0.425017130408412;0.4149929600795097;0.40162971203518744;0.850034260816824
56473.0;391301.7734510547;0.4078814907168537;0.41534495610402516;0.45314750493237144;0.8157629814337074
55978.0;194011.0455001039;0.438081650291751;0.42046960410800066;0.22467473229760265;0.876163300583502
55922.0;335091.39425504854;0.4176172207153524;0.4210493622660262;0.3880530054637695;0.8352344414307048
55733.0;382356.4226344489;0.4157741144598201;0.42300604604936226;0.44278833030471876;0.8315482289196402
55367.0;285709.42030010384;0.4209709018223819;0.426795179725029;0.33086614916878376;0.8419418036447638
55246.0;280087.3090001039;0.41627269471912015;0.4280478714593341;0.32435545619241846;0.8325453894382403
54996.0;266534.46260010387;0.4298523524112138;0.430636077521948;0.3086605655796626;0.8597047048224276
54955.0;355216.7279550485;0.3973869910520175;0.4310605433162167;0.4113591731605205;0.794773982104035
54829.0;328607.8502196114;0.4010639436305706;0.43236499917177407;0.3805447292378122;0.8021278872611411
54803.0;363543.2625350495;0.3973869910520174;0.4326341726022859;0.4210017268765019;0.7947739821040348
54787.0;203547.53630010388;0.4209709018223819;0.4327998177902932;0.23571847731750872;0.8419418036447638
54704.0;182389.0332001039;0.4209709018223819;0.433659102203081;0.21121584651338812;0.8419418036447638
54341.0;174516.35810010388;0.4209709018223819;0.43741717740599634;0.2020988853321364;0.8419418036447638
54318.0;242346.39305621618;0.41284074884770683;0.43765529236375683;0.2806495415910008;0.8256814976954137
54223.0;168415.9233001039;0.41627269471912015;0.4386388106675501;0.1950342692322853;0.8325453894382403
54051.0;308634.8438196115;0.4010639436305706;0.44041949643862843;0.3574149643600909;0.8021278872611411
53982.0;316940.22383504955;0.3973869910520174;0.4411338413119099;0.3670330200062959;0.7947739821040348
53927.0;298961.71161961154;0.4010639436305706;0.44170324664568494;0.3462129815971397;0.8021278872611411
53780.0;261454.1073001039;0.40633154666022847;0.4432251118105019;0.30277725381222204;0.8126630933204569
53531.0;291202.51203844283;0.3956594109076248;0.44580296504886535;0.33722743088146245;0.7913188218152496
53318.0;273986.87420010386;0.4063315466602284;0.44800811661421236;0.3172908400925673;0.8126630933204568
53251.0;188821.2612001039;0.41139506346750493;0.44870175583899286;0.21866469614074796;0.8227901269350099
53246.0;0.0;0.3009568440770061;0.44875351996024515;0.0;0.6019136881540122
48008.0;0.0;0.2583925898714813;0.5029816133841312;0.0;0.5167851797429626
35860.0;0.0;0.19859460919147306;0.6287477223786649;0.0;0.39718921838294613
25058.0;0.0;0.18909646938708835;0.7405789299320855;0.0;0.3781929387741767
16344.0;0.0;0.16717913724636344;0.8307934404505549;0.0;0.33435827449272687
