70123.0;690089.5526761108;0.49708013439207804;0.27402890508530725;0.7991590639038874;0.9941602687841561
69917.0;671786.9781961098;0.4967074551062704;0.2761615868809011;0.7779637447866109;0.9934149102125408
69917.0;676408.6099522222;0.4960115702783143;0.2761615868809011;0.7833158311840944;0.9920231405566285
69810.0;698544.0512761113;0.4953068914549209;0.27726933907569984;0.8089498065122228;0.9906137829098418
69667.0;653845.7709961097;0.4970683326863403;0.278749792943515;0.7571869074969336;0.9941366653726806
69606.0;727637.4960156175;0.4942608356062636;0.2793813152227928;0.8426415063410357;0.9885216712125272
69535.0;660501.1097522223;0.4934002314958247;0.2801163657445751;0.7648941308126218;0.9868004629916494
69341.0;719814.6491156175;0.49184646432049567;0.2821248136491635;0.8335822487687049;0.9836929286409913
69139.0;646884.385832223;0.4898249383531077;0.2842160841477555;0.7491252667584638;0.9796498767062154
69111.0;631944.3925522222;0.4911249915035026;0.28450596322676824;0.7318239889778111;0.9822499830070052
68956.0;625990.0520522222;0.48982493835310775;0.28611065098558885;0.7249285575635952;0.9796498767062155
68744.0;641001.4355322231;0.4884154674814089;0.2883054497266854;0.7423125088540595;0.9768309349628178
68284.0;617019.1989522222;0.4835206085962977;0.29306774888189496;0.7145398499849717;0.9670412171925954
67564.0;579179.1335156175;0.48095575495247156;0.30052178234222293;0.670719115190321;0.9619115099049431
67453.0;598355.4703522223;0.4796904704333484;0.30167094583402354;0.6929262958903011;0.9593809408666968
67267.0;607903.9059156176;0.4777541788743596;0.30359657114460825;0.7039838735582983;0.9555083577487192
67152.0;588126.4217322231;0.47539421396183107;0.3047871459334106;0.6810805334264508;0.9507884279236621
67017.0;565497.5726522221;0.4835206085962977;0.30618477720722215;0.6548751666333041;0.9670412171925954
66797.0;535039.3559356168;0.4846215759451452;0.3084623985423223;0.6196029909207001;0.9692431518902904
66508.0;572607.6124510544;0.4706190738471958;0.311454364750704;0.6631089570564741;0.9412381476943916
66376.0;557313.3135510547;0.4706190738471958;0.3128209375517641;0.6453973752123615;0.9412381476943916
66197.0;529247.6643510547;0.48166307761377886;0.31467409309259564;0.6128959152850965;0.9633261552275577
66177.0;547308.6128156176;0.4754737163124691;0.31488114957760477;0.6338114190949776;0.9509474326249382
65918.0;460300.4188001038;0.4867849067458369;0.31756253105847276;0.5330514719087596;0.9735698134916738
65573.0;492425.9155562162;0.48352060859629764;0.3211342554248799;0.5702544433426885;0.9670412171925953
65568.0;446207.5211001038;0.4867849067458369;0.3211860195461322;0.516731174217032;0.9735698134916738
65479.0;515463.56898056803;0.4727008425265247;0.32210742090442274;0.5969332265147447;0.9454016850530494
65437.0;505693.20301445;0.47054979642497324;0.32254223952294186;0.5856186420681286;0.9410995928499465
64802.0;481394.6594350494;0.4706190738471958;0.32911628292198114;0.5574796834853786;0.9412381476943916
64462.0;423351.2611001039;0.4832839030186607;0.33263624316713597;0.4902624539254255;0.9665678060373214
64370.0;399051.35058010474;0.4730728697201034;0.3335887029981779;0.4621219123554169;0.9461457394402067
64180.0;499045.4166971737;0.4625256061430543;0.33555573960576446;0.5779201648636186;0.9250512122861086
63991.0;380445.2817001039;0.4730728697201034;0.33751242338910054;0.4405751311711327;0.9461457394402067
63958.0;439215.96623621706;0.46804739952564056;0.33785406658936556;0.5086345954199917;0.9360947990512811
63838.0;429909.511336217;0.46804739952564056;0.3390964054994202;0.4978572437598971;0.9360947990512811
63591.0;488105.9757410615;0.4651289172732259;0.34165355308928275;0.5652517316722794;0.9302578345464518
63529.0;350628.84000010387;0.4730728697201034;0.342295428192811;0.4060461638139056;0.9461457394402067
63483.0;406240.6896550485;0.46535030829019963;0.34277165810833193;0.470447535403816;0.9307006165803993
63258.0;388510.70221844374;0.4615401728876331;0.34510104356468446;0.4499153014235765;0.9230803457752662
63053.0;474480.17529717373;0.45648378638224407;0.3472233725360278;0.5494723565383549;0.9129675727644881
62805.0;468700.5268310556;0.4532614380349661;0.3497908729501408;0.5427792274510285;0.9065228760699322
61892.0;337280.26880010386;0.46222671666788545;0.3592430014908067;0.390587834350319;0.9244534333357709
61799.0;320028.68790010386;0.47067888578602024;0.36020581414609903;0.3706096196542086;0.9413577715720405
61629.0;292646.4780001039;0.47054979642497324;0.3619657942686765;0.338899617457473;0.9410995928499465
61592.0;312280.629300104;0.4651289172732259;0.36234884876594337;0.3616369707656164;0.9302578345464518
61507.0;332113.1513001039;0.46222671666788545;0.36322883882723206;0.38460404750936766;0.9244534333357709
61236.0;457532.98138056806;0.4523040177235373;0.3660344541991055;0.529846637566561;0.9046080354470746
61115.0;301157.55640010384;0.46222671666788545;0.3672871459334106;0.34875588237349747;0.9244534333357709
60762.0;266349.1965001039;0.46222671666788545;0.37094169289382145;0.3084460179423669;0.9244534333357709
60597.0;442793.8842322233;0.4389586814491901;0.3726499088951466;0.5127780078007834;0.8779173628983802
60519.0;372272.6241184438;0.44521699674533594;0.3734574291866821;0.4311107749042702;0.8904339934906719
60411.0;344373.4454650543;0.45919347905706376;0.3745755342057313;0.3988020964003449;0.9183869581141275
59783.0;242330.89060010388;0.46222671666788545;0.3810771078350174;0.28063158895243834;0.9244534333357709
59766.0;366399.87215621606;0.44990099008373685;0.3812531058472751;0.4243098271975942;0.8998019801674737
59619.0;412670.24355222227;0.4389586814491901;0.3827749710120921;0.4778932882830754;0.8779173628983802
59201.0;394679.47671445;0.42955091781650945;0.38710245154878253;0.4570590583932988;0.8591018356330189
59119.0;251819.22530010392;0.4560265896903736;0.38795138313731986;0.29161956674090617;0.9120531793807471
59084.0;279788.99556505436;0.4527232438144536;0.3883137319860858;0.32400999394830876;0.9054464876289072
58901.0;272291.9991001039;0.45272324381445367;0.39020829882391916;0.31532808787715205;0.9054464876289073
58658.0;259837.92456505436;0.4492804315394534;0.39272403511677983;0.30090563138781184;0.8985608630789068
58148.0;426354.85165222234;0.42221710985705163;0.39800397548451216;0.49374076569622855;0.8444342197141033
58049.0;421089.35041445;0.4254956282768703;0.39902890508530725;0.4876430454455093;0.8509912565537406
57996.0;328704.25317893724;0.4340461332085858;0.3995776047705814;0.3806563688046389;0.8680922664171716
57988.0;287386.93210010394;0.43808165029175106;0.39966042736458507;0.3328087937930605;0.8761633005835021
57954.0;237256.44560010388;0.44928043153945346;0.40001242338910054;0.2747551216152562;0.8985608630789069
57833.0;407222.94661445;0.4254956282768703;0.4012651151234057;0.47158503929609247;0.8509912565537406
57808.0;388838.6131522223;0.4222171098570517;0.40152393572966705;0.45029503908786384;0.8444342197141034
57641.0;400494.5214971737;0.42221710985705163;0.4032528573794931;0.46379317822904975;0.8444342197141033
57253.0;382558.1701510546;0.4176172207153525;0.40726975318866987;0.44302196426699264;0.835234441430705
56959.0;334538.15849611006;0.4254956282768703;0.41031348351830377;0.38741233010574255;0.8509912565537406
56741.0;376519.4031184439;0.4112828452894912;0.41257039920490307;0.43602876260178813;0.8225656905789824
56736.0;216484.9499001039;0.4419632389469833;0.41262216332615537;0.2507006652115573;0.8839264778939666
56587.0;339455.0673196115;0.42076218168333474;0.41416473413947325;0.3931063624779938;0.8415243633666695
56559.0;204727.00640010388;0.438081650291751;0.414454613218486;0.23708436413229003;0.876163300583502
56197.0;324314.53829999996;0.4128407488477067;0.4182023355971509;0.37557285403492174;0.8256814976954134
55587.0;220754.89490010394;0.4340461332085857;0.4245175583899288;0.2556454803241586;0.8680922664171714
55310.0;360270.9241196115;0.41139506346750515;0.42738529070730497;0.4172121913086659;0.8227901269350103
55274.0;355456.96993844287;0.41139506346750504;0.42775799238032136;0.4116373856878879;0.8227901269350101
55149.0;275993.1592801049;0.41627269471912026;0.4290520954116283;0.3196142210222457;0.8325453894382405
55007.0;268637.8351650544;0.41627269471912015;0.43052219645519296;0.3110963787919167;0.8325453894382403
54924.0;369331.2008322233;0.40273269387872657;0.4313814808679808;0.42770445601298224;0.8054653877574531
54788.0;209349.01640010395;0.4254956282768703;0.43278946496604276;0.24243688855557757;0.8509912565537406
54710.0;347363.8022384429;0.411395063467505;0.4335969852575783;0.40226508277724704;0.82279012693501
54678.0;246845.51970010388;0.41139506346750504;0.4339282756335928;0.2858597607910614;0.8227901269350101
54614.0;195547.36250010395;0.4254956282768704;0.434590856385622;0.22645386610830662;0.8509912565537407
54341.0;174516.3581001039;0.4209709018223819;0.43741717740599634;0.20209888533213644;0.8419418036447638
54278.0;228723.3069001039;0.4113950634675051;0.43806940533377503;0.2648733097414071;0.8227901269350102
54223.0;168415.9233001039;0.41627269471912015;0.4386388106675501;0.1950342692322853;0.8325453894382403
54127.0;315490.91993621713;0.40273269387872657;0.43963268179559384;0.3653546518255117;0.8054653877574531
54002.0;299049.9837384429;0.4010639436305706;0.4409267848269008;0.34631520523402926;0.8021278872611411
53780.0;261454.10730010387;0.40633154666022847;0.4432251118105019;0.30277725381222204;0.8126630933204569
53467.0;292903.9176184439;0.4010639436305706;0.4464655458008945;0.33919774572735706;0.8021278872611411
53446.0;280772.14805621613;0.40273269387872657;0.44668295511015405;0.3251485349122529;0.8054653877574531
53260.0;253881.6048562162;0.40273269387872657;0.44860858042073876;0.29400790794834186;0.8054653877574531
53251.0;184443.81180010393;0.41139506346750493;0.44870175583899286;0.2135953854241539;0.8227901269350099
53246.0;0.0;0.3009568440770061;0.44875351996024515;0.0;0.6019136881540122
44993.0;0.0;0.24608102699981413;0.5341953784992546;0.0;0.49216205399962826
37769.0;0.0;0.21868610292907456;0.6089841808845453;0.0;0.4373722058581491
29667.0;0.0;0.1926957155598475;0.692862762961736;0.0;0.385391431119695
19462.0;0.0;0.16717913724636344;0.7985133344376346;0.0;0.33435827449272687
