69917.0;673866.4921522221;0.4960115702783143;0.2761615868809011;0.7803719285072559;0.9920231405566285
69582.0;737639.5733961102;0.49426083560626355;0.27962978300480373;0.8542244244789666;0.9885216712125271
69246.0;722254.684976111;0.49184646432049567;0.28310833195295676;0.8364079353286623;0.9836929286409913
68906.0;632076.719932223;0.48982493835310775;0.28662829219811164;0.731977230864636;0.9796498767062155
68900.0;683221.8213522221;0.488415467481409;0.2866904091436144;0.7912058791111911;0.976830934962818
68859.0;655330.232332223;0.48841546748140896;0.28711487493788307;0.7589059897916435;0.9768309349628179
68485.0;691716.7133761109;0.48570476056455386;0.2909868312075534;0.8010433993742486;0.9714095211291077
68285.0;646744.403332223;0.4835206085962977;0.2930573960576445;0.7489631598504123;0.9670412171925954
68262.0;626359.4509522222;0.48689562865842895;0.293295511015405;0.7253563404187136;0.9737912573168579
68151.0;620523.8015310556;0.48166307761377886;0.2944446745072056;0.7185983593558128;0.9633261552275577
68014.0;613223.0889310555;0.48166307761377886;0.295863011429518;0.710143760058342;0.9633261552275577
67893.0;663917.3065322231;0.47969047043334834;0.2971157031638231;0.768850261738282;0.9593809408666967
67749.0;605400.2420310553;0.4776013611809573;0.2986065098558887;0.701084502486011;0.9552027223619146
67399.0;597876.0182550484;0.488415467481409;0.30222999834354813;0.6923710657934559;0.976830934962818
67179.0;640363.442632223;0.47306737662199433;0.3045076196786483;0.7415736803835165;0.9461347532439887
66961.0;557165.9476356166;0.48536674959289416;0.3067645353652476;0.6452267179308881;0.9707334991857883
66868.0;582707.1983310553;0.47306737662199433;0.30772734802054;0.6748047950334136;0.9461347532439887
66660.0;565052.5352993994;0.4777541788743596;0.30988073546463474;0.6543597905739147;0.9555083577487192
66612.0;549786.3774522223;0.4835206085962977;0.3103776710286566;0.6366807975109882;0.9670412171925954
66225.0;527063.3799322234;0.4706190738471958;0.3143842140135829;0.6103664019999238;0.9412381476943916
66126.0;473822.55290010397;0.4867849067458369;0.315409143614378;0.5487107961043409;0.9735698134916738
65803.0;510077.2699562162;0.4835206085962977;0.3187531058472751;0.5906956162371874;0.9670412171925954
65234.0;494847.74221717275;0.4706190738471958;0.32464386284578434;0.5730590427164974;0.9412381476943916
65192.0;590318.5394310554;0.45957094005100174;0.32507868146430347;0.6836191180512613;0.9191418801020035
64996.0;479571.2498522223;0.4706190738471958;0.32710783501739277;0.5553680817524229;0.9412381476943916
64834.0;534391.0407522224;0.46252560614305444;0.32878499254596655;0.6188522087170472;0.9250512122861089
64701.0;457850.3888033934;0.4727008425265248;0.3301619181712771;0.5302142116269386;0.9454016850530496
64502.0;540566.1415322232;0.4625256061430544;0.33222213019711777;0.6260032918478097;0.9250512122861088
64310.0;518877.4811322232;0.46535030829019974;0.3342098724532052;0.6008867117237104;0.9307006165803995
64230.0;429442.9154550485;0.4706190738471958;0.33503809839324167;0.4973169018199706;0.9412381476943916
64225.0;422868.85195621615;0.46804739952564056;0.33508986251449396;0.4897037994169592;0.9360947990512811
64182.0;398898.89569611;0.4730728697201034;0.33553503395726353;0.4619453617875835;0.9461457394402067
64023.0;490290.3468362171;0.46535030829019963;0.33718113301308594;0.5677813453330771;0.9307006165803993
63967.0;378986.7136001039;0.4730728697201034;0.33776089117111147;0.43888603457067576;0.9461457394402067
63918.0;369618.9271001038;0.4730728697201034;0.3382681795593838;0.4280376577749974;0.9461457394402067
63637.0;574739.1736144498;0.4527232438144536;0.3411773231737618;0.6655774141101812;0.9054464876289072
63325.0;415781.2721396105;0.47017158632757117;0.3444074043399039;0.481496018804113;0.9403431726551423
63320.0;465042.83355105465;0.45957094005100174;0.3444591684611562;0.5385434312034869;0.9191418801020035
63260.0;338858.47600010387;0.47054979642497324;0.34508033791618353;0.392415479159181;0.9410995928499465
63029.0;448872.8442211667;0.45957094005100174;0.34747184031803874;0.5198177549690082;0.9191418801020035
62669.0;408383.24185621616;0.45957094005100174;0.35119885704820275;0.47292872064247155;0.9191418801020035
62264.0;363815.7936001039;0.4651289172732259;0.35539175086963726;0.4213173318150044;0.9302578345464518
61958.0;483946.09223222325;0.44990099008373685;0.3585597150902766;0.560434373406268;0.8998019801674737
61727.0;345933.3394045609;0.46440178687880646;0.3609512174921318;0.40060853351513853;0.9288035737576129
61470.0;469341.9563971738;0.44990099008373685;0.36361189332449895;0.5435220357570396;0.8998019801674737
61338.0;323983.3141001038;0.46222671666788545;0.36497846612555906;0.37518927943869024;0.9244534333357709
61283.0;306061.8196001039;0.4651289172732259;0.3655478714593341;0.3544352704657409;0.9302578345464518
60943.0;274330.81590010395;0.46512891727322586;0.369067831704489;0.3176891422055955;0.9302578345464517
60660.0;435600.67833621707;0.44990099008373685;0.3719976809673679;0.5044479067754484;0.8998019801674737
60612.0;313895.58770010393;0.46259021912332887;0.37249461653138977;0.3635071753473012;0.9251804382466577
60437.0;391120.5672356165;0.4488536045721128;0.3743063607752195;0.4529376588494368;0.8977072091442256
60359.0;476929.8743310556;0.43090954336093945;0.37511388106675503;0.552309233548261;0.8618190867218789
60229.0;263447.2858001039;0.46222671666788545;0.3764597482193142;0.3050854566506455;0.9244534333357709
60054.0;249074.42670010388;0.45919347905706376;0.37827149246314395;0.2884409493117995;0.9183869581141275
59892.0;330743.1750001039;0.44640274030710303;0.37994864999171774;0.38301754475297484;0.8928054806142061
59815.0;440929.86853105563;0.4266461277958748;0.3807458174590028;0.5106193821020308;0.8532922555917496
59783.0;240562.22380010388;0.46222671666788545;0.3810771078350174;0.2785833821671528;0.9244534333357709
59712.0;359262.4992562162;0.4463993237408351;0.3818121583567997;0.41604438364265617;0.8927986474816701
59075.0;384298.11043561663;0.4376304081503367;0.3884069074043399;0.4450369042753829;0.8752608163006734
59071.0;460038.8938322234;0.4222171098570516;0.3884483187013417;0.5327486125947642;0.8444342197141032
58947.0;453353.1351971738;0.42221710985705163;0.38973206890839823;0.5250061615004766;0.8444342197141033
58769.0;256420.52940010384;0.4527232438144536;0.3915748716249793;0.2969481126709717;0.9054464876289072
58477.0;367206.4246011677;0.43501222562704983;0.3945978963061123;0.4252438562586014;0.8700244512540997
58370.0;426251.4627310557;0.4222171098570516;0.39570564850091106;0.4936210360276121;0.8444342197141032
58192.0;412664.1245971738;0.4222171098570517;0.3975484512174921;0.47788620221957884;0.8444342197141034
58077.0;298411.62969611003;0.44569492091319596;0.3987390260062945;0.3455759585421591;0.8913898418263919
58028.0;221113.21780010388;0.44569492091319596;0.3992463143945668;0.25606043660371514;0.8913898418263919
57844.0;419546.6145310557;0.42221710985705146;0.40115123405665065;0.4858564782389152;0.8444342197141029
57652.0;406798.5728196116;0.42985235241121383;0.4031389763127381;0.4710935926957009;0.8597047048224277
56602.0;486165.5150794004;0.41139506346750515;0.4140094417757164;0.5630045787920456;0.8227901269350103
56559.0;204727.00640010388;0.438081650291751;0.414454613218486;0.23708436413229003;0.876163300583502
56520.0;371487.3527350495;0.4128407488477067;0.41485837336425374;0.4302013904030409;0.8256814976954134
56247.0;334138.9491362171;0.42221710985705163;0.41768469438462813;0.3869500252105061;0.8444342197141033
56092.0;355221.7291384429;0.420482573780593;0.41928938214344874;0.4113649647871643;0.840965147561186
56085.0;292809.25180010387;0.43808165029175095;0.4193618519132019;0.3390881178588073;0.8761633005835019
56057.0;401230.14571961155;0.41139506346750515;0.4196517309922147;0.4646450687738474;0.8227901269350103
55978.0;194011.04550010394;0.438081650291751;0.42046960410800066;0.22467473229760268;0.876163300583502
55607.0;229002.73730010394;0.4340461332085857;0.42431050190491965;0.26519690446331584;0.8680922664171714
55254.0;307276.5380396105;0.425017130408412;0.4279650488653305;0.35584197666388345;0.850034260816824
55089.0;270349.02075621614;0.41761722071535246;0.42967326486665564;0.3130780193918874;0.8352344414307049
54803.0;340717.29303621716;0.40273269387872657;0.4326341726022859;0.3945680845374081;0.8054653877574531
54728.0;287821.9246362172;0.4128407488477067;0.4334106344210701;0.333312537439979;0.8256814976954134
54588.0;346740.39930000005;0.39738699105201747;0.43486002981613386;0.40154315022981324;0.7947739821040349
54518.0;185215.6223001039;0.4254956282768703;0.4355847275136657;0.21448918153264337;0.8509912565537406
54341.0;174516.35810010388;0.4209709018223819;0.43741717740599634;0.2020988853321364;0.8419418036447638
54223.0;168415.9233001039;0.41627269471912015;0.4386388106675501;0.1950342692322853;0.8325453894382403
54207.0;322601.6256033933;0.4058110522468315;0.4388044558555574;0.3735892133583446;0.811622104493663
53957.0;302118.3006033934;0.4010639436305706;0.4413926619181713;0.34986847339182914;0.8021278872611411
53910.0;279118.1805989363;0.4010751040220532;0.4418792446579427;0.3232331558433168;0.8021502080441064
53875.0;316083.38023504947;0.3973869910520174;0.4422415935067086;0.36604075121069873;0.7947739821040348
53780.0;261454.10730010387;0.40633154666022847;0.4432251118105019;0.30277725381222204;0.8126630933204569
53615.0;213924.33510010393;0.41139506346750504;0.44493332781182704;0.24773534206088668;0.8227901269350101
53401.0;252797.35346505436;0.40633154666022847;0.44714883220142454;0.2927522892776386;0.8126630933204569
53338.0;241683.56950010388;0.40633154666022847;0.44780106012920323;0.2798819579482953;0.8126630933204569
53246.0;0.0;0.3009568440770061;0.44875351996024515;0.0;0.6019136881540122
41596.0;0.0;0.24236118127665504;0.569363922478052;0.0;0.4847223625533101
32611.0;0.0;0.20454600114078866;0.6623840483683949;0.0;0.4090920022815773
23933.0;0.0;0.1890964693870884;0.7522258572138479;0.0;0.3781929387741768
13095.0;0.0;0.17050872340172804;0.8644297664402849;0.0;0.3410174468034561
6337.0;0.0;0.1671791372463634;0.9343941527248634;0.0;0.3343582744927268
