569392.0;2610220.9119999995;0.0;-0.0;0.08047171441208321;0.0
569357.0;2599970.2356000007;0.004208720749954095;6.146907578610167E-5;0.08015569154214178;0.00841744149990819
569074.0;2580486.7340999995;0.05845813072445911;5.58490459999438E-4;0.07955502561335104;0.11691626144891822
568249.0;2576565.3856;0.08233677871545957;0.002007404389243263;0.07943413253677216;0.16467355743091913
568214.0;2532199.1086000004;0.08242388031746366;0.0020688734650293646;0.07806634395004454;0.16484776063492732
568137.0;2590904.5048000007;0.05845813072445888;0.0022041054317587885;0.07987619991117655;0.11691626144891776
567697.0;2500341.3595;0.11608829350195196;0.002976859527355495;0.07708418658719408;0.23217658700390392
567687.0;2573790.4518999998;0.08233677871545957;0.0029944221204372384;0.07934858281521706;0.16467355743091913
567400.0;2516932.5227000006;0.1007310395395582;0.003498468541883272;0.07759568327341583;0.2014620790791164
566903.0;2578270.1163999997;0.06994502473952964;0.004371329418045916;0.07948668847541183;0.13989004947905928
566883.0;2485074.7736000004;0.12954900513324474;0.004406454604209402;0.07661352591056539;0.2590980102664895
565827.0;2435157.384100001;0.20591267070304906;0.006261064433641498;0.07507459949496065;0.4118253414060981
565260.0;2428062.7439999995;0.1792031879935707;0.007256863461376346;0.07485587553586617;0.3584063759871414
564949.0;2329074.928;0.18781954831123265;0.007803060106218563;0.07180413412087447;0.3756390966224653
564846.0;2419570.927000001;0.18476340166055674;0.007983954814960519;0.07459407736034702;0.3695268033211135
564771.0;2202771.630700001;0.2059126707030488;0.008115674263073594;0.06791027102947728;0.4118253414060976
564421.0;2494032.5990000004;0.12951307823215202;0.00873036502093461;0.07688969087577126;0.25902615646430405
563904.0;2286575.8870999995;0.1963348523739625;0.009638351083260742;0.07049391142425535;0.392669704747925
563724.0;2477748.9437999995;0.15010153609956373;0.009954477758732122;0.07638767449669195;0.30020307219912745
563556.0;2198677.8881000015;0.234106208307494;0.01024952932250541;0.06778406313501545;0.468212416614988
563278.0;2148399.9337999993;0.2203943247913028;0.010737769410177874;0.06623402069950624;0.4407886495826056
563251.0;2057713.6012000008;0.24012367371109655;0.010785188411498581;0.06343820957696235;0.4802473474221931
562755.0;2415825.3412000006;0.16311466430482702;0.01165629302835305;0.07447860295378707;0.32622932860965403
562637.0;2381584.7441000007;0.1725409756628238;0.011863531626717622;0.07342298366177122;0.3450819513256476
562630.0;2092221.6276000005;0.227212518458611;0.011875825441874842;0.06450207357123924;0.454425036917222
562295.0;2079510.8974000004;0.22919624607205555;0.012464172310113243;0.06411020855861864;0.4583924921441111
561834.0;2243791.7813999997;0.20386737026227675;0.013273807851181612;0.06917490033234408;0.4077347405245535
561385.0;2127046.1298000007;0.22070392856722448;0.014062368280551888;0.0655756943451354;0.44140785713444897
561175.0;2001334.5241999999;0.2401236737110966;0.014431182735268496;0.06170007279233109;0.4802473474221932
561084.0;1986156.3975000011;0.279542401667129;0.01459100233231236;0.061232139265518286;0.559084803334258
560815.0;2048332.9933000004;0.23643128581330342;0.015063436086211256;0.06314901045344365;0.47286257162660683
560527.0;1945156.218;0.24625466221907702;0.015569238766965464;0.059968125664064065;0.49250932443815404
559706.0;1934072.178;0.28363970236325103;0.017011127658976593;0.05962641064013198;0.5672794047265021
559517.0;2099551.010600001;0.22719048837557326;0.01734306066822154;0.06472803452836792;0.4543809767511465
559383.0;1920593.9793;0.2545541089393971;0.017578399415516904;0.05921088498420401;0.5091082178787942
558972.0;1892858.9120000005;0.2538739407730777;0.018300221991176552;0.05835582769587075;0.5077478815461554
558848.0;1824547.9771000003;0.2657317038462725;0.01851799814539017;0.05624983811497997;0.531463407692545
557603.0;1791189.4919000007;0.3076835554876315;0.020704540984067217;0.05522141386096646;0.615367110975263
557221.0;1886407.2107999998;0.26022531537653065;0.02137543203978981;0.05815692519913122;0.5204506307530613
556356.0;1791142.9039000005;0.2892378203104199;0.02289459634136061;0.05521997757784812;0.5784756406208398
555826.0;2115496.2223000005;0.2232995402254997;0.023825413774693004;0.06521961687538827;0.4465990804509994
555741.0;1722033.8587000007;0.3203393085612204;0.023974695815887823;0.05308938268334743;0.6406786171224408
555739.0;1753413.0259999996;0.28131133431964206;0.023978208334504172;0.054056785625315164;0.5626226686392841
555136.0;1752238.2386000005;0.2939912009195632;0.025037232697333295;0.05402056755821095;0.5879824018391264
554833.0;1718735.1612;0.29483653235572393;0.025569379267710118;0.05298768560401918;0.5896730647114479
554603.0;1689949.9337999995;0.3091820808580543;0.025973318908590216;0.052100252441572854;0.6183641617161086
553462.0;1835800.329;0.2602116422686685;0.02797721077921713;0.05659674210475271;0.520423284537337
553070.0;1810057.2074000007;0.2810173130166059;0.02866566442802147;0.05580309543678415;0.5620346260332117
552894.0;1662309.203;0.3161375065367759;0.028974766066260153;0.05124810349707047;0.6322750130735518
552271.0;1594579.8704999997;0.3335559730893727;0.03006891561525276;0.049160044407050796;0.6671119461787454
551883.0;1614096.4589;0.3257958635283769;0.030750344226824402;0.04976173038726909;0.6515917270567538
551720.0;1644680.5069999995;0.3217262805170785;0.031036614494056817;0.05070462022963986;0.643452561034157
551347.0;1574813.8967;0.33731730366423635;0.03169169921600584;0.04855067000835611;0.6746346073284727
550514.0;1717200.1293000001;0.30486660343042987;0.033154663219715066;0.052940361391688215;0.6097332068608597
550059.0;1552782.3323;0.34100299529530065;0.03395376120493439;0.047871448663412634;0.6820059905906013
548512.0;1533777.4061999996;0.355815468248393;0.03667069435468008;0.047285536958196026;0.711630936496786
547816.0;1527140.5044;0.3624071479048546;0.03789305083316941;0.047080924826029255;0.7248142958097092
547253.0;1511120.3939;0.355035763564768;0.038881824823671564;0.04658703338907106;0.710071527129536
547241.0;1480239.0354999998;0.3558061805628122;0.038902899935369654;0.04563497762919367;0.7116123611256244
547040.0;1479501.7071999996;0.3637485080357268;0.0392559080563127;0.045612246192129176;0.7274970160714536
544801.0;1474035.042600001;0.37596463510830314;0.04318817264731503;0.04544371184683475;0.7519292702166063
544793.0;1436683.0883999998;0.37904622353524386;0.043202222721780426;0.04429217107980725;0.7580924470704877
544658.0;1439270.5753999995;0.371785957357778;0.04343931772838396;0.044371941919873585;0.743571914715556
544010.0;1400620.7344999998;0.3748069635489938;0.044577373760080925;0.043180388000173306;0.7496139270979876
543641.0;1392155.9065000005;0.3958591778668103;0.04522543344479726;0.042919421881086696;0.7917183557336206
543472.0;1421795.9652;0.3687086106038283;0.04552224126787872;0.04383320903523074;0.7374172212076566
543310.0;1328489.1772999999;0.3930980361725605;0.04580675527580296;0.04095661067756743;0.786196072345121
542676.0;1435204.8619000004;0.36800230119427313;0.04692022367718549;0.04424659814757096;0.7360046023885463
542590.0;1299524.2788999998;0.39574186414791884;0.04707126197768848;0.04006363835430385;0.7914837282958377
541615.0;1990597.3185;0.24090893088696438;0.04878361480315846;0.061369050484333366;0.48181786177392877
541215.0;1625218.5137000007;0.31805387465214796;0.04948611852642819;0.05010461738714966;0.6361077493042959
541129.0;1399154.3190999997;0.37622226708763723;0.049637156826931185;0.043135179197831795;0.7524445341752745
540278.0;1246789.2195;0.4106528143416866;0.05113173349818754;0.03843784468295921;0.8213056286833732
538871.0;1297598.3959;0.4093831391443401;0.05360279034478883;0.04000426441164076;0.8187662782886802
538160.0;1399114.2986000003;0.380002119249799;0.054851490712900776;0.04313394538722528;0.760004238499598
537356.0;1216425.8628999996;0.43003070338035126;0.056263523196672945;0.03750175864147727;0.8600614067607025
536308.0;1498118.5341;0.3468233374539646;0.05810408295163964;0.04618619300661858;0.6936466749079292
536229.0;1173977.3699;0.42205280900801695;0.05824282743698542;0.0361930943095752;0.8441056180160339
535834.0;1359580.9231999994;0.3930294917719745;0.05893654986371428;0.04191515257152564;0.786058983543949
535140.0;1212830.8102999995;0.421950558708039;0.06015539382358726;0.037390925092947475;0.843901117416078
535126.0;1281040.4462000001;0.40960236789426124;0.06017998145390171;0.03949379167985689;0.8192047357885225
534867.0;1125829.6756;0.4362274508586394;0.060634852614718855;0.03470872665031024;0.8724549017172788
534478.0;1197569.3885999995;0.4152065343180382;0.06131803748559867;0.03692042362584224;0.8304130686360764
534107.0;1173858.0452999996;0.4196657442087688;0.06196960968893135;0.036189415595988386;0.8393314884175376
533731.0;1111243.0111;0.43251966611020914;0.0626299631888049;0.03425902758672812;0.8650393322204183
532436.0;1085977.5886;0.43799683614394974;0.06490431899289066;0.033480108126473396;0.8759936722878995
532254.0;1047437.3902999996;0.43995529959387064;0.06522395818697839;0.03229193442947917;0.8799105991877413
532239.0;1283856.3760000002;0.40072900198423783;0.065250302076601;0.03958060528924463;0.8014580039684757
531974.0;1317811.7748000002;0.3827079929234621;0.0657157107932672;0.04062743207023473;0.7654159858469242
530855.0;1168047.0962000005;0.4259498733126523;0.06768096495911428;0.03601026714372961;0.8518997466253047
529622.0;1047379.5125999997;0.44491559947787124;0.06984643268609324;0.03229015009094912;0.8898311989557425
529617.0;1047084.4825;0.44594069821940835;0.06985521398263411;0.03228105447078878;0.8918813964388167
529525.0;1080500.2238999996;0.43663533308150476;0.07001678983898614;0.03331124390281981;0.8732706661630095
528774.0;963913.5678999999;0.4486854855681156;0.07133574057942507;0.029716939664906412;0.8973709711362312
528021.0;1143726.6367000001;0.4300169216192694;0.07265820383848035;0.0352604803872688;0.8600338432385388
526481.0;1146783.3001000003;0.4291897706529642;0.07536284317306882;0.03535471568476713;0.8583795413059284
525881.0;1001060.7478999998;0.44153559718292873;0.07641659875797342;0.03086216735288926;0.8830711943658575
525518.0;914469.2117999995;0.4634572022736307;0.0770541208868407;0.028192596615980375;0.9269144045472614
524574.0;937805.0242000002;0.4615874524225199;0.07871202967375727;0.028912027229072792;0.9231749048450398
523021.0;874346.2865999999;0.4577640329502508;0.081439500379352;0.026955628295319035;0.9155280659005016
522877.0;1036950.2888000001;0.43780020523195656;0.08169240171972912;0.031968622700177356;0.8756004104639131
521225.0;863587.5692;0.4722413085100217;0.08459374209683311;0.02662394279311772;0.9444826170200434
520405.0;982670.9908;0.4432343836276065;0.08603387472953607;0.03029522097886574;0.886468767255213
519418.0;834415.1105999998;0.46474565474643553;0.08776730266670413;0.025724571499919857;0.9294913094928711
518656.0;802604.6829;0.4759479830509356;0.08910557225953297;0.024743873030517432;0.9518959661018712
518578.0;885449.1369999998;0.4545024009573496;0.08924256048557057;0.02729792323382073;0.9090048019146992
517642.0;930202.5214;0.45349304668314433;0.09088641919802175;0.028677646134612125;0.9069860933662887
517604.0;794129.0824000002;0.48094245990478895;0.09095315705173238;0.02448257480101842;0.9618849198095779
516772.0;764661.0578000001;0.480051875943486;0.09241436479613342;0.023574091366149883;0.960103751886972
514963.0;769399.2869000002;0.4785303494710345;0.0955914378846208;0.02372016843464677;0.957060698942069
514351.0;795379.4526999998;0.4784512722503668;0.09666626858122349;0.02452112304849753;0.9569025445007336
513790.0;785222.2183999997;0.47442815707335806;0.09765153005310928;0.02420798094851338;0.9488563141467161
513705.0;944489.2470999995;0.4479740809966409;0.0978008120943041;0.029118098245438723;0.8959481619932818
513255.0;772095.8947999997;0.4773661576740598;0.09859112878298255;0.023803303413687242;0.9547323153481196
512576.0;706347.7011000004;0.48318673420956126;0.09978362885323293;0.02177632177308629;0.9663734684191225
510930.0;821012.7922999997;0.47136129348181327;0.10267443167448788;0.02531138519613262;0.9427225869636265
507909.0;711760.2026999997;0.482373961619293;0.10798009104448253;0.02194318630206455;0.964747923238586
506364.0;660863.8384999998;0.4923107235501044;0.11069351167561188;0.02037407862014902;0.9846214471002088
506199.0;764827.0028999998;0.4785181653742236;0.11098329446146064;0.02357920736481263;0.9570363307484472
505395.0;677633.7522;0.4846851961201017;0.11239532694523281;0.020891086088665422;0.9693703922402034
503751.0;635547.0129999998;0.4936582536567196;0.11528261724787141;0.01959357443290169;0.9873165073134392
502729.0;817622.3695;0.4741329445306972;0.11707751426082558;0.0252068602748727;0.9482658890613944
502106.0;589589.7541999999;0.4937405313256909;0.1181716638098182;0.018176736728355784;0.9874810626513818
501581.0;657724.2998;0.49167014818143645;0.11909369994660972;0.0202772883214848;0.9833402963628729
498869.0;523721.0930000001;0.4976077168064655;0.1238566751903785;0.016146041139172396;0.995215433612931
497034.0;555660.2194000001;0.49755232736076094;0.1270794110208784;0.017130707320650074;0.9951046547215219
496100.0;568090.5533;0.49257487558350704;0.12871975721471324;0.017513927865336152;0.9851497511670141
495960.0;493652.1521999999;0.49909847756038417;0.12896563351785764;0.015219031779310423;0.9981969551207683
495784.0;546617.5122999998;0.49642971333916136;0.12927473515609633;0.0168519254980396;0.9928594266783227
494603.0;463811.36640000006;0.49999708790168806;0.1313488773990502;0.01429905631604981;0.9999941758033761
494017.0;531136.1328999997;0.4967743946005548;0.13237804535364037;0.016374642852706966;0.9935487892011096
493563.0;499364.39689999993;0.4984967701084956;0.1331753870795515;0.015395137227717902;0.9969935402169912
493291.0;474320.55230000004;0.4999737905045726;0.13365308961137495;0.014623048895589873;0.9999475810091452
492925.0;474873.49139999994;0.49897012534925805;0.13429588051816674;0.014640095712255045;0.9979402506985161
492324.0;443147.5093999998;0.4979575617843576;0.13535139236237953;0.013662000658610443;0.9959151235687153
489242.0;510396.2637;0.49659800390493775;0.1407641835501728;0.015735243779803385;0.9931960078098755
488889.0;416530.2506;0.49788826190775837;0.14138414308595837;0.012841404808374571;0.9957765238155167
488876.0;448997.05649999995;0.4972689066441097;0.14140697445696462;0.013842339066561732;0.9945378132882194
488644.0;487853.3038000001;0.4963660729161296;0.14181442661646107;0.015040256385159512;0.9927321458322592
488495.0;367557.1404999999;0.49822175005130787;0.14207610925337905;0.011331590021541419;0.9964435001026157
488352.0;381424.07080000004;0.4950310082472797;0.14232725433444798;0.01175910006475031;0.9900620164945594
486706.0;637408.9818000002;0.4924984575010426;0.14521805715570293;0.019650977934968887;0.9849969150020852
486122.0;372025.22639999987;0.49567217305316974;0.14624371259167673;0.011469338719692012;0.9913443461063395
486014.0;514552.6870999999;0.4941125412436798;0.14643338859695956;0.015863384089798916;0.9882250824873596
485443.0;612291.1231999999;0.4906654536439379;0.1474362126619271;0.018876607790813706;0.9813309072878758
485413.0;310296.3292;0.4924600959485494;0.14748890044117233;0.009566269840113885;0.9849201918970988
483857.0;283609.11159999995;0.49532041068501387;0.1502216399246916;0.008743517197497587;0.9906408213700277
483133.0;305863.08099999995;0.4947506801304412;0.15149317166380982;0.009429595169618301;0.9895013602608824
482926.0;294785.08650000003;0.49271938308663643;0.1518567173406019;0.009088066525217254;0.9854387661732729
482706.0;366201.5411;0.4921289400592994;0.15224309438840025;0.011289797617200285;0.9842578801185988
482038.0;328347.11790000007;0.49056286540993793;0.15341627560626073;0.0101227659996923;0.9811257308198759
481666.0;282616.6227;0.4942539393739728;0.15406960406890158;0.008712919295630055;0.9885078787479455
481513.0;302274.9493;0.48990205674298615;0.15433831174305224;0.009318974988733266;0.9798041134859723
481202.0;226998.71060000002;0.49076476246550754;0.15488450838789444;0.006998248817690236;0.9815295249310151
481017.0;230910.0701;0.48787659882735795;0.1552094163599067;0.0071188339387426225;0.9757531976547159
479763.0;219944.7965;0.48724681649063895;0.15741176553235733;0.006780780419389944;0.9744936329812779
479229.0;206002.40110000002;0.49092598005636773;0.15834960800292242;0.006350943827517164;0.9818519601127355
478811.0;160460.71870000003;0.4893746952152161;0.15908372439373927;0.004946918121075885;0.9787493904304322
477686.0;183805.388;0.48805331881365366;0.16105951611543542;0.005666621787657393;0.9761066376273073
477568.0;143509.2092;0.48629157650719623;0.16126675471379998;0.004424312151187879;0.9725831530143925
477133.0;0.0;0.47491363859666796;0.16203072751285583;0.0;0.9498272771933359
476270.0;0.0;0.47406455201095066;0.16354637929581026;0.0;0.9481291040219013
474124.0;0.0;0.4729078732917706;0.1673153117711524;0.0;0.9458157465835412
470539.0;0.0;0.47278876855914503;0.17361150139095738;0.0;0.9455775371182901
469768.0;0.0;0.4724643456888351;0.1749655773175598;0.0;0.9449286913776702
469008.0;0.0;0.47131656233942015;0.17630033439177228;0.0;0.9426331246788403
467386.0;0.0;0.4703907525467143;0.17914898698963105;0.0;0.9407815050934286
465177.0;0.0;0.4692432654401778;0.18302856380138816;0.0;0.9384865308803556
464010.0;0.0;0.4685253769124128;0.1850781184140276;0.0;0.9370507538248256
462809.0;0.0;0.46758684699039377;0.18718738584314498;0.0;0.9351736939807875
458503.0;0.0;0.4617051390950192;0.19474983842414365;0.0;0.9234102781900384
454702.0;0.0;0.4584098993328436;0.2014253800545143;0.0;0.9168197986656872
454152.0;1246138.8693999995;0.4018224706203185;0.20239132267401017;0.03841779473727281;0.803644941240637
451244.0;0.0;0.45710930169392716;0.20749852474218114;0.0;0.9142186033878543
449466.0;0.0;0.45655184697045703;0.2106211537921151;0.0;0.9131036939409141
445489.0;0.0;0.45339974046100245;0.21760579706072442;0.0;0.9067994809220049
445395.0;0.0;0.4521640050420204;0.2177708854356928;0.0;0.9043280100840408
439074.0;0.0;0.4478681010141447;0.22887220052266277;0.0;0.8957362020282894
437898.0;0.0;0.4439211578897867;0.2309375614690758;0.0;0.8878423157795734
436880.0;0.0;0.44376476066618753;0.23272543344479726;0.0;0.8875295213323751
434622.0;0.0;0.443669571486951;0.2366910669626549;0.0;0.887339142973902
433828.0;0.0;0.44194714200207263;0.23808553685334533;0.0;0.8838942840041453
430348.0;0.0;0.4401418259079434;0.244197319245792;0.0;0.8802836518158867
429815.0;0.0;0.4380986226125058;0.24513340545704893;0.0;0.8761972452250116
428553.0;0.0;0.43151021488651514;0.24734980470396492;0.0;0.8630204297730303
423721.0;0.0;0.42962074414731666;0.2558360496810633;0.0;0.8592414882946333
419576.0;0.0;0.4266928022868898;0.26311574451344594;0.0;0.8533856045737797
418083.0;0.0;0.42327109078831;0.2657378396605502;0.0;0.84654218157662
416594.0;0.0;0.4220058328848935;0.2683529097704218;0.0;0.844011665769787
414645.0;1251004.6505000007;0.39523629933576854;0.27177585916205355;0.03856780416569739;0.7904725986715371
413860.0;0.0;0.4170487285127642;0.2731545227189704;0.0;0.8340974570255284
408283.0;1305879.1577;0.3831953867009694;0.2829491808806587;0.040259555868245304;0.7663907734019388
407558.0;0.0;0.41086330992897324;0.28422246887908503;0.0;0.8217266198579465
406084.0;0.0;0.40788822543258973;0.286811195099334;0.0;0.8157764508651795
404334.0;0.0;0.40771409819287746;0.28988464888863913;0.0;0.8154281963857549
403053.0;0.0;0.4023997626478068;0.29213441706241045;0.0;0.8047995252956136
401749.0;1352158.5959;0.3767070786855734;0.29442457920026976;0.041686326191347385;0.7534141573711468
400668.0;0.0;0.393012656113042;0.2963230955124062;0.0;0.786025312226084
396083.0;0.0;0.38932972658872383;0.30437554444038556;0.0;0.7786594531774477
389771.0;0.0;0.37292283656500336;0.3154610531935819;0.0;0.7458456731300067
381531.0;0.0;0.3663826518200061;0.3299326298929384;0.0;0.7327653036400122
380732.0;0.0;0.36151020995719507;0.3313358810801697;0.0;0.7230204199143901
378284.0;0.0;0.35993041142213517;0.33563520386658047;0.0;0.7198608228442703
371997.0;0.0;0.3576690411955904;0.3466768061370725;0.0;0.7153380823911808
370775.0;0.0;0.34480559624877405;0.34882295501166155;0.0;0.6896111924975481
363712.0;0.0;0.337514578589668;0.3612274145052969;0.0;0.675029157179336
362031.0;0.0;0.3301477898964381;0.36417968640233794;0.0;0.6602955797928762
354844.0;0.0;0.3294375656221462;0.37680192205018687;0.0;0.6588751312442924
353863.0;0.0;0.32647167483769285;0.3785248124315059;0.0;0.6529433496753857
350147.0;0.0;0.3242139090781455;0.38505107202068173;0.0;0.648427818156291
346608.0;0.0;0.3184001349489171;0.39126647371231066;0.0;0.6368002698978342
344913.0;0.0;0.31651850717173674;0.39424333323966615;0.0;0.6330370143434735
343660.0;0.0;0.3160631091723846;0.3964439261528086;0.0;0.6321262183447692
339549.0;0.0;0.3154678477646198;0.4036639081687133;0.0;0.6309356955292396
336933.0;0.0;0.3127222385336052;0.40825828251889734;0.0;0.6254444770672104
336839.0;0.0;0.3082627862264025;0.4084233708938657;0.0;0.616525572452805
334610.0;0.0;0.3031592899822869;0.4123380728917863;0.0;0.6063185799645738
330932.0;0.0;0.3011459251590898;0.4187975946272515;0.0;0.6022918503181796
326730.0;0.0;0.2960028750747286;0.42617739624020007;0.0;0.5920057501494572
325178.0;0.0;0.2937158696200832;0.4289031106864866;0.0;0.5874317392401665
320097.0;0.0;0.29131008967949823;0.43782666423132044;0.0;0.5826201793589965
319150.0;0.0;0.288488271119588;0.4394898417961615;0.0;0.576976542239176
318657.0;0.0;0.28501834907025064;0.4403556776350915;0.0;0.5700366981405013
318246.0;0.0;0.28203891135295833;0.4410775002107511;0.0;0.5640778227059167
310020.0;0.0;0.277090751949388;0.45552448927979317;0.0;0.554181503898776
309111.0;0.0;0.271924805033283;0.45712092899092366;0.0;0.543849610066566
304259.0;0.0;0.2700423479104819;0.46564229915418553;0.0;0.5400846958209637
303179.0;0.0;0.2678799988616054;0.4675390592070138;0.0;0.5357599977232108
301049.0;0.0;0.2651248492329811;0.47127989153342514;0.0;0.5302496984659621
297581.0;0.0;0.2623383665868364;0.4773705988141737;0.0;0.5246767331736728
297165.0;0.0;0.25840391970693183;0.47810120268637424;0.0;0.5168078394138637
293553.0;0.0;0.25474381025854365;0.48444481130749995;0.0;0.5094876205170873
286627.0;0.0;0.2536352121335619;0.49660866327591535;0.0;0.5072704242671238
285685.0;0.0;0.2515411700076508;0.49826305954421557;0.0;0.5030823400153016
284649.0;0.0;0.2507836451622465;0.5000825441874842;0.0;0.501567290324493
284032.0;0.0;0.2502441263572139;0.5011661561806278;0.0;0.5004882527144278
283993.0;0.0;0.24920879195493764;0.5012346502936466;0.0;0.4984175839098753
283689.0;0.0;0.24345918675631284;0.5017685531233316;0.0;0.4869183735126257
279414.0;0.0;0.24288499335556438;0.5092765616657768;0.0;0.48576998671112875
277528.0;0.0;0.23425907869836135;0.5125888667209936;0.0;0.4685181573967227
271447.0;0.0;0.2317196471404587;0.5232686795740017;0.0;0.4634392942809174
270134.0;0.0;0.230246272252433;0.5255746480456347;0.0;0.460492544504866
268693.0;0.0;0.2298302218099357;0.5281054177087139;0.0;0.4596604436198714
265672.0;0.0;0.22771005288673968;0.5334110770787085;0.0;0.45542010577347936
265548.0;0.0;0.2208436708082974;0.5336288532329221;0.0;0.4416873416165948
262304.0;0.0;0.21975874909914356;0.5393261584286396;0.0;0.4395174981982871
258593.0;0.0;0.21871959942383812;0.5458436367212747;0.0;0.43743919884767624
257312.0;0.0;0.21657599456621227;0.548093404895046;0.0;0.43315198913242453
255502.0;0.0;0.20656608571773472;0.5512722342428414;0.0;0.41313217143546943
247563.0;0.0;0.20630987698254266;0.5652151768904375;0.0;0.4126197539650853
244411.0;0.0;0.20451616554055196;0.5707509062298031;0.0;0.40903233108110393
241417.0;0.0;0.2020130724947275;0.576009146598477;0.0;0.404026144989455
241321.0;0.0;0.1997174029331603;0.5761777474920617;0.0;0.3994348058663206
240411.0;0.0;0.19416564774207024;0.5777759434625004;0.0;0.38833129548414047
236923.0;0.0;0.19361117847578385;0.5839017759294124;0.0;0.3872223569515677
234782.0;0.0;0.1917886046137484;0.5876619271082136;0.0;0.3835772092274968
231973.0;0.0;0.1909423588544962;0.5925952595048753;0.0;0.3818847177089924
228024.0;0.0;0.18619832885980767;0.5995307275128559;0.0;0.37239665771961533
227551.0;0.0;0.18590440265394031;0.6003614381656223;0.0;0.37180880530788063
226322.0;0.0;0.18003232213833323;0.6025198808553686;0.0;0.36006464427666646
218959.0;0.0;0.17619718844851473;0.6154512181414562;0.0;0.35239437689702946
218592.0;0.0;0.17368923803129566;0.6160957653075562;0.0;0.3473784760625913
211834.0;0.0;0.1698969926637084;0.6279645657121983;0.0;0.3397939853274168
205568.0;0.0;0.1650817880325758;0.6389692865372186;0.0;0.3301635760651516
205076.0;0.0;0.16456908384438493;0.6398333661168404;0.0;0.32913816768876986
198810.0;0.0;0.16010322111477715;0.6508380869418607;0.0;0.3202064422295543
192052.0;0.0;0.15606782008868872;0.662706887346503;0.0;0.31213564017737744
184938.0;0.0;0.15312773259559714;0.6752009160648551;0.0;0.3062554651911943
177688.0;0.0;0.1500893891695026;0.6879337960491191;0.0;0.3001787783390052
171422.0;0.0;0.14783839714663763;0.6989385168741394;0.0;0.29567679429327526
163988.0;0.0;0.14651360533770869;0.7119945485711074;0.0;0.29302721067541737
153487.0;0.0;0.14081366041215576;0.7304370275662461;0.0;0.2816273208243115
146729.0;0.0;0.13905243789863342;0.7423058279708883;0.0;0.27810487579726684
125425.0;0.0;0.13592195390095746;0.7797211762722343;0.0;0.2718439078019149
118667.0;0.0;0.13344055620696615;0.7915899766768764;0.0;0.2668811124139323
111909.0;0.0;0.13116058427374175;0.8034587770815186;0.0;0.2623211685474835
105151.0;0.0;0.12953493170365002;0.8153275774861607;0.0;0.25906986340730004
