569392.0;2758963.2305;0.0;-0.0;0.08505736052360405;0.0
569357.0;2727039.0385000007;0.004208720749954095;6.146907578610167E-5;0.08407315476168942;0.00841744149990819
568249.0;2725144.8068;0.08233677871545957;0.002007404389243263;0.08401475661167383;0.16467355743091913
568214.0;2693220.6148;0.08242388031746366;0.0020688734650293646;0.08303055084975919;0.16484776063492732
568137.0;2718985.244700001;0.05845813072445888;0.0022041054317587885;0.08382486060711122;0.11691626144891776
567029.0;2682160.8330000006;0.10066813108363562;0.0041500407452159495;0.0826895836931565;0.20133626216727124
565571.0;2669330.7342000008;0.11604095563139936;0.006710666816534127;0.08229403861045263;0.23208191126279873
565536.0;2648875.832100001;0.11608829350195189;0.006772135892320229;0.08166342492080249;0.23217658700390378
562483.0;2513683.854900001;0.20589776407478508;0.01213399556017647;0.07749552858297587;0.41179552814957016
561830.0;2644598.9367;0.1295490051332446;0.013280832888414308;0.0815315705234919;0.2590980102664892
561525.0;2609306.4735000012;0.15272838721298043;0.01381649197740748;0.08044352276229565;0.30545677442596086
560444.0;2328721.5680000014;0.24623422024011354;0.015715008289543933;0.07179324022110001;0.4924684404802271
560305.0;2595748.317800001;0.16298013052984325;0.015959128333380167;0.08002553207482965;0.3259602610596865
559878.0;2374846.7879000013;0.2271623453250039;0.016709051057970607;0.07321525607651024;0.4543246906500078
559540.0;2171302.9069000003;0.2347771564794773;0.01730266670413353;0.06694010710852161;0.4695543129589546
559087.0;2101956.603600001;0.2643067675301435;0.018098252170736503;0.06480219767371617;0.528613535060287
558269.0;2165812.7562000006;0.24714739585918977;0.01953487228482311;0.06677084869932774;0.49429479171837953
557867.0;2097888.373200001;0.2696948987010263;0.020240888526709192;0.06467677630673291;0.5393897974020526
553846.0;2014522.2013000003;0.27491443740180826;0.027302807204878186;0.06210664182274196;0.5498288748036165
550308.0;2257702.248600001;0.23383725457070867;0.033516452637198976;0.06960375259489049;0.46767450914141734
550127.0;1839800.3317000002;0.29450586944103757;0.033834335571978534;0.05672006004824254;0.5890117388820751
549543.0;2240717.8910000008;0.22151839317324803;0.03485999100795234;0.06908013393565116;0.44303678634649607
548600.0;1729587.3391000007;0.3079964814445515;0.036516143535560736;0.05332225244344001;0.615992962889103
547291.0;1911289.1687000007;0.29280760340266215;0.038815086969960944;0.05892402265089754;0.5856152068053243
546266.0;1715446.8934000009;0.3166181882479255;0.04061525276083963;0.052886310066762754;0.633236376495851
545039.0;2060606.0013000013;0.25909545895165315;0.04277018293196954;0.06352738072479228;0.5181909179033063
542958.0;1817650.0504000005;0.3079346281211892;0.04642495855228033;0.05603717872477819;0.6158692562423784
541767.0;1979208.7598;0.29275884518489215;0.04851666338831596;0.06101794731177874;0.5855176903697843
541317.0;1673195.8119000006;0.35714114669882124;0.04930698007699441;0.051583731825802864;0.7142822933976425
538634.0;1618532.4397000007;0.3544255169510631;0.05401902380082615;0.049898489302360925;0.7088510339021262
536981.0;1570440.159700001;0.36101477044524277;0.056922120437238315;0.048415830036321786;0.7220295408904855
536677.0;1286198.5993;0.43448050736380117;0.05745602326692331;0.039652814780640706;0.8689610147276023
536113.0;1468489.4908000007;0.3878968800728695;0.05844655351673364;0.04527274545136399;0.775793760145739
534211.0;1678826.3055000007;0.33803412366420005;0.06178695872088122;0.05175731693152907;0.6760682473284001
532114.0;2463880.175500001;0.1957404940011104;0.0654698344901228;0.07596010778892633;0.3914809880022208
532038.0;1471779.8490000002;0.3727316145590966;0.06560331019754405;0.045374185434534205;0.7454632291181932
531510.0;1419322.0122000007;0.37870009507468533;0.06653061511226009;0.04375693838765083;0.7574001901493707
530526.0;2426813.8647000017;0.2180824604059148;0.06825877427150363;0.07481737325511953;0.4361649208118296
528273.0;1407170.4321000008;0.3815864766964285;0.07221562649282041;0.04338231167350291;0.763172953392857
525609.0;1005499.1185999999;0.4590673462559734;0.07689430128979684;0.03099899994731963;0.9181346925119468
523496.0;1328264.7612000005;0.4149168103608421;0.0806052772079692;0.04094969204925302;0.8298336207216842
522239.0;923782.6872999998;0.46458756711047056;0.08281289515834434;0.0284797260835187;0.9291751342209411
519097.0;909021.2816999996;0.47788101818099477;0.0883310619046281;0.028024639845299126;0.9557620363619895
517537.0;862256.2840999997;0.47712777608424306;0.09107082642538006;0.026582899985638946;0.9542555521684861
514058.0;1175382.9193000006;0.4258892477763397;0.09718085255851856;0.036236426645696235;0.8517784955526794
513244.0;1229151.2907000002;0.42356130206668813;0.09861044763537247;0.03789407677324359;0.8471226041333763
508258.0;859426.1880000002;0.48900101786748307;0.1073671565459297;0.026495649636800307;0.9780020357349661
505172.0;697366.623;0.4944551356728722;0.11278697277095569;0.021499439939578154;0.9889102713457444
503912.0;823873.3902999999;0.482373961619293;0.11499985949925534;0.02539957590223167;0.964747923238586
501470.0;761318.6968999999;0.4901801834661738;0.11928864472981707;0.023471048167556838;0.9803603669323476
498351.0;1315027.7293000005;0.4168198896388754;0.12476641751201281;0.040541601436759896;0.8336397792777508
493291.0;474320.55230000004;0.4999737905045726;0.13365308961137495;0.014623048895589873;0.9999475810091452
490888.0;1124560.6853000005;0.4460133334529641;0.13787338072891786;0.03466960435819167;0.8920266669059282
488264.0;410864.9169999999;0.4953979651953056;0.14248180515356731;0.012666745604085587;0.9907959303906112
486706.0;637408.9818000002;0.4924984575010426;0.14521805715570293;0.019650977934968887;0.9849969150020852
485443.0;612291.1231999999;0.4906654536439379;0.1474362126619271;0.018876607790813706;0.9813309072878758
485151.0;331291.33939999994;0.49411254124367976;0.14794904037991402;0.010213534773563002;0.9882250824873595
481680.0;549124.9846;0.4919118955115825;0.15404501643858712;0.016929229527707805;0.983823791023165
479781.0;260719.3162;0.4886110658697791;0.1573801528648102;0.008037837049924005;0.9772221317395582
476632.0;217188.998;0.48701073822003954;0.16291061342625116;0.006695820625814722;0.9740214764400791
476611.0;163802.21289999998;0.48622533441825305;0.16294749487172283;0.005049934599771552;0.9724506688365061
476270.0;0.0;0.47406455201095066;0.16354637929581026;0.0;0.9481291040219013
470539.0;0.0;0.47278876855914503;0.17361150139095738;0.0;0.9455775371182901
462809.0;0.0;0.46758684699039377;0.18718738584314498;0.0;0.9351736939807875
449343.0;0.0;0.46632396494036765;0.21083717368702054;0.0;0.9326479298807353
443483.0;0.0;0.4537586440809495;0.22112885323292214;0.0;0.907517288161899
436880.0;0.0;0.44376476066618753;0.23272543344479726;0.0;0.8875295213323751
413638.0;0.0;0.43153699157419245;0.2735444122853851;0.0;0.8630739831483849
390224.0;0.0;0.40286920366451795;0.31466546772697895;0.0;0.8057384073290359
385894.0;0.0;0.3942781966822452;0.3222700705313738;0.0;0.7885563933644903
374638.0;0.0;0.39155768185381623;0.3420385253041841;0.0;0.7831153637076325
362210.0;0.0;0.36203939479382724;0.3638653159861747;0.0;0.7240787895876545
356618.0;0.0;0.3607434121808651;0.3736863180374856;0.0;0.7214868243617302
346112.0;0.0;0.3479043675895077;0.3921375783291651;0.0;0.6958087351790154
339835.0;0.0;0.33038364865594094;0.40316161800657546;0.0;0.6607672973118819
332538.0;0.0;0.3143010974998903;0.41597704217832354;0.0;0.6286021949997807
328706.0;0.0;0.310056275925191;0.42270702784724756;0.0;0.620112551850382
320607.0;0.0;0.30127136071414307;0.43693097198415154;0.0;0.6025427214282861
308313.0;0.0;0.28842968527839574;0.4585224239188468;0.0;0.5768593705567915
306289.0;0.0;0.2835585155625388;0.4620770927585916;0.0;0.5671170311250776
295386.0;0.0;0.2824186524654203;0.4812255879956164;0.0;0.5648373049308406
293586.0;0.0;0.27807529493950595;0.48438685475033016;0.0;0.5561505898790119
280070.0;0.0;0.2743629929919572;0.5081244555596145;0.0;0.5487259859839144
270848.0;0.0;0.24652391914833358;0.5243206788995982;0.0;0.49304783829666715
257001.0;0.0;0.24121958721025455;0.5486396015398881;0.0;0.4824391744205091
254464.0;0.0;0.23012333657918294;0.5530952314047265;0.0;0.46024667315836587
234221.0;0.0;0.21547770380321848;0.5886471885800995;0.0;0.43095540760643697
231642.0;0.0;0.20829258555197108;0.593176581335881;0.0;0.41658517110394216
220531.0;0.0;0.2061431913875997;0.6126903785090061;0.0;0.4122863827751994
210575.0;0.0;0.1947067056354771;0.6301756961811897;0.0;0.3894134112709542
208445.0;0.0;0.186586472953056;0.633916528507601;0.0;0.373172945906112
201687.0;0.0;0.18384233547174128;0.6457853289122433;0.0;0.36768467094348256
190052.0;0.0;0.18364429979418334;0.6662194059628516;0.0;0.3672885995883667
180000.0;0.0;0.17160311012360277;0.68387332452862;0.0;0.34320622024720554
166840.0;0.0;0.16588685999725872;0.7069856970241942;0.0;0.33177371999451744
159726.0;0.0;0.16313639004742592;0.7194797257425465;0.0;0.32627278009485183
140025.0;0.0;0.1610357939203329;0.754079790372889;0.0;0.3220715878406658
133267.0;0.0;0.15849410981033846;0.7659485907775311;0.0;0.3169882196206769
126509.0;0.0;0.15619609870019296;0.7778173911821733;0.0;0.31239219740038593
119751.0;0.0;0.15430755949592412;0.7896861915868154;0.0;0.30861511899184824
