569392.0;3200666.2432999997;0.0;-0.0;0.09867482812475178;0.0
568258.0;3067573.7719000014;0.09725601902461552;0.001991598055469694;0.09457165842763497;0.19451203804923103
567278.0;2985259.388600001;0.1416279448549247;0.0037127321774805405;0.09203395002354095;0.2832558897098494
566560.0;2915599.1950000008;0.15270892369417793;0.004973726360749712;0.08988636351869815;0.30541784738835587
566114.0;2864874.346200001;0.15051416513736016;0.005757018012195464;0.08832254356481462;0.3010283302747203
562648.0;2673867.6602000017;0.2490530615841605;0.011844212774327704;0.08243390961206111;0.498106123168321
562601.0;2520071.593;0.2579261065588016;0.011926756961811898;0.0776924591315586;0.5158522131176032
561494.0;2735784.4984;0.2402388077174438;0.013870936015960884;0.08434277261213251;0.4804776154348876
560593.0;2796881.6046000007;0.24021088823720477;0.015453325652625959;0.08622636371314932;0.48042177647440953
560243.0;2612219.8263999997;0.246329422172287;0.016068016410486975;0.08053333987374107;0.492658844344574
557522.0;2437242.929000001;0.28973726770901176;0.020846797988029336;0.07513889572859161;0.5794745354180235
556353.0;2332356.061900001;0.30358129582791454;0.022899865119285132;0.07190528972381016;0.6071625916558291
556329.0;2386621.820800001;0.3035812958279144;0.022942015342681317;0.07357827404191133;0.6071625916558288
556138.0;2235631.652900001;0.28246261987027255;0.023277460870542614;0.06892332793584731;0.5649252397405451
554793.0;2149813.2067000014;0.29684174616196496;0.025639629640037093;0.06627759114700073;0.5936834923239299
554272.0;2060528.9721000013;0.30159282509024493;0.02655464073959592;0.06352500595576208;0.6031856501804899
552790.0;1930521.5030999999;0.32577761248131526;0.029157417034310282;0.059516945232353895;0.6515552249626305
551734.0;1879347.3485;0.32577761248131515;0.031012026863742378;0.05793927342100685;0.6515552249626303
551701.0;1992745.3560000015;0.3087010361733949;0.03106998342091213;0.061435273331392745;0.6174020723467898
551115.0;1814290.6319000004;0.33351518211707715;0.03209915137550229;0.0559336096495019;0.6670303642341543
546367.0;1568805.8108000006;0.37595429005736647;0.040437870570714025;0.048365443934009184;0.7519085801147329
545270.0;1734332.5526000003;0.3677728488026108;0.04236448703178127;0.05346854483725266;0.7355456976052216
543289.0;1475612.9058999997;0.3885004773705373;0.04584363672127462;0.04549235652831557;0.7770009547410746
540547.0;1657462.5088;0.3682494289267441;0.05065929974428864;0.05109868250756263;0.7364988578534882
538371.0;1389761.6198999998;0.4204818511710538;0.05448091999887599;0.04284560730600221;0.8409637023421076
534538.0;1309333.8446000004;0.4198778549815623;0.06121266192710821;0.040366062017330964;0.8397557099631247
533752.0;1207048.0477999998;0.4347266057213962;0.06259308174333324;0.03721264561848862;0.8694532114427924
527676.0;1132340.2367000002;0.4475417742030349;0.0732641132998005;0.0349094437662804;0.8950835484060699
526326.0;1052604.0512999997;0.45190461985218916;0.07563506336583584;0.032451219824268795;0.9038092397043783
523708.0;977450.4819999998;0.455178616545474;0.08023295023463624;0.030134275485207317;0.910357233090948
516010.0;919420.9491999998;0.4656467471457054;0.09375263438896227;0.028345256031152687;0.9312934942914108
512003.0;862775.7421999993;0.48531689425282737;0.10078996543681681;0.02659891460098435;0.9706337885056547
505804.0;1906283.770500001;0.31640757720168966;0.11167701688818951;0.058769708901966415;0.6328151544033793
502815.0;1950945.8262000002;0.30385505962341797;0.11692647596032259;0.060146616187791914;0.6077101192468359
497687.0;782633.2260999997;0.4991035920895282;0.12593257369264058;0.02412816370085328;0.9982071841790564
496471.0;1776755.4160000004;0.31669367072118987;0.12806818501138056;0.05477641902229698;0.6333873414423797
496057.0;1850499.0198000008;0.3126932272642634;0.12879527636496474;0.0570498948792368;0.6253864545285268
493721.0;2001669.1558000003;0.2998029798839916;0.13289789810885996;0.06171038930555214;0.5996059597679833
490104.0;2449036.8124999995;0.25031011213746723;0.13925028802652653;0.07550249484790679;0.5006202242749345
488632.0;1518616.8544000005;0.37458230209607235;0.14183550172815915;0.04681814525614873;0.7491646041921447
487482.0;2213628.561;0.292712759174297;0.14385519993255963;0.06824498438284782;0.585425518348594
485788.0;639987.9874999999;0.49856372903532714;0.14683030320060697;0.01973048730109319;0.9971274580706543
485105.0;1680098.1707000001;0.35837419210859894;0.14802982830809003;0.05179652785527674;0.7167483842171979
485061.0;1431330.2906000004;0.3951207876931191;0.1481071037176497;0.04412714718704519;0.7902415753862382
483648.0;579208.2834999999;0.498537702512194;0.15058869812010003;0.017856681540112083;0.997075405024388
482733.0;709559.8968999999;0.4955509170259951;0.15219567538707957;0.021875352051276498;0.9911018340519901
481829.0;2384494.2814999996;0.2396102143970517;0.15378333380166914;0.07351268314339271;0.4792204287941034
480490.0;520310.5819;0.49191189551158243;0.15613496501531457;0.016040896906369447;0.9838237910231649
479272.0;433672.1898;0.4900053872648045;0.1582740888526709;0.013369881624045602;0.980010774529609
475508.0;329966.04260000004;0.4855226064255444;0.1648846488886391;0.010172676582169873;0.9710452128510888
474495.0;245050.9337;0.48707649490815735;0.1666637395678197;0.007554789199053333;0.9741529898163147
473962.0;159920.94460000002;0.48578857436349643;0.16759982577907662;0.004930277174318257;0.9715771487269929
473632.0;0.0;0.4749136385966681;0.16817939135077417;0.0;0.9498272771933362
473273.0;2822708.157600001;0.21963125753253662;0.16880988844240874;0.08702258252654935;0.43926251506507324
472761.0;1617674.9568000007;0.3468146650474024;0.169709093208194;0.049872053563253624;0.6936293300948048
472612.0;2072273.6792000006;0.26848683623436553;0.16997077584511197;0.06388708899297157;0.5369736724687311
468654.0;1236451.3365000002;0.4179410956390024;0.176922050186866;0.03811913328018982;0.8358821912780048
468078.0;1024872.7877999997;0.4540677308535636;0.1779336555483744;0.031596279805054736;0.9081354617071272
466947.0;2136990.1410000008;0.2613007197533989;0.1799199848259196;0.06588226289100757;0.5226014395067978
466084.0;2752671.751700001;0.22015511457048922;0.18143563660887402;0.0848633975977476;0.44031022914097845
463510.0;2289220.6321;0.2572754405970103;0.18595624806811475;0.07057544749783226;0.5145508811940206
459675.0;1362376.1306000005;0.380108673336332;0.19269150251496334;0.0420013273204066;0.760217346672664
447425.0;1097957.4205999994;0.43451527323523476;0.2142056790400989;0.03384943993857279;0.8690305464704695
437255.0;2682885.4957;0.21538996496956378;0.23206683620423188;0.08271192465654828;0.43077992993912756
437184.0;2552161.8294;0.22173290592985;0.23219153061511227;0.0786817839535019;0.4434658118597
435495.0;1433461.048;0.3621505913117296;0.2351578525866187;0.04419283729786528;0.7243011826234592
429466.0;1954418.886800001;0.2913595148406542;0.24574633995560177;0.06025368878821981;0.5827190296813084
426964.0;907028.4221999999;0.44068858261562405;0.25014050074465394;0.027963201052969282;0.8813771652312481
425328.0;2402603.733099999;0.21699835425335878;0.25301374097282714;0.07407098784879712;0.43399670850671757
424937.0;2079619.9011000004;0.24354351055174583;0.2537004383623233;0.06411356908437947;0.48708702110349167
424200.0;1286529.6607000008;0.39536963817958404;0.2549948014724478;0.0396630212265056;0.7907392763591681
421688.0;2133840.679400001;0.23034061518280738;0.2594065248545817;0.06578516667464449;0.46068123036561476
418814.0;1878540.4236;0.25925433043811535;0.2644540141062748;0.05791439635799418;0.5185086608762307
416434.0;1811906.5127999994;0.3025231393360898;0.2686339112597297;0.055860108533003425;0.6050462786721796
415950.0;1188013.0405000004;0.4018301211077081;0.2694839407648861;0.0366258065259676;0.8036602422154162
414458.0;1514657.5202;0.35476686628057486;0.27210427965268214;0.04669608110075879;0.7095337325611497
413505.0;1658276.6254000005;0.32434319600047734;0.2737779947733723;0.051123781286839205;0.6486863920009547
413034.0;1752259.5709999998;0.2997817688847031;0.2746051929075224;0.054021225224691424;0.5995635377694062
412786.0;779837.5121999998;0.45196902706382874;0.2750407452159496;0.0240419733368483;0.9039380541276575
411250.0;2025252.4171;0.25188135152845914;0.27773835951330544;0.06243744863586184;0.5037627030569183
410540.0;1588287.4954999995;0.3474273100138942;0.2789853036221092;0.04896605385182773;0.6948546200277884
407236.0;0.0;0.46511187842430723;0.2847879843763172;0.0;0.9302237568486145
407029.0;1708079.9999000006;0.31832692689119935;0.2851515300531093;0.052659192680984845;0.6366538537823987
400179.0;1471269.8445000006;0.34200431850049795;0.29718190631410346;0.04535846226861972;0.6840086370009959
398160.0;970465.3306999999;0.4161280623244703;0.30072779385730747;0.029918927007247232;0.8322561246489406
388567.0;1248904.3589000006;0.37510003402232994;0.3175755894006238;0.038503053299193984;0.7502000680446599
382491.0;1403155.6086000004;0.35867344243103266;0.32824662095709106;0.04325853681267728;0.7173468848620653
375615.0;1014532.3289;0.4034321316381841;0.3403226599600978;0.031277488988666294;0.8068642632763682
362684.0;1322785.5051000006;0.36686703672368476;0.3630328490741001;0.040780769514749224;0.7337340734473695
362297.0;839804.8162000001;0.4176832294420843;0.36371252142636357;0.025890733240412585;0.8353664588841686
355262.0;894681.5694;0.4153551519031082;0.37606780565937;0.02758255418593904;0.8307103038062164
354157.0;0.0;0.4196461783410134;0.37800847219490263;0.0;0.8392923566820268
346159.0;1084329.5112;0.39239632985707806;0.39205503414168097;0.0334292987818497;0.7847926597141561
341037.0;966466.2569;0.41502551451682074;0.4010505943181499;0.02979563770124751;0.8300510290336415
340975.0;1185420.6517000003;0.37339282374159594;0.4011594823952567;0.036545884566029405;0.7467856474831919
282194.0;0.0;0.3778463267447201;0.5043941607890522;0.0;0.7556926534894401
199879.0;0.0;0.3297751343891378;0.6489606457414224;0.0;0.6595502687782756
103743.0;0.0;0.24819735717272415;0.8178003905920701;0.0;0.4963947143454483
54204.0;0.0;0.21095267734032416;0.9048037204597185;0.0;0.4219053546806483
11113.0;0.0;0.18156226728014013;0.9804826903082586;0.0;0.36312453456028027
