569392.0;2644336.512600001;0.0;-0.0;0.08152348012886941;0.0
569357.0;2599970.2356000007;0.004208720749954095;6.146907578610167E-5;0.08015569154214178;0.00841744149990819
569074.0;2580486.7340999995;0.05845813072445911;5.58490459999438E-4;0.07955502561335104;0.11691626144891822
568249.0;2576565.3856;0.08233677871545957;0.002007404389243263;0.07943413253677216;0.16467355743091913
568214.0;2532199.1086000004;0.08242388031746366;0.0020688734650293646;0.07806634395004454;0.16484776063492732
568137.0;2590904.5048000007;0.05845813072445888;0.0022041054317587885;0.07987619991117655;0.11691626144891776
567697.0;2500341.3595;0.11608829350195196;0.002976859527355495;0.07708418658719408;0.23217658700390392
567400.0;2516932.5227000006;0.1007310395395582;0.003498468541883272;0.07759568327341583;0.2014620790791164
566883.0;2485074.7736000004;0.12954900513324474;0.004406454604209402;0.07661352591056539;0.2590980102664895
564771.0;2202771.630700001;0.2059126707030488;0.008115674263073594;0.06791027102947728;0.4118253414060976
563556.0;2198677.8881000015;0.234106208307494;0.01024952932250541;0.06778406313501545;0.468212416614988
563251.0;2057713.6012000008;0.24012367371109655;0.010785188411498581;0.06343820957696235;0.4802473474221931
562445.0;2375401.5242;0.1897985257359492;0.012200733413887093;0.07323235829988999;0.3795970514718984
561385.0;2127046.1298000007;0.22070392856722448;0.014062368280551888;0.0655756943451354;0.44140785713444897
561084.0;1986156.3975000011;0.279542401667129;0.01459100233231236;0.061232139265518286;0.559084803334258
559767.0;2359071.8646;0.20563976981231152;0.01690399584117796;0.07272892362976818;0.41127953962462305
559517.0;2099551.010600001;0.22719048837557326;0.01734306066822154;0.06472803452836792;0.4543809767511465
557603.0;1791189.4919000007;0.3076835554876315;0.020704540984067217;0.05522141386096646;0.615367110975263
555741.0;1722033.8587000007;0.3203393085612204;0.023974695815887823;0.05308938268334743;0.6406786171224408
554995.0;1894196.057000001;0.2987017214266901;0.025284865259785877;0.05839705116093185;0.5974034428533802
554138.0;2018112.9325000008;0.24951927533341262;0.02678997948689128;0.06221734214482144;0.49903855066682523
553234.0;1790956.2184000001;0.30422483691157154;0.028377637901480877;0.05521422216374817;0.6084496738231431
552026.0;1690976.0674000003;0.34743285130524304;0.03049919914575547;0.0521318875915436;0.6948657026104861
551119.0;1666970.8908000006;0.3572067471413902;0.03209212633826959;0.05139182083823318;0.7144134942827804
549455.0;1914473.221500001;0.283003186847937;0.035014541827071685;0.05902218529545251;0.566006373695874
548879.0;1570114.2255000002;0.3820484242816309;0.0360261471885801;0.048405781659290166;0.7640968485632618
548507.0;1629240.7797000003;0.3605086226570784;0.03667947565122095;0.05022862169626899;0.7210172453141568
546437.0;1585880.6689000006;0.37598369791963127;0.04031493241914182;0.04889185267525141;0.7519673958392625
546383.0;1531835.8273000005;0.39041977832998653;0.04040977042178324;0.04722567911933229;0.7808395566599731
544191.0;1866770.6843000005;0.3017856787283747;0.044259490825301374;0.05755154159144934;0.6035713574567494
543313.0;1440628.1312000002;0.40340964741813284;0.045801486497878435;0.04441379463898019;0.8068192948362657
542319.0;1482079.9078000002;0.3941948428967847;0.047547208250203726;0.04569173073745118;0.7883896857935694
541102.0;1404644.8065000002;0.4106663209923721;0.04968457582825189;0.04330444798730657;0.8213326419847442
538102.0;1361264.7393999998;0.4130004781464831;0.05495335375277489;0.04196706372423534;0.8260009562929662
535361.0;1317316.3526000003;0.41529346970832715;0.059767260516480736;0.04061215846882862;0.8305869394166543
532840.0;1492700.7682000003;0.3889569040001494;0.06419479023238824;0.04601916618208737;0.7779138080002987
529416.0;1246237.0706999996;0.4563247750835813;0.07020822210357715;0.03842082223082026;0.9126495501671626
528248.0;1098897.0621999996;0.46099895281805464;0.07225953297552477;0.03387840858645133;0.9219979056361093
523335.0;993876.8660999999;0.45940298860243545;0.08088803495658527;0.03064069211992256;0.9188059772048709
519548.0;908608.6454;0.46741420388978644;0.08753898895664147;0.028011918488904743;0.9348284077795729
514906.0;1127615.4381000001;0.4588463074088238;0.09569154466518673;0.03476378075291404;0.9176926148176476
513354.0;1204582.0997000001;0.45870166670576606;0.0984172591114733;0.037136621757693576;0.9174033334115321
512015.0;859495.0194999999;0.4836746614800197;0.10076889032511872;0.02649777167512475;0.9673493229600394
508002.0;844611.6828000003;0.4876681112296896;0.10781675892882232;0.026038926366317706;0.9753362224593792
505624.0;1266854.0161000001;0.4200063048090906;0.11199314356366089;0.03905643162872641;0.8400126096181812
504921.0;1109986.0073;0.4476491165964685;0.11322779385730744;0.034220274831992505;0.895298233192937
499980.0;799245.2393999998;0.4984602954801219;0.12190547109899683;0.024640303184504515;0.9969205909602438
499357.0;702393.1513000001;0.4980025926089746;0.12299962064798943;0.021654405118189005;0.9960051852179492
498262.0;618169.0818;0.4988531218961399;0.12492272459044033;0.01905782211011162;0.9977062437922798
495337.0;605021.8105;0.49965207952817386;0.13005978306685026;0.018652498768900194;0.9993041590563477
493962.0;746767.0920999998;0.49716507460318554;0.13247463961558997;0.023022429975770968;0.9943301492063711
493120.0;536802.0247;0.49974385163101026;0.13395340995307276;0.01654931926600335;0.9994877032620205
492925.0;474873.49139999994;0.49897012534925805;0.13429588051816674;0.014640095712255045;0.9979402506985161
488889.0;416530.2506;0.49788826190775837;0.14138414308595837;0.012841404808374571;0.9957765238155167
484618.0;363425.79009999987;0.4956641318715009;0.14888512659117092;0.0112042226987234;0.9913282637430018
480653.0;261981.926;0.4932641060128068;0.15584869474808216;0.008076762634640758;0.9865282120256136
476882.0;346361.3043999999;0.4915350778232497;0.16247154859920757;0.010678133733024594;0.9830701556464994
475992.0;311294.27449999994;0.49262060227407783;0.16403461938348274;0.009597035959874586;0.9852412045481557
474038.0;203208.2184;0.4901306983693236;0.1674663500716554;0.0062648006695890865;0.9802613967386472
473855.0;0.0;0.47590153514176925;0.1677877455250513;0.0;0.9518030702835385
457053.0;0.0;0.47174931216621463;0.19729641442099644;0.0;0.9434986243324293
440599.0;0.0;0.46798691140626436;0.2261939050776969;0.0;0.9359738228125287
427685.0;0.0;0.44062990970549337;0.24887423778346024;0.0;0.8812598194109867
418118.0;0.0;0.43433674107517634;0.2656763705847641;0.0;0.8686734821503527
409782.0;0.0;0.4307109492867816;0.28031654817770535;0.0;0.8614218985735632
402167.0;0.0;0.4246653659486494;0.2936904628094529;0.0;0.8493307318972988
395255.0;0.0;0.411029176313064;0.3058297271475539;0.0;0.822058352626128
383509.0;0.0;0.39703584022514654;0.3264587489813696;0.0;0.7940716804502931
371566.0;0.0;0.36812291761993693;0.34743375389889564;0.0;0.7362458352398739
369143.0;0.0;0.36516453182992886;0.3516891702026021;0.0;0.7303290636598577
360626.0;0.0;0.3512132333278047;0.36664723073032285;0.0;0.7024264666556094
353659.0;0.0;0.34056698188868173;0.37888308933037346;0.0;0.6811339637773635
346391.0;0.0;0.32925876233297746;0.3916475819821845;0.0;0.6585175246659549
335053.0;0.0;0.3178286608373016;0.4115600500182651;0.0;0.6356573216746032
330246.0;0.0;0.3097141288935081;0.42000238851265914;0.0;0.6194282577870162
320333.0;0.0;0.304304134030085;0.4374121870345913;0.0;0.60860826806017
315985.0;0.0;0.2905151288909505;0.44504840250653327;0.0;0.581030257781901
307970.0;0.0;0.27673135856075226;0.45912482086155054;0.0;0.5534627171215045
296829.0;0.0;0.2707666025057724;0.47869130581392083;0.0;0.5415332050115448
286280.0;0.0;0.2603107592475429;0.49721808525585187;0.0;0.5206215184950858
277460.0;0.0;0.25240211367939286;0.5127082923539494;0.0;0.5048042273587857
270643.0;0.0;0.24882445437285017;0.5246807120577739;0.0;0.49764890874570034
264542.0;0.0;0.23421015122890212;0.5353956500969456;0.0;0.46842030245780425
252764.0;0.0;0.2254629958775589;0.5560808722286228;0.0;0.4509259917551178
248108.0;0.0;0.21789650261608462;0.5642580155674826;0.0;0.43579300523216924
241569.0;0.0;0.21078386303223826;0.5757421951836345;0.0;0.4215677260644765
236164.0;0.0;0.20548658903978978;0.5852347767443168;0.0;0.41097317807957956
223474.0;0.0;0.1945245982151594;0.6075217073650491;0.0;0.3890491964303188
213721.0;0.0;0.18815380108887178;0.6246505043976733;0.0;0.37630760217774356
208602.0;0.0;0.17967883416264463;0.6336407957962177;0.0;0.35935766832528926
199886.0;0.0;0.17539537081337916;0.6489483519262652;0.0;0.35079074162675833
187972.0;0.0;0.17034419767170267;0.6698724253238543;0.0;0.34068839534340534
181214.0;0.0;0.1651545875621495;0.6817412257284964;0.0;0.330309175124299
174456.0;0.0;0.16224800647047166;0.6936100261331385;0.0;0.3244960129409433
165740.0;0.0;0.1552830295317309;0.708917582263186;0.0;0.3105660590634618
157925.0;0.0;0.15134038814102954;0.7226427487565684;0.0;0.3026807762820591
151167.0;0.0;0.14707982788042379;0.7345115491612105;0.0;0.29415965576084757
144409.0;0.0;0.14378065868187168;0.7463803495658528;0.0;0.28756131736374335
137651.0;0.0;0.1400040770948401;0.7582491499704949;0.0;0.2800081541896802
124135.0;0.0;0.13802381352603482;0.7819867507797791;0.0;0.27604762705206964
