569392.0;3113029.2069;0.0;-0.0;0.09597302517287118;0.0
563569.0;2815147.329599999;0.19837120533446626;0.010226697951499143;0.08678948624387921;0.3967424106689325
562859.0;2723857.642599998;0.2065697344457799;0.01147364206030292;0.08397507402794009;0.4131394688915598
562701.0;3017767.7251999984;0.18154057274049445;0.011751131030994464;0.0930361646509927;0.3630811454809889
561381.0;2963560.1845999984;0.19005965649095286;0.014069393317784585;0.09136497517193737;0.3801193129819057
561100.0;2673197.703499999;0.2277229006866458;0.014562902183381571;0.08241325520538495;0.4554458013732916
561021.0;2567327.985699999;0.22094975623374216;0.014701646668727345;0.07914934843928613;0.4418995124674843
559642.0;2345004.5648000017;0.26355555527814883;0.01712352825469975;0.0722952363020595;0.5271111105562977
557978.0;2229182.240600002;0.2742325414496517;0.02004594374350184;0.06872449600467041;0.5484650828993034
557532.0;2495566.093899999;0.2525479185820503;0.020829235394947593;0.07693696770321437;0.5050958371641006
556218.0;2120487.5977000007;0.2793555436141019;0.023136960125888666;0.06537349830889673;0.5587110872282038
554363.0;1987316.1619000002;0.29395210206762024;0.026394821142552056;0.06126789418156886;0.5879042041352405
553882.0;2427231.5241;0.2582690308655479;0.02723958186978391;0.07483024947099984;0.5165380617310958
552171.0;1934780.1965000005;0.3032412913262335;0.030244541546070196;0.059648238471741395;0.606482582652467
549780.0;1874039.4478000004;0.320272736148072;0.034443757551915026;0.05777563368182064;0.640545472296144
544788.0;1689342.3742000004;0.355719772451273;0.0432110040183213;0.052081521704111254;0.711439544902546
544161.0;1805267.4790000005;0.3395905204548756;0.0443121786045466;0.05565543067241716;0.6791810409097512
541450.0;1591341.2557000006;0.3747435827700144;0.04907339758900722;0.04906019964522312;0.7494871655400288
541374.0;2056934.6662000003;0.28773085032130064;0.04920687329642847;0.06341419542759381;0.5754617006426013
538387.0;2288135.5052000005;0.2668483849839722;0.054452819849945204;0.07054199361598028;0.5336967699679444
537870.0;1516930.6881000004;0.3904552311000307;0.055360805912271334;0.0467661616511132;0.7809104622000614
535556.0;1438074.5569999996;0.4167596123046885;0.05942478995138674;0.0443350693123966;0.833519224609377
528864.0;1362238.7048999998;0.4368751941738294;0.07117767724168939;0.04199709055958973;0.8737503883476588
524342.0;1278689.8346;0.44790803546311453;0.07911948183325372;0.03942132358165903;0.8958160709262291
521459.0;1223859.1862999995;0.45273936646220275;0.08418277741872032;0.037730924025536315;0.9054787329244055
517741.0;1158071.3510999996;0.4577118184386317;0.09071254952651249;0.03570272025869607;0.9154236368772634
511376.0;1085772.7485;0.46868404423831145;0.10189114002304213;0.033473793015767035;0.9373680884766229
510292.0;2931069.629099998;0.18221137315720987;0.10379492511310309;0.09036330872628676;0.36442274631441973
507401.0;1016928.6326999996;0.4777282550521061;0.1088722707730351;0.031351365752947676;0.9554565101042122
506638.0;2853660.970699999;0.17372725469397404;0.11021229662517211;0.08797684119660387;0.3474545093879481
503706.0;2787274.1139999987;0.18251322072163137;0.11536164891673927;0.08593016991735763;0.36502644144326274
503264.0;2164818.3883000007;0.26665893571572336;0.11613791553095232;0.06674019286889536;0.5333178714314467
495538.0;2714050.1903999993;0.1837902500505294;0.1297067749459072;0.08367271552298744;0.3675805001010588
494334.0;2036137.7486999999;0.2743437361654533;0.13182131115294912;0.06277303758611849;0.5486874723309066
491896.0;2093115.2051;0.25345354401246534;0.13610307134627814;0.06452962208755617;0.5069070880249307
491227.0;2221668.1937000006;0.25142201976137063;0.13727800882344676;0.06849284195828834;0.5028440395227413
491025.0;2623823.9045999986;0.19873001667384543;0.137632773203698;0.08089108739719122;0.39746003334769087
489905.0;765235.5057999998;0.498132024732555;0.13959978362885322;0.023591801290696136;0.99626404946511
482765.0;2532898.3064;0.24966414235021775;0.15213947508921796;0.07808789984419146;0.4993282847004355
482175.0;1409126.7935;0.40863150868638304;0.15317566808104083;0.043442625248933935;0.8172630173727661
481910.0;1937279.3514999999;0.28803242289457276;0.15364107679770703;0.059725286083499814;0.5760648457891455
481477.0;3026039.0605999995;0.16182896012898704;0.15440153707814652;0.0932911654967278;0.3236579202579741
479554.0;1816452.0632;0.33643315544393304;0.15777882372776575;0.05600024542025037;0.6728663108878661
477136.0;567469.4240999998;0.49710321694051407;0.1620254587349313;0.01749477878436541;0.9942064338810281
472877.0;1359226.1616000005;0.4015425236878331;0.16950536712844577;0.041904215461172935;0.8030850473756662
472507.0;1615690.055400001;0.3447066946560182;0.1701551830724703;0.04981086011488969;0.6894133893120364
471240.0;862072.0005000002;0.48449005491576624;0.17238036361592715;0.026577218620831157;0.9689801098315325
471040.0;1711477.3134999997;0.34334035104012733;0.17273161547756202;0.0527639300419226;0.6866807020802547
470408.0;708100.2708;0.4929342266672173;0.1738415713603282;0.02183035255942214;0.9858684533344346
468737.0;472680.91780000005;0.4934001486448684;0.17677628066428752;0.014572499841056744;0.9868002972897368
468171.0;1164755.0776;0.44502927747308807;0.1777703234327142;0.03590877597131558;0.8900585549461761
467279.0;2453382.9839;0.21403484225433764;0.1793369067356057;0.07563648498723903;0.4280696845086753
467258.0;930624.4739;0.4792576361369888;0.17937378818107735;0.028690654704468938;0.9585152722739776
467042.0;419598.4332;0.49231351943479096;0.179753140191643;0.012935995236646845;0.9846270388695819
465020.0;0.0;0.4751694999419222;0.18330429651277153;0.0;0.9503389998838444
461559.0;2286239.704000001;0.24243205290559475;0.18938270997836287;0.07048354707911932;0.4848641058111895
460672.0;2149203.9889;0.24581028846454886;0.1909405119847135;0.0662588092881201;0.4916205769290977
460583.0;2375364.7874;0.21357717750446464;0.19109681906314102;0.07323122572399787;0.4271543550089293
459482.0;1071401.6945999998;0.47023628489713815;0.19303046056144096;0.03303074111164473;0.9404725697942763
452908.0;1986898.3245999995;0.2814038451410892;0.20457610925337905;0.06125501248112665;0.5628076902821784
451250.0;1262519.7761000004;0.4037139419730817;0.2074879871863321;0.03892280932807364;0.8074278839461634
449140.0;1876133.6693000004;0.2843335010979539;0.21119369432657992;0.057840197410388164;0.5686670021959078
441994.0;1776655.7109;0.3205344375211907;0.22374392334279372;0.054773345167399956;0.6410688750423814
441827.0;2324185.8588000005;0.23854689694180425;0.22403721864725884;0.07165340673278463;0.4770937938836085
436126.0;1469226.9716;0.3736185300979425;0.23404965296316071;0.04529548158992189;0.747237060195885
435330.0;1538142.6716000007;0.3559735519817852;0.23544763537246746;0.04742011575533419;0.7119471039635704
433674.0;1409321.0982;0.3761828848170306;0.23835600078680416;0.04344861555889408;0.7523657696340612
430811.0;2236503.761000001;0.24199243547757743;0.24338417118610728;0.06895021456204704;0.48398487095515486
428558.0;1593586.5627000006;0.3352862174613683;0.24734102340742406;0.04912942125893435;0.6705724349227365
416647.0;2189289.0621000007;0.2204960236738255;0.26825982802708853;0.06749461065186992;0.440992047347651
416477.0;2123357.1553000007;0.23134056503519748;0.2685583921094782;0.06546196523467095;0.46268113007039496
411587.0;2073174.8110000007;0.2398242801454412;0.27714650012645065;0.06391487040431644;0.4796485602908824
410236.0;1727304.4555999998;0.31613146202224573;0.2795192064517942;0.05325187236633482;0.6322629240444915
406900.0;1875881.2403999993;0.31417397328922725;0.2853780875038638;0.0578324151624348;0.6283479465784545
401282.0;1443139.6209000002;0.35914906874350827;0.29524475229718716;0.04449122252294133;0.7182981374870165
400254.0;1672508.9894999994;0.304785971300906;0.2970501868659904;0.05156255745861784;0.609571942601812
400193.0;1372659.4169999997;0.3708628184417566;0.29715731868378903;0.04231835553920374;0.7417256368835132
396573.0;1264987.0136;0.38360817753389126;0.3035149773793801;0.03899887294038093;0.7672163550677825
393283.0;1201455.6107999997;0.38263462348109767;0.30929307050327365;0.03704023377738251;0.7652692469621953
392907.0;0.0;0.4670772045294007;0.30995342400314724;0.0;0.9341544090588014
392151.0;959376.4386000001;0.4285225791656751;0.311281156040127;0.029577062395667722;0.8570451583313502
389189.0;1142068.6538;0.3854066956066996;0.3164831961109394;0.03520936566137891;0.7708133912133992
381998.0;1085131.9654999997;0.39838798669688275;0.329112456796021;0.03345403801865584;0.7967759733937655
379909.0;1775697.4699999995;0.3004067057674278;0.3327812824907972;0.05474380311305187;0.6008134115348556
354945.0;1577082.0142;0.31998205087620624;0.3766245398600613;0.048620594857580156;0.6399641017524125
354188.0;1699438.1814;0.2957481391060127;0.3779540281563492;0.052392770039462036;0.5914962782120254
351293.0;1343968.8167999997;0.35678809402650047;0.38303839885351393;0.04143383968271379;0.7135761880530009
348668.0;1629547.9392000001;0.31231673290591666;0.38764857953747156;0.05023809125934287;0.6246334658118333
346915.0;1292799.441699999;0.3611885344659291;0.39072730210470114;0.039856315220794976;0.7223770689318582
342250.0;1513821.3672;0.31529658499709434;0.3989202517773344;0.04667030295105833;0.6305931699941887
340717.0;1217252.7960999997;0.3670840396559542;0.4016125972967657;0.037527252549675746;0.7341680793119084
336248.0;1081206.9603999995;0.37586794932014383;0.40946132014499675;0.03333303221105499;0.7517358986402877
335270.0;1451249.3084999998;0.328148345102671;0.41117894174839126;0.04474123985347385;0.656296690205342
328391.0;1400591.2164999999;0.35383081268060046;0.4232602495293225;0.043179477976023596;0.7076616253612009
317516.0;0.0;0.41116138860306284;0.44235956950571836;0.0;0.8223227772061257
316661.0;996549.1579999996;0.39678573950008206;0.44386117121420743;0.030723077449690578;0.7935714790001641
225246.0;0.0;0.3063925555308186;0.6044096158709641;0.0;0.6127851110616372
147484.0;0.0;0.27680321973824085;0.7409798521932166;0.0;0.5536064394764817
79852.0;0.0;0.23080170331525027;0.8597591817236632;0.0;0.46160340663050053
6202.0;0.0;0.17254914211282862;0.9891076797707028;0.0;0.34509828422565725
