569392.0;2803565.109;0.0;-0.0;0.08643241257854462;0.0
568750.0;2772916.7782000005;0.058320844677935246;0.001127518475847922;0.08548754093492006;0.11664168935587049
568491.0;2763555.1283;0.07708513659231832;0.0015823896366650744;0.08519892627640002;0.15417027318463664
567849.0;2742265.9136;0.09643613091902781;0.0027099081125129963;0.0845425911755969;0.19287226183805561
566706.0;2718166.6067999997;0.12627610746697593;0.004717312501756259;0.08379962243857424;0.25255221493395186
565920.0;2719769.7871;0.1124030234964798;0.006097732317981285;0.08384904762962209;0.2248060469929596
565278.0;2693858.1979000005;0.12627610746697598;0.007225250793829207;0.08305020719566514;0.25255221493395197
562620.0;2492342.973699999;0.22197700333075238;0.011893388034956586;0.07683760063161603;0.44395400666150475
561578.0;2491887.1981999986;0.22895875428934453;0.013723410234074241;0.0768235493167624;0.45791750857868907
561374.0;2425207.9709;0.23522450063563788;0.014081687132941804;0.07476786440831819;0.47044900127127576
560229.0;2690929.5881;0.14028027794235656;0.016092604040801418;0.08295991972215412;0.2805605558847131
560154.0;2663930.9648999996;0.14065336343000964;0.01622432348891449;0.08212756661147233;0.2813067268600193
559587.0;2629240.0435999995;0.1514400492957226;0.01722012251664934;0.08105806406526575;0.3028800985914452
559562.0;2362136.4850000003;0.26469758659977316;0.017264028999353698;0.07282340423732002;0.5293951731995463
558456.0;2389115.5690000006;0.25916125570495097;0.019206451794194508;0.07365515496491806;0.5183225114099019
554741.0;2218779.386600002;0.2743304457142275;0.025730955124062156;0.06840378158072644;0.548660891428455
553585.0;2161720.059200002;0.27943879273439093;0.027761190884311688;0.06664467304015462;0.5588775854687819
552415.0;2567810.1158000003;0.21864029130803805;0.029816014274875655;0.07916421225235973;0.4372805826160761
550832.0;2090075.170800001;0.29861087296786826;0.03259617275971562;0.06443589945631534;0.5972217459357365
550794.0;1985668.917900001;0.35040998335352763;0.03266291061342625;0.061217110530221365;0.7008199667070553
550592.0;2306398.2518000007;0.27004278363724205;0.033017674993677464;0.07110502432423148;0.5400855672744841
549974.0;1906889.2562000004;0.320208313530316;0.03410304324612921;0.05878837570220043;0.640416627060632
548802.0;1857950.4744000004;0.3320852733645361;0.03616137915530952;0.057279619238492785;0.6641705467290722
547580.0;1905562.8247000007;0.3282843592194134;0.038307528029898556;0.058747482528613296;0.6565687184388268
546061.0;1714002.7796;0.36013907815074864;0.04097528591901537;0.05284178881081925;0.7202781563014973
545615.0;1770457.082800001;0.34324659218898734;0.04175857757046112;0.054582244778955194;0.6864931843779747
544969.0;1654348.6216;0.36654891216758395;0.04289312108354174;0.05100268303092146;0.7330978243351679
543588.0;1553660.9374;0.3788931568217184;0.045318515188130494;0.04789853558864688;0.7577863136434368
543315.0;1484288.956;0.381709434195453;0.04579797397926209;0.0457598345117546;0.763418868390906
540192.0;2045291.0587000006;0.3085308612937998;0.051282771798690535;0.06305522923697035;0.6170617225875996
538889.0;1330493.0044;0.40337402765081104;0.05357117767724169;0.0410183875951383;0.8067480553016221
538771.0;1262402.4818;0.42173360748248445;0.05377841627560626;0.03891919320754974;0.8434672149649689
537868.0;1572130.0713999998;0.37876092885715;0.05536431843088768;0.04846792911003572;0.7575218577143
537356.0;1216425.8628999996;0.43003070338035126;0.056263523196672945;0.03750175864147727;0.8600614067607025
535136.0;1442446.4153;0.3981426256797466;0.06016241886081996;0.04446985136511495;0.7962852513594932
534984.0;1467538.817;0.39650121411717776;0.06042937027566246;0.045243436686660976;0.7930024282343555
533463.0;1305640.6306999999;0.40070206083992355;0.06310064068339562;0.040252202208432314;0.8014041216798471
532781.0;1136892.5313999995;0.4397340869572656;0.06429840953157051;0.035049788576688536;0.8794681739145312
530268.0;1111705.0528999998;0.44868548556811555;0.06871188917301262;0.03427327208825866;0.8973709711362311
527600.0;1053664.3699999999;0.45956653688248816;0.07339758900722174;0.032483908882585635;0.9191330737649763
524452.0;963337.7855999998;0.46758757150077396;0.07892629330935454;0.029699188604604916;0.9351751430015479
523517.0;1179695.1396999995;0.4355621860205386;0.08056839576249754;0.03636937009386008;0.8711243720410772
515170.0;958459.5160999999;0.4677262177905176;0.09522789220782871;0.029548794165488886;0.9354524355810352
514183.0;914144.6799999998;0.4647465281007899;0.09696132014499677;0.028182591474190593;0.9294930562015798
509623.0;872253.3161999997;0.4685249410603867;0.10496986259027173;0.026891103137495244;0.9370498821207734
506977.0;847165.1462999998;0.4839003934009571;0.10961692471970101;0.026117648280079477;0.9678007868019142
506199.0;764827.0028999998;0.4785181653742236;0.11098329446146064;0.02357920736481263;0.9570363307484472
497561.0;580592.1046999999;0.4999737905045725;0.12615386236547055;0.017899344007450323;0.999947581009145
495600.0;703694.6462999999;0.4979309971951039;0.12959788686880042;0.021694529512820603;0.9958619943902078
493062.0;504115.5844999999;0.4992978890053581;0.13405527299294687;0.015541613799837798;0.9985957780107162
490652.0;648720.5572;0.4970898893563454;0.13828785792564702;0.019999707753565767;0.9941797787126908
488473.0;457564.187;0.49823965107769913;0.14211474695815887;0.014106459116997927;0.9964793021553983
487936.0;565323.8713;0.49757282638518174;0.14305785820664849;0.01742863253927792;0.9951456527703635
485577.0;391666.7279;0.49649812075609945;0.14720087391463174;0.012074875703962604;0.9929962415121989
484041.0;335268.81849999994;0.494992840511929;0.14989848821198754;0.010336158326513538;0.989985681023858
481666.0;282616.6227;0.4942539393739728;0.15406960406890158;0.008712919295630055;0.9885078787479455
478541.0;220977.37600000002;0.49031313714990155;0.15955791440694636;0.006812614293009517;0.9806262742998031
475828.0;154290.96000000002;0.48868915899733345;0.16432264591002332;0.004756707760789773;0.9773783179946669
475047.0;0.0;0.4759015351417692;0.1656942844297075;0.0;0.9518030702835384
466051.0;0.0;0.47470271150092735;0.18149359316604377;0.0;0.9494054230018547
458971.0;0.0;0.46890477755882326;0.19392790906791807;0.0;0.9378095551176465
448511.0;0.0;0.4688759366319406;0.21229838143142157;0.0;0.9377518732638812
436701.0;0.0;0.4571572504269779;0.23303980386096046;0.0;0.9143145008539558
431878.0;0.0;0.44342854596515613;0.24151024250428527;0.0;0.8868570919303123
424070.0;0.0;0.43712592479898443;0.25522311518251045;0.0;0.8742518495979689
417462.0;0.0;0.43004671559900426;0.26682847669092646;0.0;0.8600934311980085
408054.0;0.0;0.4274663471783207;0.28335136426223057;0.0;0.8549326943566414
400305.0;0.0;0.4168039026977807;0.2969606176412735;0.0;0.8336078053955615
393490.0;0.0;0.40990452346286493;0.30892952482648156;0.0;0.8198090469257299
388796.0;0.0;0.38729709457261774;0.3171734060190519;0.0;0.7745941891452355
377423.0;0.0;0.3784139628471034;0.3371473431309186;0.0;0.7568279256942068
368460.0;0.0;0.3691862384736154;0.35288869531008515;0.0;0.7383724769472308
362256.0;0.0;0.35396809497702014;0.3637845280579987;0.0;0.7079361899540403
352822.0;0.0;0.3444308439040015;0.3803530783713154;0.0;0.688861687808003
351716.0;0.0;0.3374642475475712;0.3822955011661562;0.0;0.6749284950951424
342790.0;0.0;0.3235414637363343;0.3979718717509203;0.0;0.6470829274726686
331321.0;0.0;0.3182764826678833;0.4181144097563717;0.0;0.6365529653357666
326104.0;0.0;0.30239667913514195;0.4272768145671172;0.0;0.6047933582702839
315316.0;0.0;0.29787043484551085;0.4462233399837019;0.0;0.5957408696910217
311715.0;0.0;0.28537423080780966;0.4525476297524377;0.0;0.5707484616156193
304259.0;0.0;0.2700423479104819;0.46564229915418553;0.0;0.5400846958209637
294373.0;0.0;0.2590785834824622;0.48300467867479696;0.0;0.5181571669649244
281289.0;0.0;0.2472052265300161;0.5059835754629499;0.0;0.4944104530600322
273672.0;0.0;0.24312426530815784;0.5193610026133139;0.0;0.4862485306163157
271414.0;0.0;0.23691999584438486;0.5233266361311715;0.0;0.4738399916887697
264014.0;0.0;0.2255409594383155;0.5363229550116616;0.0;0.451081918876631
252872.0;0.0;0.21407314880124098;0.5558911962233399;0.0;0.42814629760248196
247228.0;0.0;0.20713217478114096;0.5658035237586759;0.0;0.4142643495622819
240470.0;0.0;0.20286943567033044;0.577672324163318;0.0;0.4057388713406609
236772.0;0.0;0.195706990559469;0.5841669710849468;0.0;0.391413981118938
230014.0;0.0;0.19127668957860103;0.5960357714895889;0.0;0.38255337915720206
223256.0;0.0;0.18661722048911802;0.6079045718942311;0.0;0.37323444097823605
216498.0;0.0;0.18306337885080423;0.6197733722988732;0.0;0.36612675770160846
209740.0;0.0;0.17827947424141463;0.6316421727035153;0.0;0.35655894848282926
202982.0;0.0;0.17471968606955018;0.6435109731081575;0.0;0.34943937213910037
196224.0;0.0;0.17174500801096138;0.6553797735127996;0.0;0.34349001602192275
189110.0;0.0;0.16967531908253947;0.6678738022311518;0.0;0.33935063816507893
182352.0;0.0;0.16635401570177247;0.679742602635794;0.0;0.33270803140354493
175594.0;0.0;0.16379655344499555;0.6916114030404361;0.0;0.3275931068899911
168836.0;0.0;0.16157452743725606;0.7034802034450782;0.0;0.3231490548745121
