569392.0;2926818.5223000003;0.0;-0.0;0.09023224937771898;0.0
567504.0;2872801.4447999992;0.11681669025022472;0.003315817573833141;0.08856693177415077;0.23363338050044943
565953.0;2802563.049299999;0.15270892369417793;0.0060397757608115325;0.08640151961403282;0.30541784738835587
563247.0;2468046.4849999985;0.22039296760825877;0.010792213448731278;0.07608855288209633;0.44078593521651754
562578.0;2429401.0988999987;0.22721111272488015;0.011967150925899906;0.07489713630149701;0.4544222254497603
561950.0;2266806.0035999985;0.2337561840598176;0.013070081771433388;0.06988441649160107;0.4675123681196352
561751.0;2643210.7338999975;0.21351850823766283;0.01341957737376008;0.08148877297376948;0.42703701647532566
560730.0;2212349.4102000003;0.24009525980217805;0.015212718127406075;0.06820554884794947;0.4801905196043561
560528.0;2541508.6193999983;0.2174874960764557;0.01556748250765729;0.07835335118800266;0.4349749921529114
559923.0;2304366.4291999987;0.23018166310332044;0.016630019389102763;0.07104238432037138;0.4603633262066409
559386.0;2022726.1355000006;0.2816648666607281;0.017573130637592378;0.06235956472553646;0.5633297333214562
556691.0;1930475.0669;0.2816770026859307;0.02230624947312221;0.05951551362914836;0.5633540053718614
556232.0;1869347.9136;0.2913937161390469;0.023112372495574227;0.05763099619211189;0.5827874322780938
555012.0;1814891.3201999997;0.2960735292270055;0.025255008851546912;0.05595212854846022;0.592147058454011
554525.0;2156522.2384;0.2462304751921265;0.026110307134627815;0.06648442700539949;0.492460950384253
551666.0;2116126.3444000003;0.25790331110493825;0.03113145249669823;0.06523904320265538;0.5158066222098765
549870.0;1755885.4428;0.3337320022101536;0.03428569421417933;0.05413300891267088;0.6674640044203072
549504.0;2064612.7706999998;0.26630458216840913;0.03492848512097114;0.06365090728202329;0.5326091643368183
546525.0;1659259.3225000005;0.3483331912517846;0.04016038160002248;0.051154077312750734;0.6966663825035692
545103.0;1578104.4333000004;0.3585230844103825;0.04265778233624638;0.04865211549150292;0.717046168820765
540219.0;1613086.4782000002;0.3550741965152405;0.05123535279736983;0.04973059322256458;0.710148393030481
538461.0;1428176.3589000006;0.3859059674177207;0.054322856661140305;0.04402991315989033;0.7718119348354414
538407.0;1476452.1826000002;0.37429474294148846;0.05441769466378172;0.04551823098001606;0.7485894858829769
537997.0;1531342.3696000006;0.35833839981473686;0.0551377609801332;0.047210466082410286;0.7166767996294737
533925.0;1375970.9211000004;0.3914039676908625;0.06228924888301908;0.04242044743915925;0.782807935381725
529241.0;1265411.5799999994;0.4238032080011367;0.07051556748250766;0.039011962095376454;0.8476064160022734
526815.0;1208868.9642999994;0.4373761882073081;0.07477625256413858;0.037268783500107205;0.8747523764146162
526111.0;1145836.8815999993;0.44649120446560076;0.07601265911709332;0.03532553810868678;0.8929824089312015
524158.0;1088792.1589999998;0.44814413692660104;0.07944263354595779;0.033566879826286325;0.8962882738532021
522321.0;2414505.8993000006;0.21244880039560654;0.08266888189507404;0.07443792526582893;0.4248976007912131
521564.0;2316290.0884000007;0.20634439538747193;0.08399837019136201;0.0714099843550958;0.41268879077494386
520529.0;1044424.2598;0.4541702749563794;0.08581609857532245;0.032199041228000484;0.9083405499127588
518928.0;1324376.5520000006;0.4164778449592642;0.08862786972770956;0.040829820639565674;0.8329556899185284
515171.0;929119.3841999999;0.45688312569356165;0.09522613594852053;0.028644253594146754;0.9137662513871233
514605.0;982638.0371999998;0.4551281062270578;0.0962201787169472;0.030294205037005847;0.9102562124541156
514233.0;2249843.6675000014;0.23388079857824062;0.09687350717958805;0.0693614767434267;0.46776159715648125
513858.0;2154732.4681000006;0.24013808877920514;0.09753210442015342;0.06642924934446563;0.4802761775584103
508740.0;872538.8823999998;0.4733242115674246;0.10652063955938966;0.026899906990681198;0.9466484231348492
506189.0;2010627.5781999999;0.22912910897450542;0.11100085705454239;0.061986572675948634;0.45825821794901084
505922.0;1953124.3101000004;0.23675666747206506;0.11146977828982493;0.06021377768107633;0.4735133349441301
505036.0;1709914.3657000007;0.31391564759010004;0.1130258240368674;0.05271574519732791;0.6278312951802001
504371.0;819261.5539;0.482521138957013;0.11419373647680332;0.025257395453063602;0.965042277914026
504023.0;1629746.9277000006;0.32365779733255656;0.11480491471604799;0.050244225968351486;0.6473155946651131
504007.0;1893120.0012000015;0.2824165097131654;0.11483301486497878;0.05836387693624039;0.5648330194263308
503566.0;2040636.7701000005;0.2028488151480897;0.11560752521988367;0.06291174000918555;0.4056976302961794
497265.0;1554602.7558000006;0.3365989313413862;0.12667371512069014;0.04792757134610498;0.6731978626827724
496619.0;2095690.974000001;0.20270221344608227;0.12780825863377077;0.06460903166486799;0.40540442689216455
493490.0;2690842.1239000005;0.13748174262972032;0.13330359400904826;0.08295722324765602;0.27496348525944064
492381.0;757617.1072;0.4982687758926998;0.1352512855818136;0.023356930137224736;0.9965375517853996
490211.0;670392.6111000001;0.498802481525858;0.13906236828055188;0.020667845582109864;0.997604963051716
488873.0;2594753.2189;0.18812963790261003;0.14141224323488916;0.07999485370805828;0.37625927580522006
486483.0;1367889.1382000004;0.39013285505371653;0.1456097029814258;0.04217129039560046;0.7802657101074331
482594.0;1926105.1903000015;0.279459710146094;0.1524397954309158;0.05938079267118098;0.558919420292188
481462.0;1856899.7587000008;0.2629037792600614;0.15442788096776913;0.057247226235528956;0.5258075585201228
480116.0;1246227.4435;0.38965135948251817;0.15679180599657178;0.038420525429394226;0.7793027189650363
480072.0;1407261.7967;0.3851139950121723;0.15686908140613146;0.043385128395246546;0.7702279900243446
479280.0;1196619.475;0.39229645355942366;0.15826003877820552;0.0368911382976986;0.7845929071188473
479228.0;514211.28750000003;0.4965540965742933;0.1583513642622306;0.015852858922758346;0.9931081931485866
478856.0;2483698.5711000003;0.17084207581052596;0.15900469272487144;0.07657109832367262;0.3416841516210519
478796.0;1441373.9353000007;0.3783693205879429;0.1591100682833619;0.044436787380424676;0.7567386411758859
475548.0;430845.4443;0.4949470024615033;0.16481439851631213;0.013282734572412585;0.9898940049230066
474659.0;590331.4338;0.4905978656597257;0.16637571304127913;0.01819960231367161;0.9811957313194514
472298.0;1114742.1276;0.44307735220316463;0.1705222412678787;0.03436690347661472;0.8861547044063293
471204.0;1497724.1718000006;0.36373083269792883;0.17244358895102144;0.04617403502786875;0.7274616653958577
470979.0;283555.8034;0.492535295102265;0.17283874729536067;0.00874187373420814;0.98507059020453
468996.0;189923.55599999998;0.48818976547684545;0.17632140950347036;0.005855241634260301;0.9763795309536909
468593.0;2218881.1524000005;0.17923462365434653;0.17702918200466464;0.06840691896590205;0.35846924730869306
465855.0;2304559.081200001;0.16705368437789223;0.18183781999044596;0.07104832367847469;0.33410736875578445
464802.0;1536172.0474000014;0.3461187737716337;0.1836871610419535;0.047359362465408866;0.6922375475432674
464689.0;0.0;0.4729078732917706;0.18388561834377723;0.0;0.9458157465835412
462282.0;2179271.9972;0.1960495393025104;0.18811293449855285;0.06718578989950588;0.3920990786050208
457923.0;2253513.2783000013;0.17856850836467456;0.19576846882288476;0.06947460888137852;0.3571370167293491
456795.0;1575902.0993000013;0.33209394306766554;0.19774952932250542;0.048584218712393844;0.6641878861353311
456459.0;933295.9696000001;0.4425324566394626;0.19833963245005198;0.028773015487816887;0.8850649132789252
455125.0;1909913.9900000012;0.2504071239745554;0.20068248236715655;0.05888162662721111;0.5008142479491108
451153.0;1792057.5419000015;0.29663162995345804;0.207658344339225;0.055248175378114044;0.5932632599069161
450950.0;1834251.6934000007;0.26166715271232466;0.20801486497878438;0.056548998497627886;0.5233343054246493
449666.0;892839.5981;0.44930117469022646;0.21026990193048023;0.02752576719609944;0.8986023493804529
447098.0;1065143.7396999998;0.4361530936600626;0.21477997583387193;0.032837811709692064;0.8723061873201252
444867.0;1001877.7961000003;0.4351693495872074;0.21869819035040886;0.030887356511825607;0.8703386991744148
443990.0;1157045.7432;0.4248746269519607;0.22023842976367775;0.03567110131577514;0.8497492539039214
440428.0;1676459.502100001;0.2896561488468875;0.22649422541939473;0.05168434964879882;0.579312297693775
440250.0;1641556.666400001;0.3093204732792828;0.22680683957624975;0.05060831389500118;0.6186409465585656
439165.0;1513742.7023000012;0.3373086053825835;0.2287123809256189;0.04666787775427217;0.674617210765167
433580.0;1746435.4839000013;0.28111943776074455;0.23852108916177256;0.05384167173492068;0.5622388755214891
430412.0;1463573.8408000015;0.346178175234342;0.24408491865006884;0.04512119859142922;0.692356350468684
423421.0;0.0;0.46226612761176783;0.25636292747351563;0.0;0.9245322552235357
418640.0;1342095.0305000008;0.37027793641553136;0.2647596032258971;0.04137607185344326;0.7405558728310627
417579.0;845011.3143000003;0.4530184836060953;0.2666229943518701;0.026051246791684857;0.9060369672121906
414452.0;909728.4295000004;0.4421061038930008;0.2721148172085312;0.02804644083369332;0.8842122077860016
411618.0;775538.8184000002;0.45758689253501594;0.2770920560878973;0.023909446906526542;0.9151737850700319
384912.0;1095858.0287000001;0.4275933903231561;0.323994717172001;0.03378471680933913;0.8551867806463122
378124.0;0.0;0.4457671834413589;0.3359162053558884;0.0;0.8915343668827178
371720.0;1059143.651;0.4322812842434449;0.3471632899654368;0.03265283218474312;0.8645625684868898
315609.0;0.0;0.3976573770286313;0.44570875600640686;0.0;0.7953147540572626
245763.0;0.0;0.3705123232020027;0.5683764436451513;0.0;0.7410246464040054
167077.0;0.0;0.33544608487704597;0.7065694635681569;0.0;0.6708921697540919
114503.0;0.0;0.278999236202657;0.7989030404361143;0.0;0.557998472405314
68793.0;0.0;0.21331032428434837;0.8791816534127631;0.0;0.42662064856869675
20131.0;0.0;0.18236958812596427;0.9646447438671425;0.0;0.36473917625192853
