569392.0;3036466.1610000012;0.0;-0.0;0.09361262742421352;0.0
568324.0;2970664.6321;0.07125209371951062;0.001875684941130188;0.0915840014879275;0.14250418743902124
566028.0;2891600.837;0.12284848363395601;0.0059080563126984575;0.08914650697917817;0.24569696726791201
563517.0;2835017.2363999994;0.1779405456607519;0.010318023435524208;0.08740206484136627;0.3558810913215038
557619.0;2761711.3413999993;0.21711172155804964;0.020676440835136426;0.08514208331258363;0.4342234431160993
557398.0;2200839.4189999998;0.2793635758318235;0.021064574142242953;0.0678507019763786;0.558727151663647
557356.0;2303708.9295;0.2741979278443706;0.021138337033186277;0.07102211395634163;0.5483958556887412
557240.0;2637507.811899999;0.22403112055859484;0.0213420631129345;0.08131295493921599;0.4480622411171897
556817.0;2434254.015300001;0.2635291263752528;0.022084960800292243;0.07504674911810244;0.5270582527505056
554548.0;2160417.4319;0.29390580392763643;0.026069913170539805;0.06660451373731967;0.5878116078552729
553315.0;2040377.2813000001;0.3031130542946555;0.028235380897518758;0.0629037401082918;0.606226108589311
549412.0;1981672.2914000005;0.3282095427117139;0.03509006097732318;0.06109389667317147;0.6564190854234278
549211.0;1906427.4746000008;0.3242515726250366;0.03544306909826622;0.058774139222496705;0.6485031452500732
547984.0;2081757.0370000007;0.289168388333049;0.03759799926939613;0.06417945584094249;0.578336776666098
546291.0;1835857.8345;0.34843120861074867;0.04057134627813527;0.05659851496855587;0.6968624172214973
541828.0;1778123.4552999998;0.33944075037292487;0.048409531570517327;0.05481859494210053;0.6788815007458497
540121.0;1723987.6284999999;0.34299679844898734;0.05140746620957091;0.053149616361136805;0.6859935968979747
537744.0;1658736.8655;0.35838567727300835;0.0555820945851013;0.051137970242922534;0.7167713545460167
536754.0;1451300.3284999998;0.3967120798093887;0.05732079130019389;0.04474281277278134;0.7934241596187774
535758.0;1584334.5397;0.36347885844770783;0.059070025571135526;0.048844186339097775;0.7269577168954157
531287.0;1355372.7723999994;0.42863093710833405;0.06692226093798297;0.04178541753345903;0.8572618742166681
528270.0;1315635.4867;0.4420879701359026;0.07222089527074493;0.0405603382722897;0.8841759402718052
526007.0;1240558.8702999994;0.43959971277408955;0.07619531008514345;0.038245766349970206;0.8791994255481791
525946.0;1523513.6104999997;0.3772819449229436;0.07630244190294208;0.046969109627253564;0.7545638898458872
523921.0;1138967.8569999998;0.4611049053915629;0.07985886700199511;0.03511376975476719;0.9222098107831258
523597.0;1172618.3442999998;0.45287236698278605;0.0804278950178436;0.03615119627732086;0.9057447339655721
523596.0;1088790.3719999997;0.4559292409092115;0.08042965127715176;0.03356682473403226;0.911858481818423
522007.0;1043003.8337;0.46304320531478976;0.08322034731784078;0.032155250251176576;0.9260864106295795
519819.0;2709911.485399999;0.1992152595562036;0.08706304268412622;0.08354512146178568;0.3984305191124072
514961.0;2664470.897599999;0.22112390733798715;0.09559495040323714;0.0821442124477831;0.4422478146759743
514139.0;981968.6407000001;0.471528779005653;0.09703859555455643;0.030273567900996102;0.943057558011306
513061.0;2611055.346999999;0.22363721601960737;0.09893184308876837;0.08049743959676268;0.44727443203921474
512008.0;2563931.894999999;0.21787604799590282;0.10078118414027594;0.07904464877970117;0.43575209599180564
511509.0;2226219.7304999996;0.25325749329044367;0.10165755753505494;0.06863316340304489;0.5065149865808873
511202.0;869034.3886999997;0.48604037777539527;0.10219672914266445;0.02679186532459506;0.9720807555507905
510591.0;928925.3686999999;0.48280702120694774;0.10326980357995898;0.02863827220006791;0.9656140424138955
509607.0;2519336.8164999997;0.21792571547338332;0.10499796273920252;0.07766980636512305;0.43585143094676665
508797.0;2118965.0360999997;0.25581863227384266;0.10642053277882373;0.0653265585492439;0.5116372645476853
507972.0;2459582.1566999997;0.23703956036474957;0.10786944670806756;0.07582760216849344;0.47407912072949915
506123.0;819801.2363;0.4901380325176917;0.1111167701688819;0.025274033572759282;0.9802760650353834
503059.0;2066027.7660000003;0.2819896592400619;0.11649794868912805;0.06369453083018835;0.5639793184801238
498979.0;1993977.1915000002;0.2718454455265442;0.12366348666647933;0.06147325016090278;0.5436908910530884
496267.0;1915131.0639000002;0.2741522117654546;0.12842646191024812;0.05904246622473996;0.5483044235309092
496246.0;1283070.0163999996;0.4266326470624982;0.1284633433557198;0.0395563622434298;0.8532652941249964
491482.0;1150895.1705000002;0.44887369091992746;0.1368301626998623;0.03548148244960572;0.8977473818398549
488815.0;775427.8518;0.4984953937608813;0.14151410627476327;0.023906025865608724;0.9969907875217626
487535.0;1566439.6190999998;0.36530164052422226;0.1437621181892264;0.04829249550966268;0.7306032810484445
486535.0;1723483.6664000005;0.3187788658034387;0.14551837749740074;0.053134079479182014;0.6375577316068775
486418.0;1847098.3864000002;0.306851971346176;0.14572385983645714;0.056945055170640885;0.613703942692352
484879.0;1376656.9205999998;0.3716063400627971;0.14842674291173744;0.042441596436777425;0.7432126801255942
483657.0;1326576.9958000001;0.39493692913159556;0.15057289178632646;0.0408976591448199;0.7898738582631911
480258.0;1475953.8487999993;0.36021196589399906;0.15654241717481102;0.045502867615539434;0.7204239317879981
477372.0;530992.8829;0.49537292024288926;0.16161098153820216;0.01637022653183676;0.9907458404857785
477029.0;390416.42110000004;0.49376473907391144;0.16221337848090595;0.012036329414154516;0.9875294781478229
476447.0;1190295.5677000005;0.4405384744861628;0.16323552139826342;0.03669617561853436;0.8810769489723256
476333.0;701307.7578999999;0.4931031021506112;0.16343573495939528;0.02162094302028456;0.9862062043012224
475001.0;305359.4094;0.4942245415657697;0.1657750723578835;0.009414067243623096;0.9884490831315395
473967.0;447750.7668;0.4914788105334458;0.16759104448253576;0.013803916621797746;0.9829576210668916
472623.0;608256.3613999999;0.490797578055793;0.16995145699272207;0.01875221824286483;0.981595156111586
471555.0;257679.00730000003;0.48721503438595354;0.17182714193385226;0.007944105952912046;0.9744300687719071
469620.0;2784216.3662;0.18061813606286345;0.1752255036951696;0.08583590118838744;0.3612362721257269
469202.0;1672566.4621000006;0.34294720702237824;0.17595962008598645;0.05156432930813163;0.6858944140447565
468590.0;192464.1776;0.48721503438595354;0.17703445078258914;0.005933567639114702;0.9744300687719071
467321.0;1114024.6199000003;0.446400933649917;0.17926314384466238;0.03434478309804546;0.892801867299834
466881.0;980211.8843000005;0.4554852717298863;0.1800358979402591;0.030219408040938877;0.9109705434597726
465166.0;122898.05620000002;0.4830034149688281;0.18304788265377805;0.0037888813298751767;0.9660068299376562
464783.0;0.0;0.47378208286918905;0.18372052996880883;0.0;0.9475641657383781
463315.0;2521440.9654999995;0.1812817995109189;0.18629871863320877;0.07773467615320498;0.3625635990218378
461322.0;1061964.0279999997;0.4477805888286248;0.1897989434344002;0.03273978289892788;0.8955611776572496
456557.0;2476124.4054999994;0.18547425935223447;0.1981675190378509;0.0763375908499293;0.37094851870446893
455664.0;2276748.2661000006;0.20565218696275908;0.19973585860005058;0.07019093112598775;0.41130437392551816
454729.0;917430.3757000001;0.4595265882373897;0.20137796105319358;0.028283887714979975;0.9190531764747794
450989.0;2309497.6464;0.19244643932989322;0.2079463708657656;0.07120057700176727;0.38489287865978644
449370.0;1244936.7439000001;0.40763494724205496;0.21078975468569983;0.03838073385116976;0.8152698944841099
448163.0;2055510.4603;0.23562059812317185;0.21290955967066624;0.06337028792155786;0.4712411962463437
447779.0;2197905.8258;0.2343041134649443;0.2135839632450052;0.06776026086731143;0.4686082269298886
442148.0;1997096.7682000003;0.20741881200272427;0.22347345940933486;0.061569425041785426;0.41483762400544855
438810.0;2128123.1517000007;0.19601959640230956;0.2293358529800208;0.06560889835417306;0.39203919280461913
435997.0;1161154.1519000002;0.41012923495990716;0.2342762104139152;0.03579776135825454;0.8202584699198143
433199.0;1745035.6873000003;0.3084928894771226;0.23919022395818698;0.05379851675454625;0.6169857789542452
431615.0;1950467.321300001;0.24919162594953456;0.2419721387023351;0.06013186413769512;0.4983832518990691
427002.0;1642520.7540000007;0.2970876710752666;0.2500737628909433;0.050638036199982625;0.5941753421505332
423347.0;1577678.463200001;0.31845695637476246;0.2564928906623205;0.04863898306118729;0.6369139127495249
422464.0;0.0;0.45490722087670904;0.25804366763143843;0.0;0.9098144417534181
421518.0;1871115.7052000004;0.2863978233372342;0.25970508893697136;0.057685496261482005;0.5727956466744684
420143.0;1828893.6459000004;0.2911507189679063;0.26211994548571105;0.05638381275942306;0.5823014379358126
405283.0;1520700.080600001;0.3274166124487782;0.28821795880518164;0.046882370005499066;0.6548332248975564
400705.0;1391054.1758000008;0.35341777981346406;0.2962581139180038;0.042885456112962704;0.7068355596269281
400271.0;1115640.3754000003;0.4305684044030562;0.29702033045775145;0.03439459597578235;0.8611368088061124
399433.0;1068212.9462000001;0.4286319779919811;0.2984920757580015;0.032932433704253625;0.8572639559839622
397108.0;1019928.5644000001;0.43031715043128616;0.30257537864950684;0.03144385204248293;0.8606343008625723
394063.0;955506.8066000004;0.43769431707704737;0.30792318824289766;0.02945776371111874;0.8753886341540947
392167.0;1186813.2229000002;0.40747288063393794;0.31125305589119623;0.03658881679118694;0.8149457612678759
358601.0;0.0;0.4253929546664485;0.3702036558293759;0.0;0.850785909332897
286585.0;0.0;0.3968087949401163;0.4966824261668587;0.0;0.7936175898802326
234532.0;0.0;0.35975547774087574;0.5881009919352572;0.0;0.7195109554817515
179729.0;0.0;0.3139554848311714;0.6843492708011353;0.0;0.6279109696623428
121189.0;0.0;0.24508311881043915;0.7871606907016607;0.0;0.4901662376208783
56893.0;0.0;0.1961274648645674;0.9000811391800376;0.0;0.3922549297291348
11124.0;0.0;0.17254914211282646;0.9804633714558687;0.0;0.3450982842256529
