569392.0;2660982.2401999994;0.0;-0.0;0.08203665900635455;0.0
569072.0;2604707.8714;0.038479732571008916;5.620029786157866E-4;0.08030175031951702;0.07695946514201783
568134.0;2586706.0151999993;0.06976130526171102;0.002209374209683311;0.07974676272273776;0.13952261052342205
567687.0;2573790.4518999998;0.08233677871545957;0.0029944221204372384;0.07934858281521706;0.16467355743091913
566749.0;2555788.5956999995;0.10066813108363562;0.004641793351504763;0.07879359521843782;0.20133626216727124
566394.0;2560067.6521999994;0.09071545009667163;0.005265265405906651;0.07892551624130531;0.18143090019334326
566047.0;2526872.65;0.1186939663118347;0.005874687385843145;0.07790213208072862;0.2373879326236694
565456.0;2542065.795999999;0.10755765589677309;0.006912636636974176;0.07837052864452607;0.21511531179354618
564662.0;2495955.2305;0.13880194159656592;0.008307106527664596;0.07694896457642868;0.27760388319313184
563724.0;2477748.9437999995;0.15010153609956373;0.009954477758732122;0.07638767449669195;0.30020307219912745
560475.0;2445247.1351999994;0.22721251845861073;0.01566056425099053;0.07538566112398805;0.45442503691722147
559786.0;2322409.3657999993;0.24625466221907708;0.016870626914322645;0.07159863840390719;0.49250932443815415
558494.0;2169468.1534;0.2521904873981044;0.019139713940483884;0.06688354263959494;0.5043809747962088
556611.0;2110458.9406;0.22769062830036454;0.022446750217776153;0.0650643201752078;0.4553812566007291
556566.0;1968900.0381;0.26576637781297596;0.022525781886644;0.06070013493628886;0.5315327556259519
555617.0;2190205.0749000004;0.22096247750381623;0.02419247197010144;0.06752285083648436;0.44192495500763246
554969.0;2081303.2492000004;0.23422529337543935;0.02533052800179841;0.06416546580581656;0.4684505867508787
554958.0;1938402.2414;0.2793573595613565;0.025349846854188327;0.05975990417844097;0.558714719122713
554755.0;2038982.4557000003;0.24053410814092316;0.025706367493747717;0.06286073838118823;0.4810682162818463
553368.0;1894996.0775000001;0.286253234196282;0.028142299154185518;0.058421715364985916;0.572506468392564
551025.0;1837764.1771999998;0.31610993995802633;0.03225721471323798;0.05665728649422279;0.6322198799160527
550313.0;2400725.5398999997;0.21025692636233395;0.03350767134065811;0.074013084157157;0.4205138527246679
549860.0;1816172.9058999997;0.3160478727083698;0.03430325680726108;0.05599163915002305;0.6320957454167396
549618.0;1722355.5115999996;0.32817641553457383;0.03472827155983927;0.05309929907019022;0.6563528310691477
549384.0;1863301.9877999998;0.29877275609419723;0.03513923623795206;0.057444603533889915;0.5975455121883945
548147.0;1722902.0707;0.32422206909889373;0.03731172900216371;0.05311614919486831;0.6484441381977875
547941.0;1659269.098;0.3358414637918537;0.037673518419647625;0.05115437868618644;0.6716829275837074
545500.0;1612625.0806999991;0.3602905465193847;0.04196054739090117;0.04971636858445834;0.7205810930387694
543924.0;1569364.717099999;0.3666029458776697;0.04472841206058392;0.048382674716258234;0.7332058917553393
541849.0;1517683.1882999996;0.37285761405416473;0.048372650125045664;0.04678936082973865;0.7457152281083295
541440.0;1639582.137699999;0.3476514947281941;0.049090960182088965;0.05054744023142943;0.6953029894563882
537147.0;1374476.6244999997;0.40983307892521376;0.05663058139208138;0.04237437907433642;0.8196661578504275
536131.0;1350187.907;0.41368474945184364;0.0584149408491865;0.04162557090675564;0.8273694989036873
535741.0;1470092.0888;0.3926050340870647;0.05909988197937449;0.045322152690414313;0.7852100681741294
532981.0;1433586.5567;0.3980373872838632;0.06394715766993565;0.04419670666394698;0.7960747745677264
532745.0;1181112.9028999999;0.4354797620160231;0.0643616348666648;0.03641307897490148;0.8709595240320462
531284.0;1134229.1130999995;0.4427448115978894;0.0669275297159075;0.03496767681526168;0.8854896231957788
530633.0;1276210.6363999995;0.43413776310390795;0.06807085452552898;0.039344891227368936;0.8682755262078159
528405.0;1288869.6657999996;0.4266542969237626;0.0719838002641414;0.03973516233198224;0.8533085938475252
527589.0;1106819.2488;0.4600510165772424;0.07341690785961165;0.03412264536145517;0.9201020331544848
525611.0;1008251.0328999998;0.4638517419509992;0.07689078877118048;0.03108383999308665;0.9277034839019984
525459.0;1076785.8365999998;0.447538556479197;0.07715774018602299;0.03319673132932562;0.895077112958394
524285.0;1012616.2882999995;0.4555631927773698;0.07921958861381966;0.031218418481930122;0.9111263855547396
521150.0;930856.9310999997;0.46647799129977713;0.08472546154494619;0.02869782123559487;0.9329559825995543
517166.0;877697.6589999996;0.47358545844331135;0.09172239862871273;0.027058949313636477;0.9471709168866227
517072.0;874079.0183;0.47284964009532227;0.09188748700368111;0.026947388556601858;0.9456992801906445
512771.0;765007.7026999998;0.48106063640953056;0.09944115828813893;0.02358477824298354;0.9621212728190611
510757.0;711443.8902999997;0.48334029205577106;0.10297826453480204;0.021933434559979897;0.9666805841115421
507967.0;784388.5299999999;0.4800553191442739;0.10787822800460843;0.02418227878111252;0.9601106382885478
502220.0;675391.5170999998;0.4958008757643475;0.11797145024868631;0.020821959179987908;0.991601751528695
500194.0;610842.2788;0.4977772141963172;0.12152963160704752;0.018831940693002813;0.9955544283926344
494912.0;542554.8411999998;0.499730753902864;0.13080619327282433;0.01672667552130145;0.999461507805728
490505.0;503832.6108999999;0.4996373853609743;0.13854602804394864;0.01553288987512297;0.9992747707219486
486055.0;438964.5224;0.49716517752801354;0.14636138196532442;0.013533041407036782;0.9943303550560271
483427.0;444442.36569999997;0.4949085135454042;0.15097683142720655;0.01370192038567234;0.9898170270908084
479562.0;326189.0851;0.4931499565712976;0.15776477365330036;0.010056235002880826;0.9862999131425952
479083.0;250667.7371;0.4931499565712976;0.15860602186191586;0.0077279522432369355;0.9862999131425952
475326.0;253307.2436;0.4900976393989074;0.16520428808272683;0.007809326816661101;0.9801952787978148
474148.0;120577.45659999999;0.4871402967042504;0.1672731615477562;0.0037173384855827708;0.9742805934085008
473077.0;0.0;0.4759015351417693;0.1691541152668109;0.0;0.9518030702835386
468729.0;0.0;0.474913638596668;0.17679033073875292;0.0;0.949827277193336
458346.0;0.0;0.47131656233942015;0.19502557113552701;0.0;0.9426331246788403
456151.0;0.0;0.46788087545082185;0.19888056031696968;0.0;0.9357617509016437
445395.0;0.0;0.4521640050420204;0.2177708854356928;0.0;0.9043280100840408
434622.0;0.0;0.443669571486951;0.2366910669626549;0.0;0.887339142973902
425324.0;0.0;0.4405051425059296;0.25302076601005985;0.0;0.8810102850118592
422587.0;0.0;0.43975723838797004;0.257827647736533;0.0;0.8795144767759401
407848.0;0.0;0.4227410765517892;0.2837131536797145;0.0;0.8454821531035784
401213.0;0.0;0.4179501468356879;0.29536593418945123;0.0;0.8359002936713757
389548.0;0.0;0.39668542956064357;0.3158526990193048;0.0;0.7933708591212871
380101.0;0.0;0.3886478921662174;0.33244408070362774;0.0;0.7772957843324348
370539.0;0.0;0.3646964120434754;0.3492374322083907;0.0;0.7293928240869508
356842.0;0.0;0.35975311722534403;0.37329291595245456;0.0;0.7195062344506881
352597.0;0.0;0.35246359107432607;0.3807482367156546;0.0;0.7049271821486521
344949.0;0.0;0.3370518513802414;0.3941801079045719;0.0;0.6741037027604828
341710.0;0.0;0.3348653279070668;0.39986863180374854;0.0;0.6697306558141336
332491.0;0.0;0.32635479880781076;0.41605958636580775;0.0;0.6527095976156215
329090.0;0.0;0.31005627592519086;0.42203262427290866;0.0;0.6201125518503817
326093.0;0.0;0.3057144286305487;0.4272961334195071;0.0;0.6114288572610974
315825.0;0.0;0.2905541175737632;0.4453294039958412;0.0;0.5811082351475264
304776.0;0.0;0.2809318262584545;0.46473431309185936;0.0;0.561863652516909
298320.0;0.0;0.2707114023536269;0.47607272318543287;0.0;0.5414228047072538
287794.0;0.0;0.255019247625434;0.4945591086632759;0.0;0.510038495250868
269759.0;0.0;0.23600213035846695;0.5262332452862;0.0;0.4720042607169339
257123.0;0.0;0.23037841905545248;0.5484253379042909;0.0;0.46075683811090495
252557.0;0.0;0.2164082576737831;0.5564444179054149;0.0;0.4328165153475662
242781.0;0.0;0.21108728328416232;0.5736136089021272;0.0;0.42217456656832464
238485.0;0.0;0.20233621298879378;0.5811584988900441;0.0;0.40467242597758757
231727.0;0.0;0.19708781563785996;0.5930272992946862;0.0;0.3941756312757199
223912.0;0.0;0.1930093799906175;0.6067524657880686;0.0;0.386018759981235
209068.0;0.0;0.18419748188733684;0.6328223789586085;0.0;0.3683949637746737
202310.0;0.0;0.17836987246030736;0.6446911793632506;0.0;0.3567397449206147
188122.0;0.0;0.17609437011168072;0.6696089864276281;0.0;0.35218874022336144
182737.0;0.0;0.16687722192088875;0.6790664428021469;0.0;0.3337544438417775
168164.0;0.0;0.16185587062007864;0.7046604097001714;0.0;0.3237117412401573
161406.0;0.0;0.15693183205356784;0.7165292101048135;0.0;0.3138636641071357
154648.0;0.0;0.15386040220315486;0.7283980105094557;0.0;0.3077208044063097
147890.0;0.0;0.15336914100588311;0.7402668109140979;0.0;0.30673828201176623
134374.0;0.0;0.1484455605373408;0.7640044117233822;0.0;0.2968911210746816
127616.0;0.0;0.1448763705587708;0.7758732121280243;0.0;0.2897527411175416
