569392.0;3068211.0493999985;0.0;-0.0;0.09459130535205629;0.0
568335.0;3019559.4377999976;0.0014816760683710646;0.0018563660887402703;0.09309140219199653;0.002963352136742129
565764.0;2968448.1693999977;0.08234292172959135;0.0063717087700564815;0.0915156691285553;0.1646858434591827
561577.0;2976602.327399998;0.010954870836631695;0.013725166493382415;0.09176705745773095;0.02190974167326339
559166.0;2933911.444699999;0.06455158464697025;0.017959507685390733;0.09045092038104123;0.1291031692939405
556174.0;2882260.7901999974;0.10426604753640803;0.023214235535448338;0.08885855833267477;0.20853209507281606
554676.0;2945058.849599999;0.032806571116255505;0.02584511197909349;0.09079458891094405;0.06561314223251101
550110.0;2970163.968499998;0.023594111180394183;0.03386419198021749;0.09156856629696315;0.047188222360788366
547468.0;1920059.2662000011;0.3467566937676934;0.03850422907241408;0.05919440006536909;0.6935133875353868
545229.0;2904040.178;0.07023452625120957;0.04243649366341642;0.08953000520793901;0.14046905250241914
542849.0;1828801.065600001;0.33576752678254074;0.04661639081687133;0.05638095855829875;0.6715350535650815
540416.0;1906111.154500001;0.3285405881433734;0.05088936971365948;0.05876438724302518;0.6570811762867468
540012.0;2038795.656700001;0.2986196066180102;0.051598898474161915;0.06285497946794404;0.5972392132360204
536815.0;2826943.416399999;0.09249481949066093;0.057213659482395256;0.08715315328975481;0.18498963898132187
532394.0;2889042.988599999;0.07808625946311513;0.06497808188383399;0.089067649881295;0.15617251892623027
531954.0;2232971.448900001;0.2947446410297208;0.0657508359794307;0.06884131526957002;0.5894892820594416
531372.0;1787555.146700001;0.34301298549832676;0.06677297889678815;0.05510936894259777;0.6860259709966535
528201.0;1107247.3135000006;0.4510833934409716;0.07234207716300896;0.03413584236716836;0.9021667868819432
527554.0;1051230.545;0.44149680460673946;0.07347837693539776;0.03240887535977974;0.8829936092134789
526481.0;1146783.3001000003;0.4291897706529642;0.07536284317306882;0.03535471568476713;0.8583795413059284
526113.0;2842420.742399998;0.0438223010132401;0.07600914659847698;0.08763031097093373;0.0876446020264802
523542.0;2665387.142699999;0.12745563068043114;0.08052448927979318;0.0821724597940823;0.2549112613608623
522611.0;1858798.264800001;0.3323867857790005;0.08215956669570348;0.05730575616300998;0.664773571558001
522610.0;1009995.5880000001;0.46316906114617634;0.08216132295501166;0.031137623693591833;0.9263381222923527
520195.0;2470287.754300001;0.2896644780084851;0.08640268918425267;0.07615765001567656;0.5793289560169702
519355.0;2794181.957399999;0.04968925989853039;0.08787794700311911;0.08614313503411561;0.09937851979706078
518841.0;950387.9437999998;0.4686842578924281;0.08878066428752072;0.029299951909266056;0.9373685157848562
516784.0;2752292.504099998;0.09571354223314298;0.09239328968443533;0.08485170559711325;0.19142708446628595
515941.0;900251.9402999999;0.48237396161929297;0.09387381628122629;0.027754285740986123;0.9647479232385859
515869.0;2722366.522599999;0.1122472997131801;0.09400026695141485;0.08392910359599602;0.2244945994263602
513097.0;2371185.4674000004;0.2801065745635448;0.0988686177536741;0.0731023795240726;0.5602131491270896
512597.0;2788248.103099999;0.05798079410376014;0.09974674740776127;0.08596019748028741;0.11596158820752028
512536.0;834005.4466999999;0.4810226701136977;0.0998538792255599;0.025711941781027415;0.9620453402273954
512382.0;2526659.5414999994;0.2759803989559401;0.10012434315901875;0.07789556205967332;0.5519607979118802
510026.0;2598071.332299998;0.12948207914467555;0.10426209008907747;0.08009714936919715;0.2589641582893511
509111.0;2565686.330499999;0.14069838796787523;0.10586906735605699;0.07909873708765296;0.28139677593575046
508354.0;2394451.8758000005;0.27105847142918493;0.10719855565234496;0.0738196704489718;0.5421169428583699
504649.0;724556.3519;0.4937499411888952;0.11370549638913086;0.022337684736761343;0.9874998823777904
504028.0;2446573.6380000003;0.249101418123038;0.11479613341950712;0.07542655649571607;0.498202836246076
503311.0;650991.0820999999;0.49599365531329886;0.11605537134346812;0.020069706821643996;0.9919873106265977
502755.0;808295.7988999999;0.48562702018775206;0.11703185151881305;0.02491932709240644;0.9712540403755041
501205.0;750468.9237;0.4910043072041255;0.11975405344648327;0.02313655546375068;0.982008614408251
497673.0;1973961.2030000016;0.31405493832016423;0.125957161322955;0.060856167942749353;0.6281098766403285
497034.0;555660.2194000001;0.49755232736076094;0.1270794110208784;0.017130707320650074;0.9951046547215219
494033.0;2280594.9222;0.25736050510901515;0.13234994520470958;0.07030952147583037;0.5147210102180303
491663.0;508953.02959999995;0.4996882223382156;0.13651227976508276;0.01569074964454033;0.9993764446764312
489692.0;2151523.9864000008;0.2980139469362062;0.13997386686149438;0.0663303335699916;0.5960278938724124
487839.0;484770.0548999999;0.49891626214155255;0.14322821535954142;0.01494520147091776;0.9978325242831051
484569.0;383072.5177999999;0.4960014915318646;0.14897118329727146;0.0118099208039443;0.9920029830637292
481807.0;2010287.157800001;0.2901411312158522;0.153821971506449;0.06197607769712029;0.5802822624317044
476771.0;0.0;0.474913638596668;0.16266649338241493;0.0;0.949827277193336
476704.0;1698710.1769000015;0.37030565425749806;0.1627841627560626;0.052370326050163944;0.7406113085149961
474972.0;1954919.6300000006;0.32129729417675307;0.16582600387782057;0.060269126433209516;0.6425945883535061
463566.0;1642157.1006000007;0.37608235990323796;0.185857897546857;0.05062682496019244;0.7521647198064759
456267.0;1739613.76;0.3619616033333131;0.19867683423722146;0.053631361636279115;0.7239232066666262
454152.0;1246138.8693999995;0.4018224706203185;0.20239132267401017;0.03841779473727281;0.803644941240637
452356.0;1461924.6916;0.38745655697978276;0.20554556439149127;0.045070356203784814;0.7749131139595655
452260.0;1391536.0713000004;0.386834015833659;0.20571416528507602;0.04290031269344375;0.773668031667318
447540.0;1338501.6793000004;0.395323174786743;0.21400370921965886;0.04126529075816532;0.790646349573486
439021.0;0.0;0.46059462812937824;0.22896528226599602;0.0;0.9211892562587565
436922.0;1534846.2981999998;0.3630109602370788;0.23265167055385394;0.04731849032676569;0.7260219204741576
426463.0;0.0;0.44385353822332974;0.25102038665804927;0.0;0.8877070764466595
421097.0;0.0;0.43576279110618504;0.26044447410571275;0.0;0.8715255822123701
414956.0;0.0;0.42600571944455407;0.27122966251721137;0.0;0.8520114388891081
402214.0;0.0;0.4222091705829492;0.2936079186219687;0.0;0.8444183411658984
391507.0;0.0;0.41896020659054595;0.3124121870345913;0.0;0.8379204131810919
387607.0;0.0;0.4101818260575973;0.31926159833647116;0.0;0.8203636521151946
377945.0;0.0;0.3886016140372353;0.33623057577205157;0.0;0.7772032280744706
367378.0;0.0;0.3793427381911192;0.35478896788152975;0.0;0.7586854763822384
352903.0;0.0;0.3784016826550014;0.38021082136735324;0.0;0.7568033653100028
346444.0;0.0;0.3525690329607463;0.39155450023885124;0.0;0.7051380659214926
337806.0;0.0;0.34797115934186756;0.40672506814286113;0.0;0.6959423186837351
330106.0;0.0;0.3308358704980822;0.4202482648158035;0.0;0.6616717409961644
314831.0;0.0;0.3219272813494761;0.4470751257481665;0.0;0.6438545626989522
307337.0;0.0;0.30760982401801745;0.46023653300362494;0.0;0.6152196480360349
301486.0;0.0;0.30063475537013534;0.47051240621575297;0.0;0.6012695107402707
289887.0;0.0;0.2863424586535516;0.490883257931267;0.0;0.5726849173071032
276966.0;0.0;0.2563207135524812;0.5135758844521876;0.0;0.5126414271049624
265588.0;0.0;0.25269655639783034;0.5335586028605952;0.0;0.5053931127956607
256300.0;0.0;0.2427870415626228;0.5498707393149184;0.0;0.4855740831252456
251167.0;0.0;0.2335820306298769;0.5588856183437773;0.0;0.4671640612597538
244409.0;0.0;0.2307250509037913;0.5707544187484194;0.0;0.4614501018075826
231345.0;0.0;0.21725581268106875;0.5936981903504088;0.0;0.4345116253621375
230714.0;0.0;0.21011464151815823;0.5948063899738668;0.0;0.42022928303631646
220849.0;0.0;0.20270954459575433;0.6121318880490066;0.0;0.40541908919150865
211070.0;0.0;0.19654076210377144;0.6293063478236435;0.0;0.3930815242075429
204312.0;0.0;0.19214041051190525;0.6411751482282856;0.0;0.3842808210238105
190796.0;0.0;0.1852501670338386;0.6649127490375699;0.0;0.3705003340676772
182080.0;0.0;0.1796258896301654;0.6802203051676173;0.0;0.3592517792603308
175322.0;0.0;0.17674266877477463;0.6920891055722596;0.0;0.35348533754954925
167507.0;0.0;0.1726679361307749;0.705814272065642;0.0;0.3453358722615498
160749.0;0.0;0.1698964726694712;0.7176830724702841;0.0;0.3397929453389424
153991.0;0.0;0.1674870033120389;0.7295518728749263;0.0;0.3349740066240778
147233.0;0.0;0.16490504762231986;0.7414206732795684;0.0;0.3298100952446397
140475.0;0.0;0.1617236762233169;0.7532894736842105;0.0;0.3234473524466338
133717.0;0.0;0.1587478778215968;0.7651582740888526;0.0;0.3174957556431936
126959.0;0.0;0.15652518812136526;0.7770270744934948;0.0;0.3130503762427305
120201.0;0.0;0.15430755949592415;0.788895874898137;0.0;0.3086151189918483
106685.0;0.0;0.14931381245808156;0.8126334757074213;0.0;0.2986276249161631
93169.0;0.0;0.14528061746477638;0.8363710765167055;0.0;0.29056123492955277
