569392.0;3307730.7293000026;0.0;-0.0;0.10197556895533047;0.0
566703.0;2940187.106399999;0.15383529746757643;0.004722581279680782;0.09064439567416586;0.30767059493515286
566462.0;2851388.4640000006;0.1640008571587187;0.005145839772950796;0.08790678103069181;0.3280017143174374
566458.0;2791036.3946999996;0.18155558028124147;0.005152864810183494;0.08604615901875387;0.36311116056248294
565450.0;2665894.235499999;0.18245392023000348;0.006923174192823222;0.08218809319384338;0.36490784046000696
564605.0;2609769.386499999;0.19008737632278908;0.008407213308230533;0.08045779412245609;0.38017475264557815
564055.0;2526185.6307;0.19008737632278908;0.009373155927726418;0.07788095164322197;0.38017475264557815
563365.0;2468471.5922000003;0.20591267070304853;0.010584974850366706;0.07610165870966663;0.41182534140609706
560753.0;2403874.6996999998;0.20655694650346257;0.015172324163318065;0.07411017106918753;0.41311389300692514
560547.0;2345649.8335;0.22039432479130258;0.015534113580801978;0.07231512959090207;0.44078864958260516
560346.0;2263841.6736000003;0.2272125184586112;0.01588712170174502;0.0697930277834322;0.4544250369172224
559319.0;2206725.3492999994;0.24800535928504763;0.01769080001124006;0.06803216205892314;0.49601071857009527
559195.0;2131617.1653;0.24625466221907716;0.017908576165453678;0.06571661692438238;0.4925093244381543
557878.0;2062688.589;0.25794462290363385;0.020221569674319272;0.06359158578952911;0.5158892458072677
555468.0;1979362.3908999995;0.26574725613609307;0.024454154607019416;0.06102268367640869;0.5314945122721861
550309.0;1814046.4620000008;0.3359651795856584;0.033514696377890806;0.05592608202210053;0.6719303591713168
549883.0;1863125.0539000002;0.3321645067739648;0.03426286284317307;0.0574391487564015;0.6643290135479296
546486.0;1908081.0914999999;0.29577703499128843;0.040228875713041276;0.058825119346942095;0.5915540699825769
545166.0;1713761.6342000002;0.35045701951995384;0.0425471379998314;0.05283435442713496;0.7009140390399077
543652.0;1646703.9392000001;0.3572507758884834;0.04520611459240734;0.05076700156195625;0.7145015517769668
540355.0;1588112.0189000003;0.3761555245526676;0.05099650153145811;0.048960644002118754;0.7523110491053352
530622.0;1541379.5847000002;0.4118794388130126;0.06809017337791891;0.047519908054661185;0.8237588776260252
526621.0;1371808.7912000006;0.42914895638581185;0.07511696686992442;0.04229213120082135;0.8582979127716237
524814.0;1219901.2605000003;0.4386230795233195;0.07829052743979543;0.037608903290365016;0.877246159046639
523951.0;1422374.639;0.4254730060123183;0.07980617922274988;0.04385104923893046;0.8509460120246366
520945.0;1129069.0822;0.4456864523658144;0.08508549470312193;0.03480859582290839;0.8913729047316288
519458.0;1045111.8077000002;0.4506400495134152;0.08769705229437716;0.03222023796196238;0.9012800990268304
519425.0;1168223.5088999998;0.43636088176976895;0.08775500885154691;0.036015705852900835;0.8727217635395379
514914.0;1088888.253;0.4469565675534038;0.09567749459072133;0.03356984235290206;0.8939131351068076
509950.0;952322.4205000001;0.46465890776790575;0.10439556579649872;0.029359590791103063;0.9293178155358115
508430.0;2821667.1427;0.1426249144689655;0.1070650799449237;0.08699048859406015;0.285249828937931
507506.0;1340775.0523000006;0.4286141276299864;0.10868786354567679;0.041335377631643;0.8572282552599728
506186.0;1299568.5751000005;0.43059570414480036;0.11100612583246691;0.040065003982454175;0.8611914082896007
505204.0;2763711.2685999987;0.14242023173245635;0.11273077247309411;0.08520373999832369;0.2848404634649127
499504.0;2647570.0823999983;0.1644804080142421;0.12274145052968781;0.0816231693560458;0.3289608160284842
496585.0;2600368.188099998;0.15476394896467294;0.1278679714502487;0.080167960204837;0.3095278979293459
494562.0;2554766.056699999;0.16456223430203062;0.13142088403068536;0.0787620708880622;0.32912446860406125
492874.0;2347168.8997;0.20815017496757843;0.13438544974288363;0.07236196158924268;0.41630034993515685
492353.0;2247152.8308000006;0.2339246762637216;0.13530046084244246;0.06927851968739496;0.4678493525274432
491688.0;2694592.687699999;0.1448434519270493;0.1364683732823784;0.083072851123293;0.2896869038540986
490488.0;848238.4523;0.4764795888385618;0.1385758844521876;0.026150737729907926;0.9529591776771236
489846.0;2441587.6685;0.19201060292629663;0.1397034029280355;0.07527284172321279;0.38402120585259325
488994.0;2287505.0010999995;0.2153330177075897;0.14119973585860005;0.07052255551185749;0.4306660354151794
487433.0;1553479.054;0.4077292208137156;0.1439412566386602;0.047892928220721116;0.8154584416274312
486717.0;2169422.0836000005;0.2230976462421915;0.145198738303313;0.06688212233230541;0.446195292484383
479947.0;2117889.724499999;0.22398828890741534;0.15708861381965325;0.0652934072678403;0.4479765778148307
479633.0;900323.5278999999;0.4721797526979696;0.15764007924242;0.027756492748399232;0.9443595053959392
479235.0;546215.1192999999;0.49732694643753506;0.15833907044707338;0.01683951993710468;0.9946538928750701
479051.0;1219964.5240999998;0.43268576187577956;0.15866222215977746;0.037610853673310934;0.8653715237515591
474834.0;775258.1980999999;0.48489681945684804;0.16606836766234861;0.023900795532791837;0.9697936389136961
474468.0;1841852.1968999996;0.3242807763364757;0.16671115856914043;0.05678331795473902;0.6485615526729513
473994.0;441666.152;0.4939799283159583;0.16754362548121504;0.013616331202401976;0.9879598566319167
473706.0;1708460.1857999996;0.35132315886565885;0.16804942816196927;0.05267091360890615;0.7026463177313177
473626.0;1153361.7991000002;0.4440894637271603;0.1681899289066232;0.03555752728985175;0.8881789274543206
471840.0;1094243.7863999999;0.44209523953375296;0.17132660803102256;0.03373495058274876;0.8841904790675059
467549.0;706536.4071999999;0.48697688576829445;0.17886271672239862;0.02178213948120332;0.9739537715365889
467209.0;1926765.2985;0.27385918709359625;0.1794598448871779;0.05940114345387035;0.5477183741871925
467208.0;363454.17010000005;0.4934263891504104;0.17946160114648607;0.011205097638941881;0.9868527783008209
467137.0;670106.2281999999;0.48418330799094644;0.17958629555736647;0.020659016550499794;0.9683666159818929
467070.0;612775.3794;0.4888310633582739;0.17970396493101412;0.01889153715041294;0.9776621267165478
466108.0;291927.8550999999;0.4917805682260753;0.18139348638547784;0.008999979609595284;0.9835611364521506
465383.0;0.0;0.47590153514176925;0.18266677438390425;0.0;0.9518030702835385
463961.0;991197.2220999997;0.45759690813316517;0.18516417512012814;0.030558080128844436;0.9151938162663303
461424.0;1042803.4904999997;0.4516035589074981;0.18961980498496642;0.03214907377749164;0.9032071178149962
458673.0;1771918.9888;0.3476424885664513;0.19445127434175402;0.05462731455890692;0.6952849771329026
450442.0;1580707.2238000003;0.358694535403842;0.20890704470733695;0.04873235813028784;0.717389070807684
444459.0;1495206.4377000001;0.3587999812733899;0.219414744148144;0.04609641463239596;0.7175999625467798
439959.0;1418152.2816;0.3955346980101427;0.2273179110349285;0.043720876218985495;0.7910693960202854
438548.0;1295664.3661999998;0.4227837540677998;0.22979599291876246;0.039944639310574646;0.8455675081355996
434505.0;1165278.3352999997;0.42729356823335995;0.2368965493017113;0.03592490772629644;0.8545871364667199
434189.0;1865654.9372999996;0.2889004300788084;0.2374515272430944;0.057517143708294145;0.5778008601576168
429737.0;1644012.0716000004;0.3345518588773074;0.2452703936830865;0.050684012723829004;0.6691037177546147
428491.0;1349561.9693000002;0.408356103825026;0.24745869278107174;0.04160627358230216;0.816712207650052
425757.0;1121260.1290999998;0.43332161847520784;0.2522603057296204;0.03456784997613671;0.8666432369504157
420118.0;1074105.7958999998;0.432440290197776;0.2621638519684154;0.03311410710819872;0.864880580395552
415804.0;1008395.7030999998;0.4350706997159277;0.2697403546238795;0.031088300097963147;0.8701413994318554
407916.0;872626.4682999998;0.44834523290633543;0.28359372804675864;0.026902607217125223;0.8966904658126709
406029.0;928153.5996999999;0.4375606898619897;0.28690778936128364;0.02861447897464604;0.8751213797239794
405509.0;1221961.4486999998;0.40439261025027445;0.28782104420153426;0.03767241779049921;0.8087852205005489
404890.0;971270.4297999996;0.42826431648864827;0.28890816871329417;0.029943747781822575;0.8565286329772965
401303.0;1612417.0982;0.35117448457805855;0.2952078708517155;0.04970995659524099;0.7023489691561171
400520.0;1721776.9174999995;0.326594090329438;0.296583021890016;0.05308146132359886;0.653188180658876
400332.0;0.0;0.4494127959526348;0.2969131986399528;0.0;0.8988255919052696
400001.0;1326543.762;0.38433323286926924;0.2974945204709585;0.040896634564543906;0.7686664657385385
378642.0;1164303.8020999997;0.39578083739286335;0.3350064630342541;0.03589486338905473;0.7915616747857267
377376.0;1126913.1808999996;0.4075201389934275;0.3372298873184028;0.03474213053910168;0.815040277986855
373869.0;1443324.9415000002;0.3523343065602484;0.34338908871217017;0.04449693585790441;0.7046686131204968
372398.0;1530029.9181;0.34176757862261514;0.34597254615449463;0.047170003904744705;0.6835351572452303
363860.0;1080165.7951999998;0.4101545461111042;0.3609674881276871;0.033300933644897245;0.8203090922222084
363654.0;1381720.8033999996;0.37807567308232226;0.36132927754517097;0.04259771323464095;0.7561513461646445
359415.0;1006111.2515999997;0.423066812822915;0.368774060752522;0.031017871680256767;0.84613362564583
335087.0;939481.7600999997;0.4287446956028317;0.4115003372017872;0.028963720099920976;0.8574893912056634
328667.0;865423.1927999996;0.4434733536654295;0.4227755219602664;0.02668053408676193;0.886946707330859
326365.0;1058528.9939999992;0.4003186732592858;0.42681843088768373;0.03263388263823614;0.8006373465185715
310937.0;0.0;0.4151723601000269;0.4539139994941973;0.0;0.8303447202000538
253785.0;0.0;0.3866447525228816;0.5542877314749768;0.0;0.7732895050457632
190488.0;0.0;0.30225309146887486;0.6654536769044876;0.0;0.6045061829377497
92296.0;0.0;0.25395635267112276;0.8379042908927418;0.0;0.5079127053422455
47937.0;0.0;0.22809200351006556;0.915810197544047;0.0;0.4561840070201311
6310.0;0.0;0.1629670496425018;0.9889180037654199;0.0;0.3259340992850036
