569392.0;3111590.3532000002;0.0;-0.0;0.09592866608299688;0.0
564619.0;2580691.6886999994;0.18156226728014144;0.008382625677916093;0.07956134425403115;0.3631245345602829
564433.0;2445394.5179;0.19008737632278908;0.00870928990923652;0.07539020485378853;0.38017475264557815
563760.0;2533522.5862000003;0.18407066365234204;0.009891252423637845;0.07810714605647483;0.3681413273046841
563336.0;2384497.5284999995;0.2059126707030487;0.010635906370303762;0.07351278324666577;0.4118253414060974
562948.0;2311954.3463;0.21330375415699343;0.011317334981875404;0.07127631574550351;0.42660750831398686
561804.0;2193361.481000001;0.24012367371109652;0.013326495630426842;0.06762016114806761;0.48024734742219305
561182.0;2095636.1423000009;0.24012367371109652;0.014418888920111277;0.06460734123288851;0.48024734742219305
560319.0;2022527.401600001;0.2579446229036337;0.015934540703065728;0.06235343786570967;0.5158892458072674
557458.0;1935895.6989000011;0.2793635758318236;0.020959198583752493;0.059682628814009424;0.5587271516636472
556595.0;1892140.6776000003;0.29399120091956377;0.022474850366706944;0.058333684913529214;0.5879824018391275
552800.0;1833951.677500001;0.31190879614459616;0.02913985444122854;0.05653974916792063;0.6238175922891923
550444.0;1700611.0182000005;0.33961609252396413;0.03327760137128727;0.05242892797061175;0.6792321850479283
546640.0;1768265.5913000004;0.31184755031498523;0.03995841177958243;0.05451468226832102;0.6236951006299705
542756.0;1512043.4040999997;0.3876305897761634;0.04677972293253154;0.04661548929978434;0.7752611795523268
540806.0;1456540.9220999999;0.39557839795590116;0.050204428583471496;0.044904377470079644;0.7911567959118023
539966.0;1569827.3658000005;0.3666701664689564;0.05167968640233793;0.04839693792819117;0.7333403329379128
539164.0;1389463.3228999998;0.40325333626577287;0.05308820636749375;0.04283641096906244;0.8065066725315457
535219.0;1628345.8495000002;0.35352605679388105;0.060016649338241496;0.05020103147693465;0.7070521135877621
533394.0;1351604.1039000002;0.42409057378754106;0.06322182257565966;0.04166923149960591;0.8481811475750821
526549.0;2799178.453199999;0.16943927359498565;0.07524341754011296;0.08629717432681698;0.3388785471899713
526477.0;1331006.6491999999;0.4416819979429402;0.07536986821030152;0.04103422298955447;0.8833639958858804
525731.0;1282896.3418000003;0.41578312024203345;0.07668003765419956;0.03955100794841687;0.8315662404840669
524121.0;3082735.914799999;0.1391626425662293;0.07950761514036024;0.09503909918244408;0.2783252851324586
519930.0;3019782.330300001;0.14567958408532053;0.08686809790091887;0.0930982738485381;0.29135916817064106
517813.0;1229923.0920000002;0.4246759302219913;0.09058609885632393;0.03791787099445718;0.8493518604439826
516590.0;1175423.0765;0.434070818541786;0.09273400399022115;0.036237664670690624;0.868141637083572
515874.0;1118988.3110999998;0.4357625611721714;0.09399148565487397;0.034497811042477206;0.8715251223443428
514389.0;2693610.8831999996;0.16293639123733406;0.09659953072751286;0.083042582615762;0.3258727824746681
513174.0;2363046.4225999997;0.20099296323109064;0.09873338578694467;0.07285145712676833;0.4019859264621813
513172.0;2924114.8898000005;0.14724163627199133;0.09873689830556102;0.09014889783401822;0.29448327254398265
508644.0;2251808.1885999995;0.22314743614798882;0.1066892404529744;0.06942204187804377;0.44629487229597764
506818.0;2507596.198800001;0.16941098945381133;0.10989616994970074;0.07730784940192799;0.33882197890762267
506414.0;2807779.7659000014;0.14844339188850048;0.11060569871020316;0.0865623481961939;0.29688678377700095
506169.0;1032029.3991999998;0.4476712768028167;0.11103598224070588;0.0318169143061774;0.8953425536056334
503472.0;1871057.7408999999;0.2900581202159797;0.11577261359485205;0.05768370925312026;0.5801162404319594
500896.0;954897.614;0.4527405973651608;0.12029673757270913;0.029438982629140655;0.9054811947303216
495016.0;906460.6793999998;0.460035343579783;0.13062354230477422;0.027945697846152157;0.920070687159566
493643.0;846713.0849999998;0.4656498435149911;0.13303488633489757;0.026103711472024994;0.9312996870299822
491379.0;1728432.5736999998;0.30727892327228223;0.13701105740860425;0.05328665164388522;0.6145578465445645
491317.0;2826916.826099999;0.13242506172549431;0.13711994548571108;0.08715233352502995;0.26485012345098863
488765.0;2195359.1858999995;0.2235647370012816;0.141601919240172;0.06768174932148742;0.4471294740025632
488046.0;1983590.2046000008;0.26395686614272906;0.14286466968274933;0.061153024911163915;0.5279137322854581
487153.0;2891302.9466999997;0.1315510304202236;0.144433009244949;0.08913732318058185;0.2631020608404472
484921.0;802895.3940000001;0.4736813070456337;0.1483529800207941;0.024752835498218186;0.9473626140912674
484221.0;1783562.8002999998;0.27952490825885057;0.14958236153651613;0.05498628703874127;0.5590498165177011
483152.0;2061990.767000001;0.22496459865742963;0.1514598027369545;0.06357007231056025;0.44992919731485925
480684.0;2244397.6591000003;0.18941248361995924;0.15579425070952876;0.06919357921772842;0.3788249672399185
479465.0;2551756.4747000006;0.14322797249095903;0.15793513080619329;0.07866928708494031;0.28645594498191806
478292.0;584521.9859;0.49687082688983486;0.15999522297468177;0.01802050014260576;0.9937416537796697
477634.0;1295733.848000001;0.394182435732964;0.16115084159946047;0.03994678139730026;0.788364871465928
477371.0;2136799.8181000003;0.2156578249255048;0.16161273779751031;0.0658763953378114;0.4313156498510096
476808.0;1421360.9475999998;0.39000218968338685;0.16260151178801246;0.04381979767532993;0.7800043793667737
473366.0;1571611.1503999992;0.35757639120015083;0.16864655632674852;0.04845193105319597;0.7151527824003017
473260.0;521613.36750000005;0.49656771952652545;0.16883271981341502;0.016081061089508665;0.9931354390530509
472959.0;1355848.0111000005;0.38018567417474247;0.16936135386517548;0.0418000688883571;0.7603713483494849
472707.0;2605253.4612000003;0.140097607674292;0.16980393121083542;0.08031857056119462;0.280195215348584
472459.0;1674603.8062999994;0.29192140816724604;0.17023948351926266;0.051627139539965915;0.5838428163344921
471691.0;440865.7822;0.492805050138907;0.17158829066794054;0.013591656229615744;0.985610100277814
470959.0;1815763.7175999996;0.2766394136413132;0.17287387248152417;0.05597902409362419;0.5532788272826265
468722.0;0.0;0.4758926708015648;0.17680262455391013;0.0;0.9517853416031296
467076.0;2724255.0638;0.1395801714769307;0.17969342737516508;0.08398732631094068;0.2791603429538614
462832.0;1628168.373099999;0.29015253977729155;0.18714699187905695;0.05019555997446139;0.5803050795545831
458501.0;1080146.4710000001;0.4130268307615322;0.19475335094276;0.03330033789014849;0.8260536615230644
457968.0;1468207.8516000002;0.36735856505490616;0.1956894371540169;0.045264062665487326;0.7347171301098123
456016.0;1918663.8125000002;0.257678468279352;0.19911765532357323;0.05915137897427849;0.515356936558704
455224.0;2507749.8949;0.14480852054751686;0.2005086126956473;0.07731258777047317;0.2896170410950337
453056.0;1218339.9071000007;0.391450312823281;0.20431618287576925;0.037560767600269405;0.782900625646562
449722.0;2447874.2737000003;0.18358256236222606;0.21017155140922247;0.07546665439858834;0.3671651247244521
449652.0;984370.3311000001;0.42092626889446877;0.21029448956079466;0.030347610731274004;0.8418525377889375
447822.0;2381518.6592;0.17127070098934716;0.2135084440947537;0.07342094629965548;0.3425414019786943
446243.0;1119386.3258000007;0.3983633080237326;0.21628157754236096;0.03451008162276527;0.7967266160474652
443619.0;1164500.4965000008;0.3851312414788457;0.22089000196701042;0.035900927372187565;0.7702624829576914
438554.0;1847388.7229000002;0.2726124846423885;0.22978545536291342;0.056954006089624025;0.545224969284777
435177.0;1521588.8097999995;0.3295279384783096;0.23571634304661815;0.0469097690513205;0.6590558769566192
427366.0;1250002.0725000007;0.3749940101751456;0.24943448450276787;0.038536895222273895;0.7499880203502912
426605.0;1046285.1236;0.4072509762404687;0.25077099783628853;0.032256410663508775;0.8145019524809374
425565.0;1306782.3963000001;0.36367639801331364;0.25259750751678983;0.04028740223110716;0.7273527960266273
425407.0;895995.0486999997;0.4448136092901379;0.2528749964874814;0.027623048050128784;0.8896272185802758
422784.0;0.0;0.4612252246551122;0.2574816646528227;0.0;0.9224504493102244
418384.0;1119735.4884;0.39755205939069094;0.26520920560878974;0.0345208461189431;0.7951041187813819
417370.0;1416185.7443999995;0.3342643659924756;0.2669900525472785;0.04366024892908384;0.6685287319849512
409933.0;821754.1230999997;0.45277184684539856;0.280051353022171;0.025334240028131023;0.9055436936907971
405992.0;1010100.4445999999;0.4169138428199494;0.2869727709556861;0.031140856366478106;0.8338276856398988
399107.0;1085041.6011;0.39454449746159853;0.29906461629246633;0.03345125213254315;0.7890889949231971
395634.0;1357747.2677999996;0.3465540597948899;0.3051641048697558;0.04185862195643456;0.6931081195897798
387704.0;1143062.2603000004;0.3854299441833867;0.3190912411835783;0.03523999801825661;0.7708598883667734
380251.0;1246005.2204;0.3665763679086572;0.3321806418074016;0.03841367441009668;0.7331527358173144
379107.0;1041010.9434000001;0.4045691217934833;0.33418980245595303;0.0320938105092992;0.8091382435869666
377699.0;1294562.3975;0.354591066397937;0.3366626155618625;0.039910666205037956;0.709182132795874
375432.0;1197259.9615;0.37277848021164006;0.3406440554134937;0.03691088415387339;0.7455569604232801
374273.0;971317.1518999996;0.4138402142880746;0.34267955995166777;0.029945188199172173;0.8276804285761492
362169.0;0.0;0.4323911757477754;0.36393732261780987;0.0;0.8647823514955508
357528.0;924991.5568999999;0.41089031250183317;0.37208812206704694;0.0285169948866171;0.8217806250036663
254942.0;0.0;0.3686148455656352;0.5522557394554191;0.0;0.7372296911312703
221753.0;0.0;0.3511871758440347;0.610544229634417;0.0;0.7023743516880694
178219.0;0.0;0.319184348115114;0.6870012223564785;0.0;0.638368696230228
130774.0;0.0;0.2599481010350819;0.7703269452328098;0.0;0.5198962020701638
66352.0;0.0;0.18555376179372948;0.8834686823840167;0.0;0.37110752358745897
12343.0;0.0;0.1725491421128274;0.9783224913592042;0.0;0.3450982842256548
