569392.0;2831008.1873999997;0.0;-0.0;0.08727846800528666;0.0
568139.0;2822073.0502999993;0.057314524220747315;0.0022005929131424396;0.08700300250823297;0.11462904844149463
567531.0;2783714.7230999987;0.10066813108363565;0.003268398572512434;0.08582043579996207;0.2013362621672713
563376.0;2458024.9997999985;0.19358382007357922;0.01056565599797679;0.07577959585424791;0.38716764014715843
562841.0;2410227.398899998;0.2090633669445225;0.011505254727850057;0.07430602138722688;0.418126733889045
561830.0;2543894.6166999983;0.19355967240600508;0.013280832888414308;0.07842691020840238;0.38711934481201016
560180.0;2326525.620499998;0.21965805356159518;0.016178660746901958;0.07172554033436943;0.43931610712319036
559357.0;2196131.7455999986;0.22584211415713892;0.017624062157529433;0.0677055669237673;0.45168422831427785
558370.0;2269900.823899999;0.22261714646285372;0.0193574900946975;0.06997982814591484;0.44523429292570743
556476.0;2174571.0509999986;0.24202024591588728;0.02268384522437969;0.06704086224287194;0.48404049183177456
555561.0;2784144.4879000005;0.019387948629744675;0.024290822491359203;0.08583368521884885;0.03877589725948935
553535.0;2104029.6709999996;0.25984544951417865;0.027849003849720402;0.06486610923269677;0.5196908990283573
551826.0;2040585.5881999996;0.3023520385678787;0.03085045100739034;0.06291016209858763;0.6047040771357574
551024.0;2763999.713300001;0.0847368319661642;0.03225897097254615;0.08521263259412488;0.1694736639323284
550438.0;2044514.5799999994;0.28290183201538827;0.033288138927136314;0.06303129081401683;0.5658036640307765
549468.0;1947495.0264999997;0.31107079245603625;0.03499171045606542;0.060040229879002836;0.6221415849120725
548820.0;2363185.4688;0.21243114194632481;0.03612976648776239;0.07285574384673331;0.42486228389264963
548803.0;2737356.5599;0.028861143398005176;0.03615962289600135;0.08439123842722297;0.05772228679601035
548614.0;2717929.4822;0.03303011179261946;0.036491555905246296;0.08379231201400307;0.06606022358523891
546940.0;1839299.9496;0.32953449180527383;0.03943153398713013;0.056704633535772646;0.6590689836105477
545433.0;1711950.223;0.36367414620315414;0.04207821676454885;0.05277850958883062;0.7273482924063083
545177.0;1978828.7084999997;0.30430135219824556;0.042527819147441484;0.06100623053350339;0.6086027043964911
543502.0;1493075.0632;0.37899169457614634;0.04546955348863349;0.04603070549671296;0.7579833891522927
543343.0;1647863.2275;0.37290820316224305;0.04574879871863321;0.05080274180009854;0.7458164063244861
541856.0;2701233.1277;0.04155111893736022;0.04836035630988844;0.0832775723362731;0.08310223787472044
540713.0;2678213.6211;0.09199077373719033;0.05036776069913171;0.0825678932617909;0.18398154747438067
539802.0;2666090.0385;0.1354170877781857;0.05196771292887852;0.08219412969559105;0.2708341755563714
539613.0;2615183.1827000002;0.13623840183653851;0.052299645938123474;0.08062469856325988;0.27247680367307703
539560.0;2686716.0249;0.0714566115078611;0.05239272768145671;0.08283001782269082;0.1429132230157222
538360.0;2608597.6308999998;0.14732410066342005;0.05450023885126591;0.08042166952412405;0.2946482013268401
537770.0;1575460.7866000005;0.3711441468001474;0.05553643184308877;0.0485706132779275;0.7422882936002948
537176.0;2672890.1653999994;0.12148611851871706;0.056579649872144325;0.08240377397027561;0.24297223703743412
537128.0;1456277.5752000005;0.38189000823528824;0.05666395031893669;0.04489625862602678;0.7637800164705765
536057.0;1352014.1716;0.4178391783769798;0.0585449040379914;0.041681873667436344;0.8356783567539596
535765.0;2656435.9023;0.10860598905535272;0.05905773175597831;0.08189649784090391;0.21721197811070544
534973.0;1567434.5002000004;0.37404801076713257;0.06044868912805238;0.04832316716177655;0.7480960215342651
534406.0;1233984.9694;0.42184832104508974;0.06144448815578723;0.03804309650184891;0.8436966420901795
533188.0;1193871.4494999999;0.4239873059227596;0.06358361199314357;0.0368064181415553;0.8479746118455193
531776.0;1281324.1076000002;0.41517951825825483;0.06606345013628573;0.039502536809077796;0.8303590365165097
530275.0;1327485.5780000002;0.4029833955817296;0.0686995953578554;0.040925670248011276;0.8059667911634592
529842.0;1095831.1597;0.44158798645316716;0.06946005563829488;0.03378388845244236;0.8831759729063343
528649.0;1799576.3964000004;0.35552974059550985;0.07155527299294687;0.055479977640232284;0.7110594811910197
523410.0;1395380.8695;0.3874970211167198;0.08075631550847219;0.04301884576522325;0.7749940422334396
521649.0;1684020.6915000007;0.3529311891533519;0.0838490881501672;0.05191745707323755;0.7058623783067038
521617.0;1058768.8242;0.4517832152381696;0.08390528844802878;0.03264127647500801;0.9035664304763392
515676.0;1186587.7515;0.4319371503869143;0.09433922499789249;0.036581865628538025;0.8638743007738287
510930.0;821012.7922999997;0.47136129348181327;0.10267443167448788;0.02531138519613262;0.9427225869636265
509570.0;1033829.7969999998;0.4537029056714626;0.10506294433360497;0.03187241960725122;0.9074058113429252
506292.0;771970.7310000003;0.48888496479898114;0.11081996234580044;0.023799444680688064;0.9777699295979623
503180.0;723318.1883;0.48480499605827426;0.11628544131283895;0.022299512815313404;0.9696099921165485
500664.0;972431.4537;0.453706239716203;0.12070418973220558;0.02997954152758444;0.907412479432406
499986.0;664047.5460000002;0.49387687467648156;0.12189493354314777;0.02047223061928971;0.9877537493529631
496597.0;933966.8507;0.4593805973901439;0.1278468963385506;0.028793698393250466;0.9187611947802878
493817.0;577675.6097;0.4981116568637674;0.13272929721527524;0.01780943002674268;0.9962233137275348
492513.0;540931.6243;0.49979630722979035;0.13501945935313459;0.01667663261259394;0.9995926144595807
490513.0;519693.70499999996;0.4996534775337765;0.13853197796948324;0.016021878921532992;0.999306955067553
490274.0;884883.5127999998;0.4673574464680148;0.1389517239441369;0.02728048534230829;0.9347148929360296
485817.0;406960.3881000001;0.4965647140574907;0.1467793716806699;0.012546371066777263;0.9931294281149814
483781.0;368593.83269999985;0.4951573166477914;0.15035511563211285;0.011363550687501951;0.9903146332955828
479481.0;427794.5372999999;0.49251453621753405;0.15790703065726247;0.013188676741646945;0.9850290724350681
478883.0;271633.2122;0.49255040833075125;0.15895727372355073;0.008374306625352483;0.9851008166615025
477010.0;215593.56720000002;0.49069484003102554;0.16224674740776127;0.006646634347706381;0.9813896800620511
474851.0;0.0;0.4750766173947661;0.16603851125410965;0.0;0.9501532347895322
468869.0;0.0;0.47160363467417826;0.1765444544356085;0.0;0.9432072693483565
456116.0;0.0;0.4676704131391913;0.1989420293927558;0.0;0.9353408262783826
446245.0;0.0;0.46443659757401135;0.21627806502374464;0.0;0.9288731951480227
433053.0;0.0;0.44599496060143007;0.23944663781718042;0.0;0.8919899212028601
426238.0;0.0;0.4407922315447791;0.2514155450023885;0.0;0.8815844630895582
412085.0;0.0;0.4285955807318169;0.2762718829909799;0.0;0.8571911614636338
402386.0;0.0;0.4119620783139499;0.2933058420209627;0.0;0.8239241566278998
401513.0;0.0;0.40720140579758907;0.2948390563969989;0.0;0.8144028115951781
394583.0;0.0;0.39881075277280653;0.30700993340264704;0.0;0.7976215055456131
378284.0;0.0;0.35993041142213517;0.33563520386658047;0.0;0.7198608228442703
369305.0;0.0;0.3572860247974234;0.3514046561946778;0.0;0.7145720495948468
356904.0;0.0;0.346333637261239;0.3731840278753477;0.0;0.692667274522478
350999.0;0.0;0.3356307604811022;0.38355473909011717;0.0;0.6712615209622044
340909.0;0.0;0.32222176244501755;0.4012753955095962;0.0;0.6444435248900351
331866.0;0.0;0.3183238307500685;0.41715724843341667;0.0;0.636647661500137
325753.0;0.0;0.3125930581395385;0.4278932615842864;0.0;0.625186116279077
324299.0;0.0;0.30011512467379214;0.4304468626183719;0.0;0.6002302493475843
315734.0;0.0;0.29378683756886825;0.44548922359288506;0.0;0.5875736751377365
310455.0;0.0;0.28732678284140356;0.45476051648073734;0.0;0.5746535656828071
304151.0;0.0;0.2774814430156737;0.46583197515946834;0.0;0.5549628860313474
299301.0;0.0;0.26829686972888295;0.47434983280411386;0.0;0.5365937394577659
296326.0;0.0;0.2652998263993818;0.4795747042459325;0.0;0.5305996527987636
281749.0;0.0;0.2559126154802359;0.5051756961811897;0.0;0.5118252309604718
277908.0;0.0;0.24960512628572673;0.5119214881838874;0.0;0.49921025257145346
267185.0;0.0;0.23805432205438706;0.5307538567454407;0.0;0.4761086441087741
256809.0;0.0;0.23319116733678444;0.5489768033270577;0.0;0.4663823346735689
248221.0;0.0;0.2191383439516549;0.5640595582656588;0.0;0.4382766879033098
237589.0;0.0;0.21044902549005845;0.5827321072301683;0.0;0.4208980509801169
233307.0;0.0;0.20099000791019334;0.5902524095877708;0.0;0.40198001582038667
226385.0;0.0;0.19000272075374153;0.6024092365189535;0.0;0.38000544150748305
219627.0;0.0;0.1857787100630498;0.6142780369235957;0.0;0.3715574201260996
211812.0;0.0;0.17917734001763866;0.6280032034169781;0.0;0.3583546800352773
205054.0;0.0;0.1746667330859234;0.6398720038216202;0.0;0.3493334661718468
191538.0;0.0;0.1667613421304968;0.6636096046309046;0.0;0.3335226842609936
184780.0;0.0;0.16313977079238484;0.6754784050355467;0.0;0.3262795415847697
178022.0;0.0;0.1604855969460417;0.6873472054401888;0.0;0.3209711938920834
168249.0;0.0;0.1562230305487253;0.7045111276589766;0.0;0.3124460610974506
