569392.0;2801072.8042000015;0.0;-0.0;0.0863555761547878;0.0
569127.0;2753253.826700001;0.05832084467793518;4.6540871666619834E-4;0.08488134265862389;0.11664168935587035
569109.0;2776943.413800001;0.05832084467793502;4.970213842133363E-4;0.08561167995646997;0.11664168935587003
568844.0;2723112.0860000006;0.0823367787154597;9.624301008795347E-4;0.0839520889167883;0.1646735574309194
567624.0;2697353.8588000014;0.10066813108363576;0.0031050664568522215;0.08315797655125229;0.20133626216727152
566548.0;2694632.6485000006;0.10066813108363569;0.004994801472447804;0.08307408309338052;0.20133626216727138
566063.0;2688684.9678000007;0.1416279448549245;0.0058465872369123555;0.08289071927903657;0.283255889709849
565876.0;2742114.186300001;0.08233677871545957;0.006175007727540956;0.08453791350410254;0.16467355743091913
565328.0;2664153.468100001;0.11604095563139942;0.007137437828420491;0.0821344262661031;0.23208191126279884
563032.0;2630954.402600001;0.15270892369417796;0.01116980919998876;0.081110916836161;0.3054178473883559
561095.0;2521617.8466000003;0.24625311806603678;0.014571683479922444;0.07774012930289768;0.49250623613207356
560313.0;2447890.792000001;0.2521888991552166;0.015945078258914773;0.0754671636489411;0.5043777983104332
558481.0;2479493.6271000006;0.25216273908947184;0.01916254531149015;0.07644146214953458;0.5043254781789437
556809.0;2277119.0455000023;0.27626680659423897;0.022099010874757637;0.07020236205654602;0.5525336131884779
554281.0;2194632.640100002;0.2915761218865506;0.026538834405822352;0.06765935030313004;0.5831522437731012
553800.0;2153589.728100002;0.27178530515547894;0.027383595133054207;0.06639401928156007;0.5435706103109579
551065.0;1932188.723000001;0.3202083135303159;0.032186964340911006;0.059568344730012594;0.6404166270606318
550575.0;2077233.793100001;0.2819661962116406;0.03304753140191643;0.06404000665115799;0.5639323924232812
549212.0;1889409.4231000012;0.33959741959193096;0.035441312838958045;0.058249481798344514;0.6791948391838619
548081.0;2054354.6558000012;0.3053059695861951;0.03742764211650322;0.06333465508710599;0.6106119391723902
547892.0;1836636.679500001;0.34324273548328055;0.037759575125748165;0.056622526343272556;0.6864854709665611
547258.0;1781075.5813000002;0.3503198844530089;0.038873043527130696;0.05490960740747783;0.7006397689060178
544714.0;1716232.6952000007;0.35712642096275193;0.0433409672071262;0.052910535915901946;0.7142528419255039
542912.0;2002493.5937000008;0.3139551291983519;0.04650574648045635;0.061735806284986455;0.6279102583967038
542110.0;2384453.275700001;0.22077692517471872;0.04791426644561216;0.0735114189565143;0.44155385034943745
540295.0;2320130.886500001;0.2403936162738997;0.05110187708994857;0.07152839410593212;0.4807872325477994
538050.0;1546438.624;0.40320360084877105;0.055044679236799954;0.04767587553001068;0.8064072016975421
536746.0;1415492.9000999997;0.4056585793366586;0.05733484137465929;0.043638888909943205;0.8113171586733172
536154.0;1964181.3304000006;0.3138912018082802;0.058374546885098494;0.06055465970211127;0.6277824036165603
533149.0;1590511.4157000002;0.39967946934781734;0.06365210610616236;0.04903461612193558;0.7993589386956347
532545.0;1285685.914;0.4485053761860024;0.06471288672829965;0.03963700896709627;0.8970107523720048
531981.0;1228341.2120999997;0.45476212170227187;0.06570341697810998;0.03786910248334694;0.9095242434045437
531369.0;1132913.1543999999;0.4498616588166156;0.06677824767471267;0.03492710651249627;0.8997233176332312
531177.0;1387179.1375000007;0.433747931101102;0.06711544946188215;0.04276599075507674;0.867495862202204
529505.0;1257568.2585000002;0.4218142082418393;0.07005191502514964;0.03877015668921776;0.8436284164836786
525859.0;1642499.8492000003;0.3855210991215412;0.07645523646275325;0.050637391716181375;0.7710421982430824
521997.0;1084560.1446999996;0.4603512257416579;0.08323790991092253;0.03343640908928019;0.9207024514833158
518802.0;1362395.4079999994;0.41017685587148695;0.08884915840053953;0.04200192163233637;0.8203537117429739
517099.0;1563226.7426000005;0.39348507488345463;0.09184006800236041;0.04819344424585561;0.7869701497669093
513210.0;1056813.1920999996;0.45577917664574386;0.0986701604518504;0.03258098538350582;0.9115583532914877
512619.0;900929.1583999998;0.47760628408559624;0.09970810970298143;0.027775164012739807;0.9552125681711925
506350.0;1505645.3196000003;0.39853321177389694;0.11071809930592633;0.046418239777224264;0.7970664235477939
504049.0;953068.4160000001;0.4726665792102103;0.11475925197403546;0.029382589433307144;0.9453331584204206
501734.0;849303.906;0.48190230799334544;0.11882499227245905;0.02618358509752786;0.9638046159866909
500231.0;820076.1188999999;0.4836192382892972;0.12146465001264507;0.025282508056272288;0.9672384765785944
495258.0;647858.7522999999;0.4954222999406821;0.13019852755219602;0.019973138769510464;0.9908445998813642
494017.0;531136.1328999997;0.4967743946005548;0.13237804535364037;0.016374642852706966;0.9935487892011096
486938.0;475867.20969999995;0.4989130677189707;0.1448106049962065;0.014670731515866928;0.9978261354379414
486708.0;736436.8235000002;0.4871207086764432;0.14521454463708658;0.022703953320880356;0.9742414173528864
483401.0;775984.5584;0.4844169595753767;0.1510224941692191;0.023923188832283525;0.9688339191507535
479916.0;355715.7873999999;0.4902061600878236;0.15714305785820665;0.010966527439851461;0.9804123201756472
479539.0;708518.6269000003;0.4862260750101338;0.15780516761738836;0.021843250254190812;0.9724521500202676
477096.0;267327.95440000005;0.49342554809614286;0.16209570910725826;0.008241577830422045;0.9868510961922857
475566.0;276045.32540000003;0.49171298652071116;0.164782785848765;0.008510329715103971;0.9834259730414223
474447.0;405600.1674999999;0.4890440815862936;0.16674804001461208;0.012504436193312176;0.9780881631725872
473957.0;0.0;0.4750766173947661;0.1676086070756175;0.0;0.9501532347895322
467499.0;0.0;0.47160363467417826;0.17895052968780734;0.0;0.9432072693483565
456625.0;0.0;0.46658342801713604;0.19804809340489504;0.0;0.9331668560342721
450254.0;0.0;0.46114270576695643;0.20923722145727372;0.0;0.9222854115339129
439074.0;0.0;0.4478681010141447;0.22887220052266277;0.0;0.8957362020282894
429815.0;0.0;0.4380986226125058;0.24513340545704893;0.0;0.8761972452250116
427166.0;0.0;0.43427795534791014;0.24978573636440274;0.0;0.8685559106958203
417264.0;0.0;0.4258406025172289;0.267176216033945;0.0;0.8516812050344578
416594.0;0.0;0.4220058328848935;0.2683529097704218;0.0;0.844011665769787
405804.0;0.0;0.4131807768033201;0.2873029477056228;0.0;0.8263615536066402
401827.0;0.0;0.41083418391274135;0.2942875909742322;0.0;0.8216683678254827
392472.0;0.0;0.3990746059672784;0.31071739680220306;0.0;0.7981492119345568
384931.0;0.0;0.3808066341081463;0.3239613482451457;0.0;0.7616132682162926
378324.0;0.0;0.37250967478981284;0.3355649534942535;0.0;0.7450193495796257
370173.0;0.0;0.3633212423044971;0.3498802231151825;0.0;0.7266424846089942
360521.0;0.0;0.3464061709635544;0.3668316379576812;0.0;0.6928123419271088
351091.0;0.0;0.3391638576260885;0.38339316323376516;0.0;0.678327715252177
345957.0;0.0;0.32897721375698113;0.39240979852193214;0.0;0.6579544275139623
336933.0;0.0;0.3127222385336052;0.40825828251889734;0.0;0.6254444770672104
334930.0;0.0;0.30843030736678206;0.41177606991317056;0.0;0.6168606147335641
325702.0;0.0;0.3024525715006596;0.4279828308090033;0.0;0.6049051430013191
319150.0;0.0;0.288488271119588;0.4394898417961615;0.0;0.576976542239176
307418.0;0.0;0.2807920662058177;0.4600942759996628;0.0;0.5615841324116354
301049.0;0.0;0.2651248492329811;0.47127989153342514;0.0;0.5302496984659621
291270.0;0.0;0.2593197084732398;0.4884543513080619;0.0;0.5186394169464796
279414.0;0.0;0.24288499335556438;0.5092765616657768;0.0;0.48576998671112875
270946.0;0.0;0.23667463172267864;0.5241485654873971;0.0;0.47334926344535727
270134.0;0.0;0.230246272252433;0.5255746480456347;0.0;0.460492544504866
262756.0;0.0;0.22534351884080628;0.5385323292213449;0.0;0.45068703768161256
260355.0;0.0;0.22335170382019526;0.5427491078202714;0.0;0.4467034076403905
250582.0;0.0;0.21803409335259616;0.5599130300390592;0.0;0.4360681867051923
249135.0;0.0;0.21096541448041434;0.5624543372579874;0.0;0.4219308289608287
242377.0;0.0;0.20826922156800856;0.5743231376626297;0.0;0.4165384431360171
236972.0;0.0;0.20137697315137978;0.5838157192233119;0.0;0.40275394630275957
226103.0;0.0;0.1991016056409203;0.6029045016438587;0.0;0.3982032112818406
222103.0;0.0;0.19414251583431344;0.6099295388765561;0.0;0.3882850316686269
212323.0;0.0;0.19260630160231734;0.627105754910501;0.0;0.3852126032046347
211983.0;0.0;0.1843557954615544;0.6277028830752803;0.0;0.3687115909231088
205225.0;0.0;0.1796186681959846;0.6395716834799224;0.0;0.3592373363919692
198467.0;0.0;0.17631837805902936;0.6514404838845645;0.0;0.3526367561180587
181580.0;0.0;0.16873252675873052;0.6810984348217045;0.0;0.33746505351746103
174822.0;0.0;0.16617937720934362;0.6929672352263467;0.0;0.33235875441868723
168064.0;0.0;0.1638501516075031;0.7048360356309888;0.0;0.3277003032150062
161306.0;0.0;0.16017380098360334;0.716704836035631;0.0;0.3203476019672067
154548.0;0.0;0.1579073082878326;0.7285736364402732;0.0;0.3158146165756652
