569392.0;3045748.5280000013;0.0;-0.0;0.09389879783333793;0.0
566366.0;2801801.4757000003;0.20590225843997875;0.005314440666535533;0.0863780407073391;0.4118045168799575
565884.0;2953264.0769;0.19816377198993657;0.006160957653075561;0.09104755167931985;0.39632754397987313
565776.0;2742728.1446000007;0.2132927381785141;0.006350633658358389;0.08455684151006226;0.4265854763570282
565662.0;2880767.4828999997;0.2058860621179658;0.006550847219490263;0.08881252046744181;0.4117721242359316
565343.0;2561137.240900001;0.20901491360808339;0.007111093938797876;0.07895849108876332;0.41802982721616677
564945.0;2480100.7402000003;0.21626329109827358;0.00781008514345126;0.07646017912164005;0.43252658219654716
564784.0;2421391.0173000004;0.2232243071980774;0.008092842892067327;0.07465018977066157;0.4464486143961548
562917.0;2223132.4689000007;0.2363862699605879;0.011371779020428808;0.06853798477940871;0.4727725399211758
558226.0;2040676.8947000008;0.28625978184754447;0.019610391435074606;0.0629129770291394;0.5725195636950889
557535.0;2171553.727500001;0.2486644993344717;0.02082396661702307;0.0669478397734463;0.4973289986689434
556260.0;1922106.0760000008;0.3092094702339507;0.023063197234945345;0.0592575021165879;0.6184189404679014
554659.0;2094019.3733000008;0.2656927826351508;0.025874968387332452;0.06455749710948877;0.5313855652703016
554353.0;1975457.8679000004;0.3009210470767591;0.026412383735633798;0.06090230932099423;0.6018420941535182
551326.0;1874239.801200001;0.32732583315581665;0.031728580661477504;0.057781810469966124;0.6546516663116333
548591.0;1816563.5469000011;0.3257665154212387;0.03653194986933431;0.0560036824030846;0.6515330308424774
546611.0;1756838.7200000011;0.33728949226042826;0.04000934329951949;0.05416239793880325;0.6745789845208565
546259.0;1632756.8345000003;0.3648472146264136;0.040627546575996855;0.050337019784883655;0.7296944292528272
541123.0;1564114.0335;0.38284865358924425;0.04964769438278023;0.04822079894965747;0.7656973071784885
539594.0;1488396.0598999998;0.38857845865164015;0.05233301486497879;0.04588645432794797;0.7771569173032803
532216.0;1267009.2648;0.4437318511805326;0.06529069604068902;0.03906121786309907;0.8874637023610652
526856.0;1434750.3438000004;0.4215327994724148;0.07470424593250344;0.044232585597686704;0.8430655989448296
526009.0;1311792.6567999998;0.42979591994073346;0.07619179756652711;0.04044186588214626;0.8595918398814669
525731.0;1198976.5681999996;0.4482755287736409;0.07668003765419956;0.0369638062201572;0.8965510575472818
519605.0;1115428.5625;0.4577750733174145;0.08743888217607554;0.03438806589738199;0.915550146634829
516930.0;1043338.3704;0.4666590140978319;0.09213687582544187;0.03216556383868137;0.9333180281956638
514912.0;991585.9069000004;0.4706699996481978;0.09568100710933768;0.03057006307330641;0.9413399992963956
511429.0;2034293.8666;0.2887361375055717;0.10179805827970888;0.06271619168733705;0.5774722750111434
508247.0;1903363.0659000003;0.2816950367383295;0.10738647539831961;0.05867966514154261;0.563390073476659
507686.0;885464.6363999998;0.48367166597881367;0.10837173687020542;0.027298401072031523;0.9673433319576273
494616.0;2827545.573199999;0.16078653578161606;0.13132604602804396;0.0871717174617826;0.3215730715632321
493880.0;1845447.7952000005;0.3021910983076096;0.13261865287886027;0.05689416832690792;0.6043821966152192
492302.0;2714750.1310999994;0.19604189309168782;0.13539003006715936;0.08369429432034396;0.39208378618337564
492045.0;2670643.0232;0.17630328493483746;0.13584138870936016;0.08233449577833012;0.3526065698696749
491088.0;2489482.068300001;0.19320382711766126;0.137522128867283;0.07674940044853948;0.38640765423532253
490235.0;1636993.4822000002;0.34165123880115844;0.1390202180571557;0.050467633367133204;0.6833024776023169
489262.0;1594334.8967000002;0.3451936146903766;0.14072905836400934;0.049152491995842464;0.6903872293807533
489134.0;2985444.374299999;0.15620903508463352;0.14095385955545564;0.0920396530337161;0.31241807016926704
488253.0;2778245.594099999;0.1563878868199855;0.14250112400595724;0.08565182547853391;0.312775773639971
485846.0;2627463.3353999997;0.18650859637144607;0.14672844016073286;0.08100328910188749;0.37301719274289213
485574.0;2437800.4668000005;0.1896794559820922;0.14720614269255627;0.07515608432071776;0.3793589119641844
485399.0;2579996.1556000006;0.18127462221702786;0.1475134880714868;0.07953990134062487;0.36254924443405573
485352.0;788231.3155;0.4982045798705093;0.14759603225897097;0.024300749802427708;0.9964091597410186
485342.0;1788463.0275000003;0.3114439362363545;0.14761359485205272;0.05513735842200232;0.622887872472709
484884.0;733840.5900999999;0.4983222930082157;0.14841796161519655;0.022623912833980783;0.9966445860164314
484452.0;1293693.8787000002;0.4380048783891641;0.14917666563632787;0.03988389023503719;0.8760097567783282
483188.0;671845.7263000001;0.4969415385120723;0.15139657740186022;0.02071264434640015;0.9938830770241446
481178.0;1189945.7082999996;0.4380048783891641;0.15492665861129065;0.03668538964038522;0.8760097567783282
481158.0;2330551.3592000003;0.2202446347256892;0.15496178379745412;0.07184965170497216;0.4404892694513784
478684.0;543363.2096;0.49612755871206926;0.15930676932587742;0.01675159708664694;0.9922551174241385
478587.0;2192281.8967999998;0.23112582925115072;0.15947712647877033;0.06758687814469157;0.46225165850230143
478247.0;1472849.4027;0.3564590990195462;0.1600742546435496;0.04540715920296089;0.7129181980390924
478234.0;1732415.0390000006;0.32190017989546355;0.16009708601455588;0.053409428918714474;0.6438003597909271
477301.0;1131183.7499000004;0.4489243976228574;0.16173567594908253;0.034873789896884486;0.8978487952457148
475940.0;2146203.3615;0.24951143105834428;0.1641259448675078;0.06616630155052601;0.49902286211668856
475518.0;488881.89420000004;0.49525434867875745;0.16486708629555738;0.01507196727696;0.9905086973575149
474393.0;1019757.0247000001;0.450519714827614;0.1668428780172535;0.03143856356529493;0.901039429655228
473501.0;434446.9650999999;0.4937647390739114;0.168409461320145;0.01339376753208829;0.9875294781478228
472991.0;2087332.8609000002;0.25044186242468697;0.1693051535673139;0.06435135550906254;0.5008837248493739
472755.0;618175.9151000003;0.490797578055793;0.16971963076404306;0.01905803277709524;0.981595156111586
472723.0;1519501.3227;0.3537813267785155;0.16977583106190464;0.04684541294070251;0.707562653557031
472425.0;1423267.0026;0.4009654599021708;0.1702991963357406;0.04387856033135977;0.8019309198043416
472231.0;375371.92339999985;0.49205761324495534;0.1706399106415264;0.011572515597928506;0.9841152264899107
471352.0;311447.0168;0.49079757805579305;0.17218366257341164;0.009601744923276014;0.9815951561115861
471276.0;1062844.8701999998;0.44844872552735393;0.1723171382808329;0.03276693879275842;0.8968974510547079
471137.0;1342011.7914000002;0.4106137927689236;0.17256125832466912;0.04137350563651795;0.8212275855378472
470497.0;969244.2780999999;0.45074549246207785;0.1736852642819007;0.029881282608775973;0.9014909849241557
469517.0;191897.97780000002;0.4894391112527815;0.17540639840391153;0.005916112002162171;0.978878222505563
468869.0;0.0;0.47590153514176925;0.1765444544356085;0.0;0.9518030702835385
456366.0;916160.3013;0.46091265792459013;0.1985029645657122;0.028244732000638314;0.9218253158491803
455963.0;850864.6807000001;0.4671543679047077;0.19921073706690645;0.026231702946612052;0.9343087358094154
444125.0;1368319.7461000003;0.40443974749281547;0.2200013347570742;0.042184565806809175;0.8088794949856309
442890.0;2012120.8789000006;0.23994653132055327;0.2221703150026695;0.06203261033770721;0.47989306264110654
441858.0;1311018.5661999995;0.40016777816254906;0.22398277460870541;0.04041800108303829;0.8003355563250981
439584.0;1932432.1850000008;0.24298086953203657;0.22797650827549387;0.05957585053323565;0.48596173906407314
438761.0;1849004.9005000002;0.2600688222295649;0.22942190968612133;0.05700383198047813;0.5201376444591298
438735.0;1263444.2086999998;0.4024541913834548;0.22946757242813387;0.03895130909061802;0.8049083827669096
437562.0;1659577.3612000006;0.3340431518551181;0.23152766459662236;0.05116388227574094;0.6680863037102363
436327.0;1759501.4045000002;0.3148472888625015;0.23369664484221767;0.054244487077568605;0.629694577725003
433453.0;1568778.7994;0.32964867256810443;0.2387441340939107;0.04836461118699657;0.6592973451362089
433280.0;1201135.6025999999;0.4100926308560603;0.23904796695422487;0.037030368095760886;0.8201852617121206
423578.0;1143123.9427;0.41219092123043466;0.25608719476213226;0.035241899653652375;0.8243818424608693
422720.0;1061819.0632;0.43595576573039047;0.25759406524854583;0.032735313711690986;0.8719115314607809
419605.0;1095949.6198;0.421090272006846;0.26306481299350887;0.03378754051395662;0.842180544013692
413928.0;974310.1664999998;0.43857591262192974;0.27303509708601453;0.03003746123821463;0.8771518252438595
410577.0;1026718.1166999999;0.43143807194693934;0.2789203220277067;0.03165317030790624;0.8628761438938787
409385.0;1439745.8882000004;0.3607146316657695;0.28101378312305053;0.044386595559235;0.721429263331539
407311.0;0.0;0.44532613727953113;0.2846562649282041;0.0;0.8906522745590623
406859.0;1392106.9187000007;0.3741861901125011;0.28545009413549893;0.04291791161341811;0.7483723802250022
397772.0;1243200.4777000006;0.3899643561213166;0.3014092224688791;0.03832720569301756;0.7799287122426332
396871.0;1344714.1611000006;0.37319394244132653;0.30299161210554415;0.04145681824877025;0.7463878848826531
394521.0;1307345.7903000005;0.37434155185438195;0.30711882147975383;0.040304771366746636;0.7486831037087639
384544.0;1083506.1915000002;0.4098054010052466;0.3246410205974092;0.03340391627592323;0.8196108020104932
377367.0;1198091.8933000003;0.3967548809758488;0.3372456936521764;0.03693653216623594;0.7935097619516976
375991.0;1158523.0749000004;0.3974154336738549;0.3396623064602242;0.03571664666180612;0.7948308673477098
336190.0;0.0;0.4312777357066167;0.4095631831848709;0.0;0.8625554714132334
277138.0;0.0;0.37008669267222855;0.5132738078511816;0.0;0.7401733853444571
197370.0;0.0;0.2987702246063718;0.6533671003456318;0.0;0.5975404492127436
118049.0;0.0;0.2422481258774668;0.7926753449293281;0.0;0.4844962517549336
37705.0;0.0;0.17686310718028178;0.9337802427852867;0.0;0.35372621436056356
