569392.0;3423837.1969;0.0;-0.0;0.10555506924174254;0.0
566939.0;3304662.2043;0.08233677871545968;0.00430810408295164;0.10188096797104927;0.16467355743091935
563372.0;3196072.140599998;0.17254914211282632;0.010572681035209487;0.09853319439606825;0.34509828422565264
563183.0;3000977.172999999;0.20511211673542856;0.010904614044454435;0.09251852090856162;0.4102242334708571
563144.0;3260921.4434;0.11604095563139943;0.010973108157473235;0.10053246371107268;0.23208191126279887
561759.0;3158032.1366999997;0.15270892369417757;0.013405527299294687;0.09736044142485337;0.30541784738835515
561090.0;2916672.212;0.1852172996626246;0.014580464776463315;0.08991944405881117;0.3704345993252492
561076.0;2674745.0089000007;0.20512009623452968;0.014605052406777756;0.08246095780315542;0.41024019246905935
560695.0;2868517.0816;0.18928731366097018;0.015274187203192176;0.08843484714856106;0.37857462732194036
559182.0;3063671.098899999;0.17786970736323238;0.017931407536459942;0.09445134110673079;0.35573941472646475
557802.0;2511203.4043;0.22641367237074672;0.020355045381740523;0.07741905761786372;0.45282734474149344
557205.0;2813953.8372;0.18928822860470076;0.0214035321887206;0.08675269151163101;0.37857645720940153
555408.0;2039459.2404000002;0.298581481697588;0.024559530165509876;0.06287543739843925;0.597162963395176
555181.0;2473494.6087;0.2626918434642238;0.02495820102846545;0.07625651562136208;0.5253836869284476
554967.0;1981254.0561000004;0.298607166849292;0.02533404052041476;0.06108100270260219;0.597214333698584
554727.0;2757850.7477000006;0.20509070306417806;0.0257555427543766;0.08502306327398876;0.41018140612835613
552922.0;2361826.1999000004;0.26059064157834616;0.02892559080563127;0.07281383831367014;0.5211812831566923
552483.0;2231232.5906;0.2634813060027188;0.0296965886419198;0.06878770719836139;0.5269626120054376
550487.0;1845426.7974;0.3282247569786698;0.033202082221035774;0.05689352097596641;0.6564495139573396
549098.0;2427740.612400001;0.2491946295409155;0.03564152640008992;0.07484594439095847;0.498389259081831
548002.0;1798949.7033999998;0.3320238301770075;0.03756638660184899;0.05546065703028381;0.664047660354015
547957.0;2320719.203;0.25497331148230784;0.03764541827071684;0.07154653158891458;0.5099466229646157
547765.0;1920961.8611000003;0.2844070866359118;0.03798262005788631;0.05922222658330427;0.5688141732718236
546800.0;1662053.0777999996;0.3431807836074186;0.03967741029027454;0.05124020729416542;0.6863615672148372
546355.0;1503515.4105999996;0.370997517849587;0.040458945682412116;0.0463525758221223;0.741995035699174
545786.0;1429969.3123999992;0.37701797107722446;0.04145825722876331;0.044085188957177335;0.7540359421544489
545551.0;1606338.3160999997;0.3629957792557301;0.04187097816618428;0.04952255099486608;0.7259915585114602
544757.0;1736514.0388000002;0.3281467305873447;0.043265448056874704;0.05353579888984003;0.6562934611746895
542205.0;1316476.5922999992;0.3856979811125467;0.0477474218113356;0.0405862691079988;0.7713959622250934
540877.0;1379932.1161;0.38288647835038137;0.050079734172591116;0.04254256896201775;0.7657729567007627
535443.0;1555206.8151999998;0.3550239379137322;0.05962324725321044;0.04794619417427297;0.7100478758274644
534658.0;2177704.3883;0.2608300167087828;0.06100191081012729;0.06713746135569157;0.5216600334175656
534244.0;2106412.5258000004;0.2715753216569766;0.061729002163711466;0.06493957137150257;0.5431506433139532
531409.0;1161637.8504999995;0.4202012134747026;0.0667079973023857;0.035812673527344026;0.8404024269494051
528063.0;1256958.4086999996;0.4120316244957642;0.07258444094753702;0.03875135534611522;0.8240632489915284
522445.0;1110515.7080999997;0.43977976158433046;0.08245110574086043;0.03423660522429971;0.8795595231686609
512852.0;1050761.3942;0.45014422146502014;0.0992989012841768;0.03239441169158207;0.9002884429300403
511655.0;996447.3475999995;0.4635491856870823;0.10140114367606148;0.03071993868952077;0.9270983713741646
502067.0;2395450.2828;0.252981208836131;0.11824015792283699;0.0738504508026965;0.505962417672262
498733.0;907113.8501999998;0.4947891872988476;0.12409552645629021;0.027965834752510643;0.9895783745976952
496034.0;2750420.0612000003;0.19826509379415075;0.12883567032905274;0.08479397918414612;0.3965301875883015
495910.0;835532.7519999999;0.498856435593694;0.12905344648326636;0.02575902778641364;0.997712871187388
495414.0;1888551.3601;0.3258697080264339;0.12992455110012083;0.058223028175064494;0.6517394160528678
494943.0;692141.4449;0.49606579129784556;0.13075174923427094;0.02133835049389852;0.9921315825956911
493165.0;2637107.2717000004;0.21888273156209517;0.1338743782842049;0.08130060649911397;0.43776546312419035
492559.0;1589484.3170999999;0.34583299565552067;0.13493867142495855;0.04900295122153106;0.6916659913110413
487654.0;1303351.4631999994;0.40300533562608065;0.14355312333155365;0.04018162839896869;0.8060106712521613
486039.0;1657804.4081999995;0.3339733304173551;0.1463894821142552;0.05110922308316983;0.6679466608347102
484818.0;2287582.7210000004;0.25210765246916034;0.14853387472953605;0.07052495157479924;0.5042153049383207
483623.0;1202959.9628999997;0.4199870802044935;0.1506326046028044;0.03708661214789126;0.839974160408987
482800.0;537621.3824999998;0.49823770160038755;0.15207800601343188;0.01657457962867219;0.9964754032007751
481669.0;1755840.6808999996;0.3180129174074642;0.15406433529097704;0.054131628927238676;0.6360258348149284
480342.0;762150.0089000001;0.495997327633719;0.1563948913929244;0.02349667707181694;0.991994655267438
479081.0;1147335.3155999994;0.39137075030350965;0.1586095343805322;0.03537173402733834;0.7827415006070193
477997.0;617364.2417000001;0.4965930928641899;0.1605133194705932;0.019033009320367722;0.9931861857283798
476726.0;398194.9815;0.4939673493884064;0.16274552505128279;0.012276138270243375;0.9879346987768128
474542.0;1425113.9145999996;0.34027971415620256;0.16658119538033553;0.04393549964033739;0.6805594283124051
474338.0;2447762.060900001;0.24305196708330964;0.16693947227920308;0.07546319493799118;0.4861039341666193
473671.0;301381.7617;0.49324977888422;0.16811089723775535;0.009291438492824749;0.98649955776844
472456.0;2200947.9778000005;0.22218481431271234;0.17024475229718716;0.06785404878611045;0.4443696286254247
472119.0;2574038.221800002;0.2106262456681869;0.17083661168404193;0.07935622142869274;0.4212524913363738
472101.0;2327484.6666000006;0.19674881795455443;0.17086822435158908;0.07175510721260285;0.39349763590910886
471819.0;202862.23369999998;0.4895100139230565;0.1713634894764942;0.006254134146368253;0.979020027846113
470494.0;1243040.3821999994;0.36432958106316915;0.1736905330598252;0.0383222700343936;0.7286591621263383
470384.0;0.0;0.4759015351417693;0.1738837215837244;0.0;0.9518030702835386
464517.0;1066566.3929999997;0.43708510147214374;0.1841876949447832;0.032881671349900554;0.8741702029442875
461706.0;1848811.4993000005;0.31062160653040394;0.18912453986006125;0.056997869524939675;0.6212432130608079
457720.0;2077802.5415;0.26406650119341907;0.19612498946244414;0.06405754086008514;0.5281330023868381
453459.0;1963727.5452;0.26616219763428367;0.20360841037457497;0.060540669747141944;0.5323243952685673
451389.0;1009772.9755999997;0.4350592974951598;0.20724386714249585;0.031130760672383524;0.8701185949903196
448636.0;935204.4461999998;0.44213987150221856;0.2120788490178998;0.0288318528004793;0.8842797430044371
446404.0;2139700.6697000004;0.23094131507433088;0.2159988197937449;0.06596582704086529;0.46188263014866177
443844.0;1694819.2852000003;0.30143293892505196;0.2204948436226712;0.05225037194043653;0.6028658778501039
442556.0;1639402.7690000003;0.3126550885749961;0.22275690561159975;0.05054191039035951;0.6253101771499922
439593.0;2027200.1889999995;0.25584257723797305;0.2279607019417203;0.06249749740160273;0.5116851544759461
436843.0;1572752.2969000007;0.3233404920419774;0.2327904150391997;0.04848711198934904;0.6466809840839548
435453.0;1778250.8872999996;0.2973085377956564;0.23523161547756202;0.05482252360249237;0.5946170755913128
429553.0;1146440.0357;0.4048759867221999;0.2455935453957906;0.035344133026940096;0.8097519734443998
426825.0;801820.9484999999;0.45473795317468213;0.25038462078849016;0.0247197109182143;0.9094759063493643
418721.0;0.0;0.45813448052919353;0.264617346221935;0.0;0.9162689610583871
415166.0;861260.6378999997;0.4486465029817228;0.2708608480624947;0.02655220474590137;0.8972930059634456
411435.0;971543.0133999996;0.43987098209917147;0.27741345154129315;0.029952151388395402;0.8797419641983429
411319.0;1043269.5980999998;0.43165340415837283;0.2776171776210414;0.032163443625461245;0.8633068083167457
388786.0;1106504.0148;0.4147989826509251;0.31719096861213364;0.03411292686586564;0.8295979653018501
387727.0;1693010.6090000006;0.28990914811380286;0.3190508472194903;0.05219461142071915;0.5798182962276057
383491.0;1877603.676000001;0.2798039292952306;0.32649036164891676;0.05788551693058756;0.5596078585904612
382684.0;1819830.0365000009;0.28438608543311006;0.3279076629106134;0.05610438653008503;0.5687721708662201
381378.0;1651393.355700001;0.2865099810312399;0.3302013375670891;0.05091157376410685;0.5730199620624798
377709.0;1561707.4983000013;0.3131586359071074;0.3366450529687807;0.04814660675678728;0.6263172718142148
370545.0;1328720.2249000005;0.34533620090760725;0.34922689465254164;0.040963733751479436;0.6906724018152145
360664.0;1242078.6942;0.3643886665650242;0.36658049287661226;0.03829262170779653;0.7287773331300484
359867.0;1188894.0876000002;0.3887707911173545;0.3679802315452272;0.03665296873675552;0.777541582234709
354759.0;0.0;0.42917283200195605;0.37695120409138166;0.0;0.8583456640039121
352529.0;1089981.3222;0.3942747462053506;0.38086766234861047;0.033603541091614425;0.7885494924107012
350434.0;1004606.2838000001;0.40415160279616447;0.3845470255992357;0.03097147432804639;0.8083032055923289
302321.0;0.0;0.3986750975510371;0.4690459296934274;0.0;0.7973501951020742
229838.0;0.0;0.3639232081554135;0.5963448731278276;0.0;0.727846416310827
151921.0;0.0;0.31423011635711884;0.733187329642847;0.0;0.6284602327142377
85620.0;0.0;0.2875614754522846;0.8496290780341136;0.0;0.5751229509045692
7556.0;0.0;0.1725491421128286;0.9867297046674347;0.0;0.3450982842256572
