569392.0;2880714.817399999;0.0;-0.0;0.08881089681824954;0.0
568607.0;2656132.5985000003;0.1006667129888658;0.0013786635569168516;0.08188714714699848;0.2013334259777316
567065.0;2632745.5856999992;0.15270892369417777;0.004086815410121673;0.08116613805296305;0.30541784738835553
566961.0;2603296.1530999998;0.16296608551244823;0.004269466378171804;0.08025822779950897;0.32593217102489647
566437.0;2622721.7585;0.15280829898437479;0.005189746255655155;0.08085710882250748;0.30561659796874957
566256.0;2493526.6166999983;0.17254914211282646;0.00550762919043471;0.07687409171213105;0.3450982842256529
565543.0;2596226.8570000003;0.15602605214692497;0.006759842077163009;0.0800402851823771;0.31205210429384994
565502.0;2395152.3236999996;0.19013521744054782;0.006831848708798157;0.07384126488303297;0.38027043488109563
565321.0;2348117.6921000006;0.19822566756776944;0.0071497316435777105;0.07239121235139014;0.3964513351355389
565234.0;2443316.8168999986;0.1759555747546782;0.007302526203388878;0.07532615044339853;0.3519111495093564
565092.0;2259793.072799999;0.21330375415699343;0.0075519150251496334;0.06966821158651629;0.42660750831398686
564756.0;2425632.0752000003;0.18154917821969443;0.008142018152696209;0.07478093931701793;0.36309835643938887
563998.0;2333680.5918;0.1981658369561333;0.009473262708292353;0.0719461242720865;0.3963316739122666
563916.0;2536117.3457000004;0.15311003238514206;0.00961727597156265;0.07818714110382584;0.30622006477028413
562917.0;2223132.4689000007;0.2363862699605879;0.011371779020428808;0.06853798477940871;0.4727725399211758
562800.0;2286019.8663;0.19842281155603703;0.011577261359485206;0.0704767696004277;0.39684562311207405
562777.0;2632282.9658999993;0.15270305409186624;0.011617655323573214;0.08115187573200171;0.3054061081837325
562145.0;2179064.1232000003;0.2360375927350449;0.012727611206339393;0.06717938125528547;0.4720751854700898
561588.0;2247271.990999999;0.2132854343080992;0.013705847640992497;0.06928219333261766;0.4265708686161984
561451.0;2145610.0972;0.2521888991552166;0.01394645516621238;0.0661480115295163;0.5043777983104332
561271.0;2046865.3195000002;0.2521888991552166;0.01426258184168376;0.0631037628553033;0.5043777983104332
561262.0;2115925.972400001;0.24625466221907735;0.01427838817545733;0.06523286584108187;0.4925093244381547
561182.0;2095636.1423000009;0.24012367371109652;0.014418888920111277;0.06460734123288851;0.48024734742219305
560597.0;2237928.3931;0.22056611162916703;0.015446300615393262;0.06899413520760098;0.44113222325833407
560319.0;2022527.401600001;0.2579446229036337;0.015934540703065728;0.06235343786570967;0.5158892458072674
559467.0;2136385.9948000005;0.23382489678690552;0.01743087363363026;0.06586363738684198;0.46764979357381103
559178.0;1905413.3275999997;0.2939912009195635;0.01793843257369264;0.05874287361299186;0.587982401839127
559014.0;2094537.8898999998;0.22963049744121797;0.018226459100233232;0.0645734826988928;0.45926099488243594
558893.0;2068936.6956000007;0.25052606868500554;0.018438966476522326;0.06378421157366101;0.5010521373700111
558850.0;1978257.3522999997;0.2793635758318238;0.01851448562677382;0.06098861592749721;0.5587271516636476
558614.0;2012593.1121000014;0.2742294802266307;0.018928962823502964;0.06204716903464802;0.5484589604532614
558363.0;2046983.7843999998;0.24627623388557304;0.01936978390985472;0.06310741506479897;0.4925524677711461
558279.0;1945747.4537000016;0.2756814990079463;0.019517309691741366;0.059986353144421;0.5513629980158926
557736.0;1859260.1754000003;0.2777307016564783;0.02047095849608003;0.05731999661971469;0.5554614033129566
557582.0;2022079.2038999998;0.2635289705460195;0.020741422429538876;0.062339620170376364;0.527057941092039
557347.0;2498274.8580999994;0.16309288971850086;0.021154143366959845;0.07702047745448103;0.3261857794370017
557232.0;1842144.5125;0.3075840933253803;0.021356113187399894;0.05679232988831647;0.6151681866507606
557174.0;1923767.1362;0.2725200363252338;0.021457976227274005;0.059308711713990596;0.5450400726504676
556908.0;2016305.9828;0.25790264368998034;0.02192514120324838;0.062161634852175456;0.5158052873799607
556833.0;1998307.8806999999;0.2599038160100129;0.022056860651361452;0.061606762992291;0.5198076320200258
556167.0;2173596.6445999998;0.21074262476794262;0.023226529350605558;0.06701082181480643;0.42148524953588523
555468.0;1979362.3908999995;0.26574725613609307;0.024454154607019416;0.06102268367640869;0.5314945122721861
555393.0;1925230.5222999998;0.2668813189354734;0.024585874055132493;0.059353827124633586;0.5337626378709468
555095.0;1984259.6649000007;0.2618931619951594;0.025109239328968445;0.06117366401409354;0.5237863239903188
555012.0;1814891.3201999997;0.2960735292270055;0.025255008851546912;0.05595212854846022;0.592147058454011
554430.0;1768796.7928999995;0.3282843592194136;0.026277151768904376;0.05453105892948937;0.6565687184388272
554368.0;1772232.4377999993;0.308727889309168;0.026386039846011185;0.05463697802390129;0.617455778618336
553818.0;1785443.5028999995;0.3042713931626313;0.027351982465507067;0.05504426809384103;0.6085427863252626
553380.0;1707111.5208999997;0.34333860313882025;0.028121224042487424;0.05262933499149049;0.6866772062776405
553058.0;1793209.8470000003;0.3008803188331372;0.02868673953971956;0.05528370032793588;0.6017606376662744
551419.0;1744971.9815000002;0.32743556407421437;0.03156524854581729;0.053796552738810864;0.6548711281484287
551275.0;1724645.8301000004;0.3432656057247585;0.0318181498861944;0.05316990836436814;0.686531211449517
551142.0;1677088.3750999994;0.3386649575738252;0.03205173237418158;0.05170373746698106;0.6773299151476504
551115.0;1693632.627;0.33590260581273645;0.03209915137550229;0.05221378790291842;0.6718052116254729
549862.0;1721797.9764;0.32577088848688734;0.03429974428864473;0.05308211055822068;0.6515417769737747
549822.0;1605857.9509999992;0.3423141974802989;0.0343699946609717;0.049507741595798335;0.6846283949605978
549780.0;1689855.6042999998;0.3281716881653885;0.034443757551915026;0.05209734431354824;0.656343376330777
549277.0;1758378.8909999996;0.3215157278840858;0.03532715598392672;0.05420988058683808;0.6430314557681716
548088.0;1659025.4582000007;0.3410971315038431;0.037415348301346;0.05114686740148451;0.6821942630076862
547773.0;1552339.2972;0.37899513785649525;0.037968569983420915;0.04785779012827569;0.7579902757129905
547347.0;1655901.5286000005;0.3358640333596212;0.03871673644870318;0.05105055832302339;0.6717280667192423
546663.0;1559824.0999999994;0.3612665684487568;0.03991801781549442;0.048088542594698476;0.7225331368975136
546640.0;1768265.5913000004;0.31184755031498523;0.03995841177958243;0.05451468226832102;0.6236951006299705
546355.0;1503515.4105999996;0.370997517849587;0.040458945682412116;0.0463525758221223;0.741995035699174
546206.0;1590828.1427999993;0.3477386184396676;0.04072062831933009;0.049044380648999374;0.6954772368793352
545893.0;1469398.1114;0.37311267724009084;0.04127033748278866;0.0453007577384068;0.7462253544801817
545786.0;1429969.3123999992;0.37701797107722446;0.04145825722876331;0.044085188957177335;0.7540359421544489
545552.0;1544207.6463000004;0.3606452546038222;0.04186922190687611;0.04760709568095318;0.7212905092076444
545103.0;1578104.4333000004;0.3585230844103825;0.04265778233624638;0.04865211549150292;0.717046168820765
544514.0;1419819.8409999995;0.3929721904595653;0.043692219068761064;0.043772286183247536;0.7859443809191305
544417.0;1548985.0258999993;0.35830069437369416;0.04386257622165397;0.047754379738421955;0.7166013887473883
543897.0;1482067.9503000004;0.3670506336433023;0.04477583106190463;0.0456913620941227;0.7341012672866046
543513.0;1414326.1409;0.38464679290738335;0.04545023463624357;0.04360291834795038;0.7692935858147667
543397.0;1489428.5627999993;0.36478510336867553;0.045653960715991794;0.04591828584003051;0.7295702067373511
543165.0;1709994.1310999999;0.3117905574062741;0.04606141287548824;0.052718204321940396;0.6235811148125482
542837.0;1518753.6781;0.35582888802273427;0.04663746592856942;0.046822363457627594;0.7116577760454685
542205.0;1316476.5922999992;0.3856979811125467;0.0477474218113356;0.0405862691079988;0.7713959622250934
541282.0;1414178.7561000003;0.37622226708763734;0.04936844915278051;0.04359837455340804;0.7524445341752747
540882.0;1547905.4361;0.3528548296613981;0.05007095287605024;0.04772109656240098;0.7057096593227962
540877.0;1379932.1161;0.38288647835038137;0.050079734172591116;0.04254256896201775;0.7657729567007627
540096.0;1305690.6985000002;0.4056863194297786;0.05145137269227527;0.040253745771923186;0.8113726388595572
539833.0;1300939.3299999994;0.3982744844894565;0.05191326889032512;0.040107263622753034;0.796548968978913
539309.0;1276531.9557999999;0.4175615815812379;0.05283354876780847;0.03935479733258517;0.8351231631624758
538546.0;1272124.6387;0.40522542085120633;0.054173574619945486;0.03921892210403108;0.8104508417024127
537445.0;2386308.0958000007;0.17619630246548043;0.05610721611824543;0.07356860206798459;0.35239260493096086
537006.0;1844732.5578999997;0.2846293372409819;0.056878213954533956;0.056872117943556094;0.5692586744819638
536919.0;1227287.3364999997;0.4002421815668711;0.05703100851434512;0.03783661206235645;0.8004843631337422
534448.0;1209903.4662999997;0.4152065343180382;0.061370725264843905;0.03730067664337337;0.8304130686360764
533752.0;1207048.0477999998;0.4347266057213962;0.06259308174333324;0.03721264561848862;0.8694532114427924
533652.0;1592819.9317000003;0.3355802160086271;0.06276870767415067;0.04910578643530396;0.6711604320172542
532489.0;1196541.1289999993;0.4380371713447528;0.06481123724955742;0.036888722932428786;0.8760743426895056
532191.0;1164318.1336999997;0.43412825156061047;0.06533460252339338;0.03589530522461622;0.8682565031212209
531409.0;1161637.8504999995;0.4202012134747026;0.0667079973023857;0.035812673527344026;0.8404024269494051
531184.0;1089430.0987999998;0.4218362563190434;0.06710315564672492;0.033586547169062446;0.8436725126380868
529995.0;1084676.8423;0.4359724401494396;0.06919134796414421;0.033440006813862284;0.8719448802988792
529504.0;1029387.8774999998;0.4431883379759719;0.0700536712844578;0.03173547760521524;0.8863766759519438
528713.0;1082910.3942999998;0.4423871275509686;0.0714428723972237;0.033385548166961446;0.8847742551019372
527282.0;2263757.558300001;0.20535450627100899;0.07395607946722117;0.06979043455372966;0.41070901254201797
526803.0;1015763.6492999995;0.45810421568276793;0.07479732767583668;0.031315449937918904;0.9162084313655359
526229.0;1143887.8123999997;0.41803167919762985;0.07580542051872875;0.03526544934788087;0.8360633583952597
525565.0;1072094.5040000007;0.43651133616321414;0.0769715766993565;0.03305210005483707;0.8730226723264283
525168.0;1003191.2704999999;0.4542489564637094;0.07766881164470171;0.030927850224950967;0.9084979129274188
525132.0;1004893.0095999998;0.4440609147970406;0.077732036979796;0.030980313931080018;0.8881218295940811
524658.0;1034703.1184999997;0.43449359645425495;0.07856450389187063;0.03189934364192386;0.8689871929085099
524110.0;975855.7365999997;0.4371686280702148;0.07952693399275017;0.030085110337614324;0.8743372561404296
522689.0;939093.8348999998;0.45571681396920816;0.08202257846966589;0.02895176057352069;0.9114336279384163
522680.0;1574551.7029999995;0.34931863032516475;0.08203838480343946;0.04854258671684232;0.6986372606503295
521444.0;926226.8493999996;0.44476063127265575;0.08420912130834293;0.02855507829358789;0.8895212625453115
521212.0;1972526.4063;0.2633187060040395;0.08461657346783938;0.06081193392801476;0.526637412008079
520613.0;1759249.0866999999;0.307633742847171;0.0856685727934358;0.05423670825476883;0.615267485694342
520446.0;1031136.6472;0.43370747446255975;0.08596186809790092;0.03178939123958387;0.8674149489251195
520090.0;912669.6044;0.4631934118461004;0.08658709641161098;0.028137115682515753;0.9263868236922008
519177.0;856307.6455999999;0.46469204122994223;0.08819056115997415;0.026399506642833366;0.9293840824598845
517778.0;895416.0246999998;0.4565789554544521;0.09064756793211004;0.027605197049950403;0.9131579109089042
517632.0;879825.7809999997;0.454089029940911;0.0909039817911035;0.02712455817648436;0.908178059881822
513350.0;815247.8332000002;0.4722290575605855;0.09842428414870599;0.02513365459097206;0.944458115121171
513151.0;1807899.9717999988;0.2979240970905317;0.09877377975103269;0.055736589017222164;0.5958481941810634
511834.0;1855701.0236999998;0.24584598579078754;0.10108677325989827;0.05721026987672715;0.49169197158157507
511680.0;1750095.9106999992;0.31118066038897;0.10135723719335712;0.05395452073506529;0.62236132077794
511349.0;773290.4287999998;0.4809522269139677;0.10193855902436283;0.02384013025790629;0.9619044538279354
511244.0;2007056.0074999994;0.24575982735726887;0.10212296625172114;0.06187646306183448;0.49151965471453773
511025.0;1904449.473;0.2425509700700105;0.10250758704021132;0.05871315849127578;0.485101940140021
510688.0;709786.2000999997;0.481335392265285;0.10309944642706606;0.021882328857874438;0.96267078453057
510211.0;2078384.2004;0.234674303639047;0.10393718211706522;0.06407547309282102;0.469348607278094
509776.0;842019.2086999995;0.4697476947062917;0.10470115491612106;0.025959001776626123;0.9394953894125834
509369.0;987340.196;0.4293079125320632;0.105415952454548;0.03043917007744909;0.8586158250641264
508978.0;2049429.4612000003;0.23040788786510297;0.10610264984404418;0.06318281397225892;0.46081577573020593
508848.0;2478224.15;0.17475810293106772;0.10633096355410683;0.07640232484963239;0.34951620586213544
508337.0;876514.6809999997;0.45774737968495866;0.10722841206058392;0.027022478734715697;0.9154947593699173
507327.0;1805974.2544000002;0.2468934434069218;0.10900223396184;0.05567722017991853;0.4937868868138436
507190.0;2181784.8424;0.2077389994166429;0.10924284148705989;0.06726325957280692;0.4154779988332858
507081.0;1759444.7146000003;0.30389789250528426;0.10943427375165088;0.05424273935827716;0.6077957850105685
506998.0;897303.2498000002;0.43902292041895274;0.10958004327422935;0.02766337919023606;0.8780458408379055
506799.0;840697.0274999997;0.4620242417689446;0.10992953887655604;0.02591823963751435;0.9240484835378892
506624.0;1673539.6286000006;0.3159886613106623;0.11023688425548656;0.05159433151074344;0.6319773226213246
506473.0;618604.7836999998;0.488402131092694;0.11050207941102087;0.019071254566615358;0.976804262185388
506189.0;2010627.5781999999;0.22912910897450542;0.11100085705454239;0.061986572675948634;0.45825821794901084
505922.0;1953124.3101000004;0.23675666747206506;0.11146977828982493;0.06021377768107633;0.4735133349441301
505513.0;2113183.4004;0.22500074108050608;0.11218808834686823;0.06514831381342627;0.45000148216101216
505036.0;1709914.3657000007;0.31391564759010004;0.1130258240368674;0.05271574519732791;0.6278312951802001
504468.0;789856.7939999995;0.4742638999114217;0.11402337932391042;0.024350862435053394;0.9485277998228434
504286.0;1664490.0818000003;0.3351906080771902;0.11434301851799815;0.051315338823840775;0.6703812161543804
504023.0;1629746.9277000006;0.32365779733255656;0.11480491471604799;0.050244225968351486;0.6473155946651131
503566.0;2040636.7701000005;0.2028488151480897;0.11560752521988367;0.06291174000918555;0.4056976302961794
501732.0;741547.3924999995;0.47834804205514597;0.11882850479107539;0.02286150942931567;0.9566960841102919
500828.0;1369171.7427000003;0.38263377884316335;0.12041616320566499;0.042210832406222296;0.7652675576863267
500821.0;1372472.8804999995;0.370701558501204;0.12042845702082221;0.04231260471869409;0.741403117002408
500662.0;2581582.5675000013;0.1522137109319677;0.12070770225082193;0.07958880957087079;0.3044274218639354
500283.0;1467989.6120999996;0.36658859692244605;0.12137332452862;0.04525733445844679;0.7331771938448921
500128.0;1680071.6912999996;0.3070622443420087;0.12164554472138703;0.05179571150953955;0.6141244886840174
499966.0;1578911.2297000003;0.31592160409402786;0.12193005872931127;0.048676988592929314;0.6318432081880557
499002.0;1635213.0166000002;0.3121210412224182;0.12362309270239133;0.0504127425651229;0.6242420824448364
498375.0;949328.6515999998;0.43311165468613;0.12472426728861663;0.029267294497395107;0.86622330937226
498360.0;809371.4236999998;0.46586062090247266;0.12475061117823924;0.024952488029598468;0.9317212418049453
498002.0;2324820.1426;0.19445533089100708;0.12537935201056566;0.07167296136303646;0.38891066178201417
497617.0;1774465.1172999998;0.2971467628583757;0.12605551184421276;0.054705810338542465;0.5942935257167514
497447.0;2349573.1189;0.16372292322415605;0.12635407592660242;0.07243608238107184;0.3274458464483121
497265.0;1554602.7558000006;0.3365989313413862;0.12667371512069014;0.04792757134610498;0.6731978626827724
496619.0;2095690.974000001;0.20270221344608227;0.12780825863377077;0.06460903166486799;0.40540442689216455
496409.0;2649491.2230999987;0.14708565884193764;0.12817707308848736;0.08168239709613673;0.2941713176838753
496327.0;2343396.312500001;0.17328117428388215;0.12832108635175765;0.07224565474396483;0.3465623485677643
496002.0;1775820.3463000003;0.279945589775452;0.12889187062691432;0.05474759132364976;0.559891179550904
495762.0;2248208.060000001;0.18215085683210908;0.12931337286087616;0.06931105183914937;0.36430171366421815
492741.0;1375882.7448;0.3652079279939618;0.13461903223087082;0.04241772901099904;0.7304158559879236
492069.0;1307852.5037999994;0.3796644886569626;0.13579923848596398;0.04032039307289158;0.7593289773139252
491640.0;583817.5238999998;0.4978823144593466;0.13655267372917076;0.01799878195598885;0.9957646289186932
491046.0;1486090.4405000007;0.3542791350062319;0.1375958917582263;0.04581537331520812;0.7085582700124639
490672.0;1331405.1245000002;0.37034183956357664;0.13825273273948352;0.041046507769894124;0.7406836791271533
490544.0;1282003.0832999996;0.4000894148693664;0.13847753393092985;0.03952346926669926;0.8001788297387328
490522.0;1093658.1457000002;0.4188357474122239;0.13851617163570967;0.0337168955932489;0.8376714948244478
490217.0;1264549.7080999995;0.3951385214671353;0.13905183072470284;0.038985391045747;0.7902770429342706
489735.0;508947.3476;0.49547306644789396;0.13989834771124288;0.015690574471519846;0.9909461328957879
489427.0;1051772.1467000002;0.4230894823927704;0.14043927557816058;0.03242557265046772;0.8461789647855408
489228.0;728624.5657999999;0.4762690364698788;0.14078877118048724;0.022463105595058437;0.9525380729397576
488844.0;2235223.6139;0.19949298661223325;0.1414631747548262;0.06891074831175263;0.3989859732244665
487861.0;431783.7699000001;0.49723635127267174;0.14318957765476156;0.0133116626487151;0.9944727025453435
487736.0;1236864.137300001;0.38490867682629226;0.14340911006828336;0.03813185970803125;0.7698173536525845
486972.0;423566.1441;0.49856111927964786;0.14475089217972856;0.013058317641216755;0.9971222385592957
485436.0;451754.614;0.4953848818784829;0.14744850647708432;0.013927353089166001;0.9907697637569658
485395.0;2589624.1717;0.14803622572846278;0.14752051310871947;0.07983672792660162;0.29607245145692557
484921.0;802895.3940000001;0.4736813070456337;0.1483529800207941;0.024752835498218186;0.9473626140912674
484699.0;436001.8327999999;0.49628776177557643;0.1487428695872088;0.01344170327152235;0.9925755235511529
484683.0;569164.8274;0.49491460727939873;0.1487709697361396;0.01754704716116972;0.9898292145587975
484221.0;1783562.8002999998;0.27952490825885057;0.14958236153651613;0.05498628703874127;0.5590498165177011
484171.0;2341369.3352999995;0.17558033240490747;0.14967017450192485;0.07218316412119477;0.35116066480981495
484050.0;2182354.0012000008;0.20123035163582823;0.14988268187821396;0.06728080643414659;0.40246070327165645
483508.0;419186.4941999999;0.4953402545697723;0.15083457442324444;0.012923295377638432;0.9906805091395446
483419.0;1503635.511800001;0.34405347774490636;0.15099088150167195;0.04635627847787171;0.6881069554898127
482609.0;313532.0738;0.49519441292440836;0.15241345154129318;0.009666026115210972;0.9903888258488167
482532.0;408402.6662;0.4930309291940165;0.1525486835080226;0.012590835729071714;0.986061858388033
482320.0;395373.7893;0.4949829598549011;0.15292101048135556;0.01218916242387869;0.9899659197098022
482156.0;359289.2136;0.49448792461272023;0.15320903700789615;0.011076694258038023;0.9889758492254405
481985.0;1448199.0201000003;0.35663656165145524;0.15350935734959395;0.044647201093815314;0.7132731233029105
481724.0;499601.5638999999;0.492329229294725;0.15396774102902747;0.015402448959458394;0.98465845858945
481713.0;421489.01359999995;0.4929584894420771;0.15398705988141737;0.012994280819036615;0.9859169788841542
481333.0;2548740.2503000004;0.14596278171660546;0.1546544384185236;0.07857629850017965;0.2919255634332109
480848.0;567167.0647;0.4915847781654993;0.15550622418298818;0.017485457205806774;0.9831695563309986
480684.0;2244397.6591000003;0.18941248361995924;0.15579425070952876;0.06919357921772842;0.3788249672399185
480490.0;520310.5819;0.49191189551158243;0.15613496501531457;0.016040896906369447;0.9838237910231649
480448.0;2304975.2810999984;0.16413838469788045;0.1562087279062579;0.0710611548987507;0.3282767693957609
480424.0;2291745.028500001;0.17671786160559125;0.15625087812965407;0.07065327328845016;0.3534357232111825
480412.0;377414.88599999994;0.49269385671093474;0.15627195324135218;0.011635499042029337;0.9853877134218695
479736.0;1202249.0588999998;0.4120589964730835;0.15745918453367802;0.03706469535786043;0.824117992946167
479465.0;2551756.4747000006;0.14322797249095903;0.15793513080619329;0.07866928708494031;0.28645594498191806
479377.0;1165632.7932999996;0.4173622160751673;0.15808968162531262;0.03593583547682358;0.8347244321503346
479349.0;320784.8295;0.49421632283801153;0.1581388568859415;0.009889624693671448;0.9884326456760231
479280.0;1196619.475;0.39229645355942366;0.15826003877820552;0.0368911382976986;0.7845929071188473
479272.0;433672.1898;0.4900053872648045;0.1582740888526709;0.013369881624045602;0.980010774529609
479140.0;374185.80629999994;0.4921973603001855;0.15850591508134992;0.011535948242233945;0.984394720600371
479081.0;1147335.3155999994;0.39137075030350965;0.1586095343805322;0.03537173402733834;0.7827415006070193
478829.0;1723736.183;0.29264936274691594;0.15905211172619216;0.05314186443087941;0.5852987254938319
478678.0;342544.4714999999;0.49161108388422353;0.15931730688172646;0.010560462816484392;0.9832221677684471
478547.0;2213028.5446999986;0.18201714573261574;0.15954737685109732;0.06822648620128995;0.3640342914652315
478305.0;1718052.3808000004;0.3036199736202103;0.1599723916036755;0.05296663584953199;0.6072399472404206
478252.0;332857.69049999997;0.48780475752850677;0.16006547334700874;0.010261824540076164;0.9756095150570135
478247.0;1472849.4027;0.3564590990195462;0.1600742546435496;0.04540715920296089;0.7129181980390924
478032.0;1326380.4303;0.36892907466245745;0.16045185039480708;0.04089159913560514;0.7378581493249149
478009.0;249330.20290000003;0.4885397389666519;0.16049224435889511;0.007686716779348049;0.9770794779333039
477752.0;1276034.2259;0.3658618387158677;0.16094360300109592;0.03933945258602253;0.7317236774317354
477715.0;2173686.1812000014;0.16834904792659358;0.16100858459549836;0.06701358218028801;0.33669809585318716
476996.0;2500960.5999;0.16233082963043494;0.1622713350380757;0.07710327743747121;0.3246616592608699
476572.0;241042.3884;0.48961422429486395;0.16301598898474162;0.0074312078917752695;0.9792284485897279
476364.0;1976855.8896999997;0.23372862621687998;0.1633812909208419;0.06094540958523401;0.46745725243375996
476222.0;191122.5101;0.4875529670672372;0.16363067974260265;0.005892204747797873;0.9751059341344744
475508.0;329966.04260000004;0.4855226064255444;0.1648846488886391;0.010172676582169873;0.9710452128510888
475261.0;692433.0150999998;0.47224140673629245;0.16531844493775816;0.0213473394471927;0.9444828134725849
474959.0;133169.6117;0.484613386063813;0.16584883524882682;0.004105547891300634;0.969226772127626
474718.0;1433300.8390999995;0.3646490882745192;0.16627209374209684;0.044187898143180006;0.7292981765490384
474611.0;0.0;0.4750766173947661;0.1664600134880715;0.0;0.9501532347895322
474542.0;1425113.9145999996;0.34027971415620256;0.16658119538033553;0.04393549964033739;0.6805594283124051
473632.0;0.0;0.4749136385966681;0.16817939135077417;0.0;0.9498272771933362
472707.0;2605253.4612000003;0.140097607674292;0.16980393121083542;0.08031857056119462;0.280195215348584
472459.0;1674603.8062999994;0.29192140816724604;0.17023948351926266;0.051627139539965915;0.5838428163344921
471085.0;0.0;0.474913638596668;0.1726525838086942;0.0;0.949827277193336
470929.0;1417789.6769;0.36491586284206506;0.17292656026076939;0.04370969731005533;0.7298317256841301
470494.0;1243040.3821999994;0.36432958106316915;0.1736905330598252;0.0383222700343936;0.7286591621263383
470386.0;1423216.7637;0.3484307571548804;0.17388020906510804;0.04387701149294743;0.6968615143097608
469816.0;0.0;0.47491363859666796;0.1748812768707674;0.0;0.9498272771933359
469686.0;0.0;0.47406455201095066;0.1751095905808301;0.0;0.9481291040219013
469574.0;1560545.0217;0.32385019967267686;0.1753062916233456;0.04811076822506149;0.6477003993453537
467851.0;1106476.1080999996;0.40537043619823127;0.17833232641132998;0.03411206651723297;0.8107408723964625
467803.0;2064266.6986000012;0.1911281813345375;0.17841662685812235;0.06364023806430724;0.382256362669075
466560.0;1521982.5762000002;0.3304052187256589;0.18059965717818305;0.04692190865879214;0.6608104374513178
465958.0;1967630.5018999993;0.2351283329377348;0.181656925281704;0.06066099581436528;0.4702566658754696
465855.0;2304559.081200001;0.16705368437789223;0.18183781999044596;0.07104832367847469;0.33410736875578445
465615.0;1060283.8300999997;0.4214710199048435;0.1822593222244078;0.03268798329647163;0.842942039809687
464783.0;0.0;0.47378208286918905;0.18372052996880883;0.0;0.9475641657383781
464689.0;0.0;0.4729078732917706;0.18388561834377723;0.0;0.9458157465835412
463875.0;2119305.324600002;0.17098717015940026;0.18531521342063112;0.06533704946166591;0.34197434031880053
463107.0;755195.3341;0.4697973514602245;0.18666402056930903;0.023282268168048827;0.939594702920449
462832.0;1628168.373099999;0.29015253977729155;0.18714699187905695;0.05019555997446139;0.5803050795545831
461586.0;849113.6231;0.4552718438842377;0.1893352909770422;0.026177718777510305;0.9105436877684754
461164.0;1089193.8204999997;0.4168249736876428;0.19007643240509176;0.03357926283546755;0.8336499473752856
460903.0;1088362.5095;0.41492732177865693;0.19053481608452524;0.03355363396203693;0.8298546435573139
459106.0;0.0;0.4727887685591451;0.19369081406131453;0.0;0.9455775371182902
458789.0;1564048.5407;0.3179033334042679;0.1942475482620058;0.04821877984166802;0.6358066668085358
458687.0;889431.4236;0.4505712907026191;0.19442668671143956;0.027420694999424563;0.9011425814052382
458501.0;1080146.4710000001;0.4130268307615322;0.19475335094276;0.03330033789014849;0.8260536615230644
457723.0;853691.5144999997;0.44195610970678795;0.19611972068451963;0.026318852720486816;0.8839122194135759
457589.0;1394500.1492;0.36306894476072665;0.196355059431815;0.042991693629504515;0.7261378895214533
457151.0;1118804.6459999995;0.40076352743420307;0.19712430100879536;0.034492148745693535;0.8015270548684061
455224.0;2507749.8949;0.14480852054751686;0.2005086126956473;0.07731258777047317;0.2896170410950337
454148.0;1045194.0422999996;0.4257536236582622;0.20239834771124288;0.032222773210689996;0.8515072473165244
453957.0;1463644.5755999999;0.3385668425570466;0.20273379323910418;0.045123379307474475;0.6771336851140932
453392.0;1598790.6831000003;0.3056995257114392;0.20372607974822265;0.049289861506987526;0.6113990514228784
452134.0;1533847.4086999998;0.3288220457644025;0.20593545395790597;0.04728769509782407;0.657644091528805
451825.0;1007447.2083999997;0.42277444170154216;0.20647813808413185;0.031059058513747462;0.8455488834030843
451743.0;818854.0977000002;0.44402637425938607;0.20662215134740214;0.02524483379638118;0.8880527485187721
450891.0;788618.1264999997;0.45499877359593777;0.20811848427796667;0.024312674978638014;0.9099975471918755
450624.0;959967.2141999996;0.42959419673759935;0.20858740551324922;0.029595275691387722;0.8591883934751987
449680.0;1622736.7196000007;0.30528774954731663;0.2102453143001658;0.05002810500265122;0.6105754990946333
449652.0;984370.3311000001;0.42092626889446877;0.21029448956079466;0.030347610731274004;0.8418525377889375
449405.0;1398407.6979000003;0.33407355641168246;0.21072828560991375;0.04311216126563144;0.6681471128233649
449241.0;1347157.0533999996;0.3518180776024757;0.21101631213645433;0.04153213131158468;0.7036361552049514
448845.0;928943.5866999996;0.4249322372584785;0.21171179082249136;0.02863883385126241;0.849864474516957
448500.0;2025349.2372;0.2209668387821028;0.2123177002838115;0.06244043354775215;0.4419336775642056
447427.0;2009842.6526000004;0.23165619776568938;0.21420216652148255;0.061962373839586735;0.46331239553137876
446243.0;1119386.3258000007;0.3983633080237326;0.21628157754236096;0.03451008162276527;0.7967266160474652
445520.0;854140.7441000001;0.43345600823661673;0.21755135302217102;0.026332702228745102;0.8669120164732335
445243.0;2020465.928700002;0.21586544752890052;0.21803783685053532;0.062289883758961724;0.43173089505780105
444679.0;1204741.1426000004;0.38661076294987085;0.21902836710034562;0.037141524965222585;0.7732215258997417
443689.0;1899406.7360000014;0.2275620208326269;0.22076706381543823;0.05855769360711461;0.4551240416652538
443619.0;1164500.4965000008;0.3851312414788457;0.22089000196701042;0.035900927372187565;0.7702624829576914
442148.0;1997096.7682000003;0.20741881200272427;0.22347345940933486;0.061569425041785426;0.41483762400544855
441319.0;1803076.2436000004;0.2569285051086044;0.22492939837581138;0.055587876057208996;0.5138570102172088
440854.0;1772827.0606000002;0.2857831171719372;0.22574605895411246;0.05465530992673933;0.5715662343438744
440428.0;1676459.502100001;0.2896561488468875;0.22649422541939473;0.05168434964879882;0.579312297693775
439945.0;1445587.5692999996;0.3297325583692697;0.22734249866524292;0.04456669146261408;0.6594651167385394
439878.0;1556321.1012000002;0.3209093829137912;0.2274601680388906;0.04798054701557969;0.6418187658275823
439199.0;813372.4985999997;0.4546794137461956;0.22865266810914098;0.025075839028440725;0.9093588274923912
438570.0;763061.2425000003;0.458813342146243;0.22975735521398263;0.02352476991625198;0.917626684292486
436371.0;1742768.2908000003;0.26274911782034205;0.233619369432658;0.05372861413336651;0.5254982356406841
435425.0;1054943.4582;0.39909784501755946;0.23528079073819091;0.03252334248755948;0.7981956900351189
435177.0;1521588.8097999995;0.3295279384783096;0.23571634304661815;0.0469097690513205;0.6590558769566192
434666.0;1021983.8963000001;0.4038971735113725;0.23661379155309523;0.031507216825485955;0.807794347022745
434607.0;907371.1657000002;0.4223800245787384;0.23671741085227752;0.027973767651727963;0.8447600491574768
434577.0;748793.1192999998;0.4462304733861214;0.23677009863152274;0.023084891310549176;0.8924609467722427
433562.0;1228284.7663999998;0.38360691320970197;0.2385527018293197;0.03786736229261087;0.7672138264194039
432811.0;1503171.3403999999;0.32868413111133976;0.23987165256975862;0.046341968321912334;0.6573682622226795
432126.0;1367472.5731999998;0.34333987385822096;0.24107469019585803;0.042158447919486655;0.6866797477164419
431920.0;1288546.329;0.352610714578819;0.24143647961334194;0.039725194031403205;0.705221429157638
431492.0;1024706.3379;0.4030618570858213;0.24218815859724058;0.03159114824367803;0.8061237141716426
431008.0;1175760.2229000004;0.3816088486322708;0.24303818810239694;0.0362480587138504;0.7632176972645416
430819.0;1546620.1693999998;0.3281458568119177;0.24337012111164188;0.04768147247757724;0.6562917136238354
430399.0;888091.5008999996;0.4329633489710419;0.2441077500210751;0.02737938589935836;0.8659266979420838
427641.0;0.0;0.4630804556724061;0.24895151319301992;0.0;0.9261609113448122
427155.0;1107905.0100000002;0.39721011611052537;0.24980505521679264;0.03415611879843687;0.7944202322210507
426951.0;1738316.5590000013;0.276067576123123;0.2501633321156602;0.05359136962337053;0.552135152246246
426462.0;815935.7241999996;0.44532321041942274;0.25102214291735747;0.025154861902523393;0.8906464208388455
425331.0;0.0;0.4610710896762051;0.25300847219490263;0.0;0.9221421793524102
423721.0;880689.9254999998;0.4226955050499749;0.2558360496810633;0.02715119928915612;0.8453910100999498
423398.0;1323376.3362000003;0.3381730352651243;0.25640332143760364;0.04079898452150454;0.6763460705302486
422925.0;1550653.3870999992;0.3102968243710143;0.2572340320903701;0.047805814421749096;0.6205936487420286
422899.0;1220886.4998;0.3687708774784856;0.2572796948323826;0.03763927769094263;0.7375417549569712
422464.0;0.0;0.45490722087670904;0.25804366763143843;0.0;0.9098144417534181
421899.0;1393674.8688000003;0.3276780627303019;0.25903595414055697;0.0429662506762459;0.6553561254606038
421570.0;1014221.5519000002;0.4179175968839413;0.2596137634529463;0.03126790790000255;0.8358351937678826
421085.0;946516.7052000001;0.4118797104312013;0.26046554921741083;0.029180603694098507;0.8237594208624026
420156.0;1690171.4728000003;0.27446220551390293;0.2620971141147048;0.05210708237043337;0.5489244110278059
419851.0;0.0;0.4545081962654301;0.262632773203698;0.0;0.9090163925308602
416421.0;1258652.5374;0.33178091541336224;0.26865674263073597;0.03880358442768338;0.6635618308267245
414651.0;1493544.4757999997;0.3204028577698844;0.27176532160620454;0.04604517723606458;0.6408057155397688
412657.0;0.0;0.4519142515288264;0.27526730266670413;0.0;0.9038285030576528
412401.0;817829.0971000001;0.4416385120472918;0.2757169050495968;0.02521323357619437;0.8832770240945836
412348.0;829145.0368999998;0.4363791463950577;0.27580998679293;0.02556209794690856;0.8727582927901154
410213.0;1614704.0121000004;0.3039825043870043;0.2795596004158822;0.04978046092742215;0.6079650087740086
409163.0;1343262.8218000005;0.32391291456513055;0.28140367268946526;0.04141207423452697;0.6478258291302611
407544.0;1199389.9201999996;0.32782981936939715;0.2842470565093995;0.03697654964119974;0.6556596387387943
407311.0;0.0;0.44532613727953113;0.2846562649282041;0.0;0.8906522745590623
406508.0;1601592.8465999998;0.300059810604549;0.2860665411526681;0.04937625070871036;0.600119621209098
405022.0;1133612.9639;0.38746830450066566;0.28867634248461516;0.034948681265026975;0.7749366090013313
404416.0;1003717.4065999996;0.4104006527351125;0.28974063562536884;0.030944070719464065;0.820801305470225
404020.0;1008785.8841999997;0.4081247425157332;0.29043611431140587;0.03110032917255367;0.8162494850314664
402745.0;794851.8485000003;0.44014496912267576;0.2926753449293281;0.024504857293246782;0.8802899382453515
402253.0;937069.3537999999;0.42070982224921144;0.2935394245089499;0.02888934690417842;0.8414196444984229
401112.0;1506977.0827000006;0.3167134103592895;0.2955433163795768;0.04645929732118734;0.633426820718579
400609.0;1578559.6689999993;0.3048654188229755;0.2964267148115885;0.04866615016461127;0.609730837645951
400356.0;696215.8049999998;0.4404772481540664;0.2968710484165566;0.021463960836253775;0.8809544963081328
399850.0;1110492.3570999997;0.35735715600414536;0.29775971562649284;0.034235885325461034;0.7147143120082907
399107.0;1085041.6011;0.39454449746159853;0.29906461629246633;0.03345125213254315;0.7890889949231971
398844.0;1083778.8583999998;0.39244895647472483;0.2995265124905162;0.03341232245059048;0.7848979129494497
396832.0;976152.8864;0.4088523364167884;0.30306010621856294;0.03009427130699178;0.8177046728335768
394026.0;1551062.1402000003;0.304533665530331;0.30798816983730015;0.04781841606116479;0.609067331060662
393824.0;1544453.8758000005;0.3160760051096964;0.3083429342175514;0.0476146868047208;0.6321520102193928
391295.0;1529663.7700000007;0.31403106202893405;0.31278451400792423;0.04715871575468805;0.6280621240578681
391225.0;1457581.6828999997;0.31523636760436746;0.31290745215949645;0.04493646356880173;0.6304727352087349
389140.0;928278.0163999997;0.41977520908265853;0.3165692528170399;0.02861831467495188;0.8395504181653171
387486.0;740211.1799999999;0.4345543060668877;0.3194741057127603;0.022820314712730768;0.8691086121337754
385096.0;963458.8447999997;0.40015118299985974;0.32367156545929693;0.029702920794981814;0.8003023659997195
383611.0;791442.0966999999;0.42773098347760563;0.3262796105319358;0.02439973646925665;0.8554619669552113
382306.0;0.0;0.4399632300579403;0.32857152892910335;0.0;0.8799264601158806
382179.0;872942.0537000002;0.4256039944893423;0.32879457386124145;0.02691233654618879;0.8512079889786845
381378.0;1651393.355700001;0.2865099810312399;0.3302013375670891;0.05091157376410685;0.5730199620624798
380786.0;1573561.5942;0.3039895348654976;0.33124104307752833;0.048512062192184596;0.6079790697309952
379556.0;928255.2313999996;0.41681721634933055;0.3334012420265827;0.02861761222559043;0.8336344326986611
379155.0;961224.1928000005;0.40891200568109065;0.33410550200916067;0.029634027669220846;0.8178240113621813
374261.0;0.0;0.43439327958032053;0.34270063506336584;0.0;0.8687865591606411
373496.0;1061578.5157999997;0.38757586925972004;0.3440441734341192;0.032727897764026785;0.7751517385194401
373069.0;908391.5796000003;0.41472026731357875;0.34479409615870965;0.028005226466407372;0.8294405346271575
369635.0;0.0;0.4314510245481006;0.3508250906229803;0.0;0.8629020490962012
367638.0;834746.2302999999;0.4277184794196137;0.35433234046140444;0.02573477974314254;0.8554369588392274
367162.0;0.0;0.42832528330780123;0.3551683198920954;0.0;0.8566505666156025
362600.0;1031320.3492999998;0.39004779849944743;0.36318037485598675;0.03179505467705773;0.7800955969988949
362297.0;839804.8162000001;0.4176832294420843;0.36371252142636357;0.025890733240412585;0.8353664588841686
358601.0;0.0;0.4253929546664485;0.3702036558293759;0.0;0.850785909332897
357528.0;924991.5568999999;0.41089031250183317;0.37208812206704694;0.0285169948866171;0.8217806250036663
355262.0;894681.5694;0.4153551519031082;0.37606780565937;0.02758255418593904;0.8307103038062164
354348.0;1074681.8823999993;0.38399512171738515;0.37767302666704133;0.03313186754682347;0.7679902434347703
354157.0;0.0;0.4196461783410134;0.37800847219490263;0.0;0.8392923566820268
354119.0;918316.7174999998;0.41198474438525795;0.3780752100486133;0.028311213158536557;0.8239694887705159
350564.0;0.0;0.4166932218192943;0.384318711889173;0.0;0.8333864436385886
336248.0;1081206.9603999995;0.37586794932014383;0.40946132014499675;0.03333303221105499;0.7517358986402877
335276.0;0.0;0.4126289769022984;0.41116840419254225;0.0;0.8252579538045968
331679.0;0.0;0.41126390377899363;0.4174856689240453;0.0;0.8225278075579873
329294.0;0.0;0.4055385140665796;0.4216743473740411;0.0;0.8110770281331592
316661.0;996549.1579999996;0.39678573950008206;0.44386117121420743;0.030723077449690578;0.7935714790001641
315609.0;0.0;0.3976573770286313;0.44570875600640686;0.0;0.7953147540572626
290594.0;0.0;0.3861125191461948;0.48964158260038776;0.0;0.7722250382923896
285208.0;0.0;0.3831175721980157;0.49910079523421474;0.0;0.7662351443960314
282194.0;0.0;0.3778463267447201;0.5043941607890522;0.0;0.7556926534894401
277138.0;0.0;0.37008669267222855;0.5132738078511816;0.0;0.7401733853444571
254942.0;0.0;0.3686148455656352;0.5522557394554191;0.0;0.7372296911312703
252707.0;0.0;0.36203502874959836;0.5561809790091887;0.0;0.7240700574991967
251068.0;0.0;0.3525386034380028;0.5590594880152865;0.0;0.7050772068760056
238483.0;0.0;0.32974515267436877;0.5811620114086604;0.0;0.6594903053487375
225246.0;0.0;0.3063925555308186;0.6044096158709641;0.0;0.6127851110616372
197370.0;0.0;0.2987702246063718;0.6533671003456318;0.0;0.5975404492127436
171427.0;0.0;0.2671558830119535;0.6989297355775985;0.0;0.534311766023907
164643.0;0.0;0.25996500627508157;0.7108441987242532;0.0;0.5199300125501631
154189.0;0.0;0.2520317890770327;0.7292041335319077;0.0;0.5040635781540654
132360.0;0.0;0.22531670731525613;0.7675415179700452;0.0;0.45063341463051226
105519.0;0.0;0.22422584352489358;0.8146812740607525;0.0;0.44845168704978716
97016.0;0.0;0.15444383778162005;0.8296147469581588;0.0;0.3088876755632401
62776.0;0.0;0.15208537343383943;0.8897490656700481;0.0;0.30417074686767887
