569392.0;2755481.3435;0.0;-0.0;0.08495001580998573;0.0
569375.0;2731907.8755;0.003418808136292743;2.9856408238963667E-5;0.08422325840187622;0.006837616272585486
569186.0;2719781.6478999997;0.022971216191010727;3.617894174839127E-4;0.0838494132917413;0.045942432382021454
569102.0;2705729.4820999997;0.05832084467793498;5.093151993705566E-4;0.0834161925371568;0.11664168935586997
568617.0;2663265.4725999995;0.08233677871545972;0.0013611009638351084;0.08210704983986007;0.16467355743091944
566321.0;2638352.3729999997;0.10066813108363569;0.005393472335403378;0.08133899230614165;0.20133626216727138
565727.0;2612558.161399999;0.1291015211984787;0.006436690364458932;0.080543770560803;0.2582030423969574
565454.0;2586379.7679999997;0.14123578576143436;0.006916149155590525;0.07973670469608361;0.2824715715228687
563820.0;2445276.0124999997;0.20432224909993624;0.009785876865147385;0.0753865513956995;0.4086444981998725
563552.0;2223735.5548000005;0.22650088867237123;0.010256554359738107;0.0685565775950925;0.45300177734474245
563158.0;2561466.6684;0.15234657074324198;0.010948520527158794;0.0789686471623652;0.30469314148648396
562983.0;2172676.3144000005;0.23941387575136547;0.011255865906089303;0.06698244852705953;0.47882775150273094
561463.0;2294182.1366999997;0.21884852602962407;0.013925380054514288;0.07072840803055572;0.43769705205924814
561422.0;2155457.5981000005;0.23307182711593644;0.013997386686149436;0.06645160471446644;0.4661436542318729
561168.0;2519033.4303999995;0.20430699883592263;0.014443476550425717;0.07766045313395263;0.40861399767184525
560941.0;2420748.5927999998;0.21170394505017248;0.014842147413381291;0.07463038416698346;0.42340789010034496
560862.0;2120861.9798;0.2508374450137668;0.014980891898727063;0.06538504030876871;0.5016748900275336
558115.0;2033801.4255000001;0.273512223955836;0.019805336218281958;0.06270100999164924;0.547024447911672
556981.0;2087711.0145000003;0.2681730584902191;0.02179693427375165;0.06436301378226203;0.5363461169804382
555402.0;1913091.6287000002;0.28851238678241203;0.02457006772135892;0.05897959152849419;0.5770247735648241
554899.0;1869194.7667999994;0.30684500565785977;0.025453466153370612;0.05762627475819183;0.6136900113157195
552750.0;1810055.8072999998;0.3153907215984216;0.029227667406637254;0.05580305227245008;0.6307814431968432
552038.0;1784615.0320999997;0.32356694851134815;0.03047812403405738;0.05501872678225709;0.6471338970226963
550143.0;1719895.7835000001;0.355238316866551;0.03380623542304774;0.05302346696866787;0.710476633733102
549572.0;1966449.9136000006;0.28847184702037476;0.034809059488015284;0.0606245989086172;0.5769436940407495
545964.0;2043367.4127000002;0.26310368322867916;0.04114564307190828;0.06299592425982059;0.5262073664573583
541765.0;1524520.3200000005;0.38881824481726074;0.048520175906932306;0.047000145942611996;0.7776364896345215
540727.0;1619468.5099000006;0.3517960796101215;0.05034317306881726;0.04992734784588793;0.703592159220243
539471.0;1414039.8671000008;0.41516235436430926;0.052549034759884226;0.04359409267983498;0.8303247087286185
537609.0;1379808.4028000003;0.4217125043847633;0.055819189591704836;0.042538754947157635;0.8434250087695266
535170.0;1370119.4317000005;0.42398730592275946;0.060102706044342036;0.042240049151137986;0.8479746118455189
534581.0;1573070.3608000004;0.3783163635769173;0.061137142776856716;0.048496917729241744;0.7566327271538346
533268.0;1502429.4848;0.3869364351685494;0.06344311124848961;0.04631909731061067;0.7738728703370988
531821.0;1460503.1870000004;0.4007665735611297;0.06598441846741787;0.04502653197738284;0.8015331471222594
531510.0;1433232.6043000002;0.40580144822518277;0.06653061511226009;0.044185794500797376;0.8116028964503655
528749.0;1263728.2201;0.44129738235054944;0.07137964706212943;0.0389600650101517;0.8825947647010989
527822.0;1225315.0908000006;0.44679907413440745;0.07300769944080704;0.037775808782453534;0.8935981482688149
527237.0;1329636.5927000004;0.42863118471234324;0.07403511113608902;0.04099198488055399;0.8572623694246865
527008.0;1188949.0710000007;0.4484810965391314;0.07443729451766094;0.03665466384556485;0.8969621930782627
524032.0;1092719.4068000002;0.454891033093289;0.07966392221878776;0.03368795477512848;0.909782066186578
522590.0;1164112.3346000004;0.45321315248974997;0.08219644814117515;0.035888960548452885;0.9064263049794999
519811.0;976053.1118999999;0.463624441095416;0.08707709275859161;0.030091195312529892;0.927248882190832
519690.0;1079514.4876000003;0.46035195194500955;0.08728960013488071;0.03328085417999808;0.9207039038900191
514905.0;1023755.7644999998;0.4618592682771709;0.0956933009244949;0.03156184257425332;0.9237185365543418
510750.0;846183.8498999998;0.4784609262629032;0.10299055834995925;0.026087395436999658;0.9569218525258064
510056.0;800366.0185;0.48037375166275736;0.10420940230983224;0.024674856204610823;0.9607475033255147
506718.0;766921.1970999999;0.4894639991669224;0.11007179588051817;0.02364377025173576;0.9789279983338448
504343.0;714849.1229999997;0.49186944214720485;0.11424291173743222;0.02203841606253445;0.9837388842944097
500392.0;684377.0564999997;0.49370010098018935;0.12118189226402899;0.021098978552988517;0.9874002019603787
490623.0;561164.7599000001;0.49861548879661216;0.13833878944558406;0.017300409359680302;0.9972309775932243
490469.0;535165.9456999999;0.4996476317421767;0.1386092533790429;0.016498879825633254;0.9992952634843534
486218.0;447687.21530000004;0.49765065230246947;0.146075111698092;0.013801957363048825;0.9953013046049389
483490.0;500468.16140000004;0.49643340509657996;0.15086618709079158;0.015429165696807955;0.9928668101931599
481090.0;286842.2465;0.4958482155716368;0.15508120943040998;0.008843193016939702;0.9916964311432735
478262.0;364193.6544000001;0.49255040833075125;0.160047910753927;0.011227895544333049;0.9851008166615025
476689.0;244806.15320000003;0.4942245415657697;0.16281050664568522;0.0075472427471805865;0.9884490831315395
473828.0;191979.60330000002;0.48861772056633584;0.16783516452637198;0.005918628472662636;0.9772354411326717
472668.0;0.0;0.47507661739476603;0.16987242532385421;0.0;0.9501532347895321
470015.0;0.0;0.47394636236054366;0.1745317812684407;0.0;0.9478927247210873
459198.0;0.0;0.4697270671335302;0.19352923820496248;0.0;0.9394541342670604
452351.0;0.0;0.46720552527253656;0.20555434568803216;0.0;0.9344110505450731
444420.0;0.0;0.4668050365030541;0.21948323826116278;0.0;0.9336100730061082
433218.0;0.0;0.4653412006098469;0.23915685503133166;0.0;0.9306824012196938
422586.0;0.0;0.43849373175028655;0.2578294039958412;0.0;0.8769874635005731
418146.0;0.0;0.4307922326570992;0.2656271953241352;0.0;0.8615844653141984
407526.0;0.0;0.41807973050332303;0.28427866917694666;0.0;0.8361594610066461
396992.0;0.0;0.4064948069445575;0.30277910472925507;0.0;0.812989613889115
387697.0;0.0;0.3966778168832753;0.3191035349987355;0.0;0.7933556337665506
385515.0;0.0;0.3848556959470542;0.3229356928091719;0.0;0.7697113918941084
379166.0;0.0;0.37909152027589665;0.33408618315677074;0.0;0.7581830405517933
372523.0;0.0;0.37118100161346884;0.34575301374097284;0.0;0.7423620032269377
355108.0;0.0;0.36443531306687854;0.37633826959282884;0.0;0.7288706261337571
350466.0;0.0;0.3375854266020435;0.3844908253013741;0.0;0.675170853204087
340800.0;0.0;0.3338289468367844;0.4014668277741872;0.0;0.6676578936735688
339549.0;0.0;0.3154678477646198;0.4036639081687133;0.0;0.6309356955292396
331078.0;0.0;0.3112273414027213;0.4185411807682581;0.0;0.6224546828054426
320325.0;0.0;0.30267039817672053;0.4374262371090567;0.0;0.6053407963534411
318082.0;0.0;0.2967236900586755;0.4413655267372917;0.0;0.593447380117351
311510.0;0.0;0.2828190730465713;0.4529076629106134;0.0;0.5656381460931426
305621.0;0.0;0.2737998278605332;0.4632502739764521;0.0;0.5475996557210664
287556.0;0.0;0.2583581552125845;0.4949770983786214;0.0;0.516716310425169
282258.0;0.0;0.2526277182457223;0.504281760193329;0.0;0.5052554364914446
274965.0;0.0;0.24612138910092754;0.5170901593278444;0.0;0.4922427782018551
268841.0;0.0;0.23443274051261215;0.527845491331104;0.0;0.4688654810252243
257953.0;0.0;0.22297233005388423;0.5469676426785062;0.0;0.44594466010776845
255284.0;0.0;0.21414234770568488;0.5516550987720235;0.0;0.42828469541136976
240696.0;0.0;0.20886135287262253;0.5772754095596707;0.0;0.41772270574524506
240365.0;0.0;0.20134875719223802;0.5778567313906764;0.0;0.40269751438447604
232861.0;0.0;0.1960736089558756;0.5910357012392166;0.0;0.3921472179117512
227160.0;0.0;0.19241776542140795;0.6010481355551185;0.0;0.3848355308428159
216402.0;0.0;0.18306533215836554;0.6199419731924579;0.0;0.3661306643167311
209644.0;0.0;0.17904324055142518;0.6318107735971;0.0;0.35808648110285035
201829.0;0.0;0.17567502824182188;0.6455359400904824;0.0;0.35135005648364376
194715.0;0.0;0.17109623837884416;0.6580299688088347;0.0;0.3421924767576883
187957.0;0.0;0.1667232671645558;0.6698987692134768;0.0;0.3334465343291116
181199.0;0.0;0.16357469170329633;0.681767569618119;0.0;0.32714938340659266
174441.0;0.0;0.16063190020275864;0.6936363700227611;0.0;0.3212638004055173
167683.0;0.0;0.15820245825493595;0.7055051704274032;0.0;0.3164049165098719
160925.0;0.0;0.15589751368459773;0.7173739708320455;0.0;0.31179502736919545
154167.0;0.0;0.15400264612016693;0.7292427712366876;0.0;0.30800529224033385
