569392.0;2936245.3025999996;0.0;-0.0;0.0905228719716303;0.0
565346.0;2886856.076399999;0.10073103953955848;0.0071058251608733525;0.0890002285480302;0.20146207907911695
562786.0;2500056.983499998;0.2132854343080992;0.011601848989799646;0.0770754194272374;0.4265708686161984
561588.0;2247271.990999999;0.2132854343080992;0.013705847640992497;0.06928219333261766;0.4265708686161984
561108.0;2373334.694399999;0.2132669869203544;0.014548852108916177;0.07316863904278058;0.4265339738407088
560159.0;2110347.035699999;0.2579446229036338;0.01621554219237362;0.0650608702070029;0.5158892458072676
560051.0;2610430.1887999987;0.21325257364312478;0.016405218197656446;0.08047816630387719;0.42650514728624955
559389.0;2178272.7652;0.24009789338913176;0.017567861859667855;0.06715498411147248;0.4801957867782635
559178.0;1905413.3275999997;0.2939912009195635;0.01793843257369264;0.05874287361299186;0.587982401839127
558850.0;1978257.3522999997;0.2793635758318238;0.01851448562677382;0.06098861592749721;0.5587271516636476
557232.0;1842144.5125;0.3075840933253803;0.021356113187399894;0.05679232988831647;0.6151681866507606
556418.0;2062249.626099999;0.2689477260879341;0.0227857082642538;0.06357805279813977;0.5378954521758682
554430.0;1768796.7928999995;0.3282843592194136;0.026277151768904376;0.05453105892948937;0.6565687184388272
553380.0;1707111.5208999997;0.34333860313882025;0.028121224042487424;0.05262933499149049;0.6866772062776405
549843.0;2758622.796699997;0.19054673816777762;0.03433311321550004;0.08504686513166074;0.38109347633555524
548758.0;1619827.2263999996;0.34691131355301374;0.036238654564869195;0.04993840688369201;0.6938226271060275
547773.0;1552339.2972;0.37899513785649525;0.037968569983420915;0.04785779012827569;0.7579902757129905
546640.0;2707305.933999998;0.20035605342037863;0.03995841177958243;0.08346479370593061;0.40071210684075725
545467.0;1469507.5427;0.39027653057896977;0.042018503948070926;0.045304131446846904;0.7805530611579395
544514.0;1419819.8409999995;0.3929721904595653;0.043692219068761064;0.043772286183247536;0.7859443809191305
541289.0;1331604.5585999996;0.4103736969320695;0.04935615533762329;0.04105265621651234;0.820747393864139
539309.0;1276531.9557999999;0.4175615815812379;0.05283354876780847;0.03935479733258517;0.8351231631624758
531519.0;2427904.2927999985;0.20124107138595343;0.06651480877848652;0.07485099057013163;0.40248214277190686
530267.0;1117981.6139000002;0.45419776340159845;0.0687136454323208;0.034466775106321235;0.9083955268031969
528890.0;1220828.9431;0.4509135594336634;0.07113201449967685;0.03763750324867086;0.9018271188673268
525734.0;1167159.9324000003;0.44558163492441494;0.07667476887627504;0.03598291635835273;0.8911632698488299
525247.0;1051909.4534;0.459841692922414;0.07753006715935594;0.03242980574257823;0.919683385844828
524010.0;1008638.6536;0.4629471691908209;0.07970255992356759;0.031095790131914835;0.9258943383816418
523135.0;2016050.2632999998;0.2721927206121414;0.08123928681822014;0.06215375115678438;0.5443854412242828
518587.0;957435.3997000002;0.46909458519498304;0.08922675415179701;0.029517221204715092;0.9381891703899661
517489.0;1943064.7278999998;0.2684608485234556;0.09115512687217242;0.05990364614309741;0.5369216970469112
514542.0;2338790.231999999;0.20074570164261402;0.09633082305336219;0.07210365174611466;0.40149140328522803
513151.0;1807899.9717999988;0.2979240970905317;0.09877377975103269;0.055736589017222164;0.5958481941810634
512614.0;1874302.8558999996;0.2791282778216723;0.0997168909995223;0.05778375441263676;0.5582565556433446
511680.0;1750095.9106999992;0.31118066038897;0.10135723719335712;0.05395452073506529;0.62236132077794
509829.0;2258143.7005000003;0.21234445377114902;0.10460807317278782;0.06961736232081832;0.42468890754229804
507190.0;2181784.8424;0.2077389994166429;0.10924284148705989;0.06726325957280692;0.4154779988332858
505513.0;2113183.4004;0.22500074108050608;0.11218808834686823;0.06514831381342627;0.45000148216101216
504662.0;889891.5744999998;0.4772440013102748;0.1136826650181246;0.027434881205519613;0.9544880026205496
504659.0;1576398.9497999994;0.35914354322170855;0.11368793379604912;0.048599536347524855;0.7182870864434171
502988.0;824362.0694999998;0.47825021848901483;0.11662264310000843;0.025414641620554866;0.9565004369780297
501583.0;1373013.0297999994;0.386159345335921;0.11909018742799336;0.042329257232667006;0.772318690671842
500128.0;1680071.6912999996;0.3070622443420087;0.12164554472138703;0.05179571150953955;0.6141244886840174
499324.0;758976.1864000001;0.49991227111081354;0.12305757720515918;0.023398829821938402;0.9998245422216271
491480.0;666849.4815999998;0.4990254283305284;0.13683367521847867;0.02055861279497746;0.9980508566610568
484683.0;569164.8274;0.49491460727939873;0.1487709697361396;0.01754704716116972;0.9898292145587975
483521.0;1489624.9144999988;0.3561523094096244;0.15081174305223818;0.045924339257905615;0.7123046188192488
482156.0;359289.2136;0.49448792461272023;0.15320903700789615;0.011076694258038023;0.9889758492254405
481766.0;1442200.260099999;0.3657776300919924;0.15389397813808414;0.04446226253197655;0.7315552601839848
481724.0;499601.5638999999;0.492329229294725;0.15396774102902747;0.015402448959458394;0.98465845858945
481713.0;421489.01359999995;0.4929584894420771;0.15398705988141737;0.012994280819036615;0.9859169788841542
480432.0;2730502.8052999987;0.1668562363305674;0.15623682805518868;0.08417994083923483;0.3337124726611348
480239.0;1305136.2550999997;0.40017218988137326;0.15657578610166634;0.0402366525784937;0.8003443797627465
480011.0;2656342.0767999985;0.15021580049637834;0.1569762132239301;0.08189360525092963;0.3004316009927567
477909.0;291182.1252;0.4903702875836979;0.16066787028971252;0.008976989155697127;0.9807405751673958
477804.0;1247737.945;0.3959931120123846;0.16085227751707085;0.03846709338261543;0.7919862240247691
476996.0;2500960.5999;0.16233082963043494;0.1622713350380757;0.07710327743747121;0.3246616592608699
474028.0;191156.20649999997;0.48638921215144265;0.1674839126647371;0.005893243589784406;0.9727784243028853
473952.0;0.0;0.4759015351417692;0.16761738837215837;0.0;0.9518030702835384
469756.0;1910943.0222000002;0.2472657898043662;0.17498665242925787;0.05891335113946924;0.4945315796087324
468338.0;2376117.647999999;0.1795497750054651;0.1774770281282491;0.07325443601356253;0.3590995500109302
467761.0;2084610.7079999996;0.24205165647689936;0.17849038974906567;0.06426743299133701;0.4841033129537987
467349.0;1180979.4357;0.40354627188425535;0.1792139685840335;0.03640896425252209;0.8070925437685107
464886.0;2014680.4363000002;0.22935253512288883;0.1835396352600669;0.06211152012314613;0.45870507024577767
463438.0;1530802.1690999998;0.35308598915211786;0.18608269873830333;0.047193811989968734;0.7061719783042357
463034.0;1621491.5284000002;0.3345437131279143;0.18679222749880575;0.049989716424054594;0.6690874262558286
462836.0;2167715.9337;0.22357446280131055;0.18713996684182427;0.06682952264357184;0.4471489256026211
462540.0;1087155.5362999996;0.4464697050777674;0.18765981959704386;0.033516423623936066;0.8929394101555348
461188.0;2309416.3970999997;0.19559350178386609;0.19003428218169557;0.07119807212931155;0.39118700356773217
461069.0;1021716.2797999996;0.44998701705420063;0.1902432770393683;0.03149896635194902;0.8999740341084013
460433.0;940738.3905999996;0.45560063889047686;0.19136025795936717;0.029002461346017278;0.9112012777809537
454430.0;2269171.0129999993;0.19759985697888224;0.2019030825863377;0.06995732846627103;0.3951997139577645
445957.0;887616.2409999997;0.4515555042134831;0.21678386770449884;0.027364733890875674;0.9031110084269662
441319.0;1803076.2436000004;0.2569285051086044;0.22492939837581138;0.055587876057208996;0.5138570102172088
439945.0;1445587.5692999996;0.3297325583692697;0.22734249866524292;0.04456669146261408;0.6594651167385394
439199.0;813372.4985999997;0.4546794137461956;0.22865266810914098;0.025075839028440725;0.9093588274923912
436371.0;1742768.2908000003;0.26274911782034205;0.233619369432658;0.05372861413336651;0.5254982356406841
421899.0;1393674.8688000003;0.3276780627303019;0.25903595414055697;0.0429662506762459;0.6553561254606038
420323.0;1176478.7855999998;0.4079238521810217;0.2618038188102397;0.0362702116175053;0.8158477043620433
418941.0;1666443.6311000003;0.31585260133550397;0.26423096917413663;0.051375565703733125;0.6317052026710079
414486.0;0.0;0.46289353494867724;0.27205510439205327;0.0;0.9257870698973545
414110.0;1110082.2532;0.42035783792632353;0.2727154578919268;0.03422324204160397;0.8407156758526471
412968.0;1022053.1812999997;0.43645933313865026;0.2747211060218619;0.0315093528449728;0.8729186662773005
412896.0;1587643.6760999998;0.3128781443836653;0.27484755669205047;0.048946205244128835;0.6257562887673306
411910.0;947343.6715999997;0.43492505379484814;0.27657922836991033;0.02920609862583521;0.8698501075896963
409692.0;1533114.6434;0.3249809935117734;0.280474611515441;0.04726510433560867;0.6499619870235468
397783.0;1324773.2381000002;0.35100698734386254;0.30138990361648915;0.040842050259826415;0.7020139746877251
388308.0;904503.6153999995;0.44346754603027;0.31803046056144096;0.027885362609938943;0.88693509206054
386622.0;831102.1063999997;0.4495912403779729;0.3209915137550229;0.025622433352683823;0.8991824807559458
381275.0;1252954.6038;0.3681181478738854;0.3303822322758311;0.038627920182833356;0.7362362957477708
373882.0;968156.7189;0.4255711197665561;0.3433662573411639;0.029847753740416105;0.8511422395331122
372297.0;1071798.7961;0.4083180646239441;0.3461499283446202;0.03304298353846528;0.8166361292478882
369788.0;1159409.9222999995;0.3974783713509162;0.3505563829488296;0.035743987692740224;0.7949567427018324
358929.0;0.0;0.43793230517851184;0.3696276027762947;0.0;0.8758646103570237
305832.0;0.0;0.4152966876847585;0.4628797032624273;0.0;0.830593375369517
252499.0;0.0;0.37714308484051406;0.556546280945289;0.0;0.7542861696810281
206800.0;0.0;0.33774287095187855;0.6368055750695478;0.0;0.6754857419037571
136682.0;0.0;0.30417762827108585;0.7599509652401157;0.0;0.6083552565421717
87941.0;0.0;0.256136457968716;0.8455528001798409;0.0;0.512272915937432
18662.0;0.0;0.1767602408454179;0.9672246887908506;0.0;0.3535204816908358
