569392.0;2610220.9119999995;0.0;-0.0;0.08047171441208321;0.0
569357.0;2599970.2356000007;0.004208720749954095;6.146907578610167E-5;0.08015569154214178;0.00841744149990819
569074.0;2580486.7340999995;0.05845813072445911;5.58490459999438E-4;0.07955502561335104;0.11691626144891822
568249.0;2576565.3856;0.08233677871545957;0.002007404389243263;0.07943413253677216;0.16467355743091913
568214.0;2532199.1086000004;0.08242388031746366;0.0020688734650293646;0.07806634395004454;0.16484776063492732
568137.0;2590904.5048000007;0.05845813072445888;0.0022041054317587885;0.07987619991117655;0.11691626144891776
567697.0;2500341.3595;0.11608829350195196;0.002976859527355495;0.07708418658719408;0.23217658700390392
567687.0;2573790.4518999998;0.08233677871545957;0.0029944221204372384;0.07934858281521706;0.16467355743091913
567400.0;2516932.5227000006;0.1007310395395582;0.003498468541883272;0.07759568327341583;0.2014620790791164
566903.0;2578270.1163999997;0.06994502473952964;0.004371329418045916;0.07948668847541183;0.13989004947905928
566883.0;2485074.7736000004;0.12954900513324474;0.004406454604209402;0.07661352591056539;0.2590980102664895
565827.0;2435157.384100001;0.20591267070304906;0.006261064433641498;0.07507459949496065;0.4118253414060981
565502.0;2395152.3236999996;0.19013521744054782;0.006831848708798157;0.07384126488303297;0.38027043488109563
565321.0;2348117.6921000006;0.19822566756776944;0.0071497316435777105;0.07239121235139014;0.3964513351355389
565260.0;2428062.7439999995;0.1792031879935707;0.007256863461376346;0.07485587553586617;0.3584063759871414
565234.0;2443316.8168999986;0.1759555747546782;0.007302526203388878;0.07532615044339853;0.3519111495093564
565092.0;2259793.072799999;0.21330375415699343;0.0075519150251496334;0.06966821158651629;0.42660750831398686
564949.0;2329074.928;0.18781954831123265;0.007803060106218563;0.07180413412087447;0.3756390966224653
564846.0;2419570.927000001;0.18476340166055674;0.007983954814960519;0.07459407736034702;0.3695268033211135
564771.0;2202771.630700001;0.2059126707030488;0.008115674263073594;0.06791027102947728;0.4118253414060976
564756.0;2425632.0752000003;0.18154917821969443;0.008142018152696209;0.07478093931701793;0.36309835643938887
564421.0;2494032.5990000004;0.12951307823215202;0.00873036502093461;0.07688969087577126;0.25902615646430405
563904.0;2286575.8870999995;0.1963348523739625;0.009638351083260742;0.07049391142425535;0.392669704747925
563724.0;2477748.9437999995;0.15010153609956373;0.009954477758732122;0.07638767449669195;0.30020307219912745
563556.0;2198677.8881000015;0.234106208307494;0.01024952932250541;0.06778406313501545;0.468212416614988
563278.0;2148399.9337999993;0.2203943247913028;0.010737769410177874;0.06623402069950624;0.4407886495826056
563251.0;2057713.6012000008;0.24012367371109655;0.010785188411498581;0.06343820957696235;0.4802473474221931
562800.0;2286019.8663;0.19842281155603703;0.011577261359485206;0.0704767696004277;0.39684562311207405
562755.0;2415825.3412000006;0.16311466430482702;0.01165629302835305;0.07447860295378707;0.32622932860965403
562637.0;2381584.7441000007;0.1725409756628238;0.011863531626717622;0.07342298366177122;0.3450819513256476
562630.0;2092221.6276000005;0.227212518458611;0.011875825441874842;0.06450207357123924;0.454425036917222
562295.0;2079510.8974000004;0.22919624607205555;0.012464172310113243;0.06411020855861864;0.4583924921441111
561834.0;2243791.7813999997;0.20386737026227675;0.013273807851181612;0.06917490033234408;0.4077347405245535
561385.0;2127046.1298000007;0.22070392856722448;0.014062368280551888;0.0655756943451354;0.44140785713444897
561271.0;2046865.3195000002;0.2521888991552166;0.01426258184168376;0.0631037628553033;0.5043777983104332
561175.0;2001334.5241999999;0.2401236737110966;0.014431182735268496;0.06170007279233109;0.4802473474221932
561084.0;1986156.3975000011;0.279542401667129;0.01459100233231236;0.061232139265518286;0.559084803334258
560815.0;2048332.9933000004;0.23643128581330342;0.015063436086211256;0.06314901045344365;0.47286257162660683
560527.0;1945156.218;0.24625466221907702;0.015569238766965464;0.059968125664064065;0.49250932443815404
559706.0;1934072.178;0.28363970236325103;0.017011127658976593;0.05962641064013198;0.5672794047265021
559517.0;2099551.010600001;0.22719048837557326;0.01734306066822154;0.06472803452836792;0.4543809767511465
559383.0;1920593.9793;0.2545541089393971;0.017578399415516904;0.05921088498420401;0.5091082178787942
559178.0;1905413.3275999997;0.2939912009195635;0.01793843257369264;0.05874287361299186;0.587982401839127
558972.0;1892858.9120000005;0.2538739407730777;0.018300221991176552;0.05835582769587075;0.5077478815461554
558848.0;1824547.9771000003;0.2657317038462725;0.01851799814539017;0.05624983811497997;0.531463407692545
557603.0;1791189.4919000007;0.3076835554876315;0.020704540984067217;0.05522141386096646;0.615367110975263
557221.0;1886407.2107999998;0.26022531537653065;0.02137543203978981;0.05815692519913122;0.5204506307530613
556356.0;1791142.9039000005;0.2892378203104199;0.02289459634136061;0.05521997757784812;0.5784756406208398
556167.0;2173596.6445999998;0.21074262476794262;0.023226529350605558;0.06701082181480643;0.42148524953588523
555826.0;2115496.2223000005;0.2232995402254997;0.023825413774693004;0.06521961687538827;0.4465990804509994
555741.0;1722033.8587000007;0.3203393085612204;0.023974695815887823;0.05308938268334743;0.6406786171224408
555739.0;1753413.0259999996;0.28131133431964206;0.023978208334504172;0.054056785625315164;0.5626226686392841
555136.0;1752238.2386000005;0.2939912009195632;0.025037232697333295;0.05402056755821095;0.5879824018391264
554833.0;1718735.1612;0.29483653235572393;0.025569379267710118;0.05298768560401918;0.5896730647114479
554603.0;1689949.9337999995;0.3091820808580543;0.025973318908590216;0.052100252441572854;0.6183641617161086
553462.0;1835800.329;0.2602116422686685;0.02797721077921713;0.05659674210475271;0.520423284537337
553070.0;1810057.2074000007;0.2810173130166059;0.02866566442802147;0.05580309543678415;0.5620346260332117
552894.0;1662309.203;0.3161375065367759;0.028974766066260153;0.05124810349707047;0.6322750130735518
552271.0;1594579.8704999997;0.3335559730893727;0.03006891561525276;0.049160044407050796;0.6671119461787454
551883.0;1614096.4589;0.3257958635283769;0.030750344226824402;0.04976173038726909;0.6515917270567538
551720.0;1644680.5069999995;0.3217262805170785;0.031036614494056817;0.05070462022963986;0.643452561034157
551347.0;1574813.8967;0.33731730366423635;0.03169169921600584;0.04855067000835611;0.6746346073284727
550514.0;1717200.1293000001;0.30486660343042987;0.033154663219715066;0.052940361391688215;0.6097332068608597
550059.0;1552782.3323;0.34100299529530065;0.03395376120493439;0.047871448663412634;0.6820059905906013
548512.0;1533777.4061999996;0.355815468248393;0.03667069435468008;0.047285536958196026;0.711630936496786
547816.0;1527140.5044;0.3624071479048546;0.03789305083316941;0.047080924826029255;0.7248142958097092
547253.0;1511120.3939;0.355035763564768;0.038881824823671564;0.04658703338907106;0.710071527129536
547241.0;1480239.0354999998;0.3558061805628122;0.038902899935369654;0.04563497762919367;0.7116123611256244
547040.0;1479501.7071999996;0.3637485080357268;0.0392559080563127;0.045612246192129176;0.7274970160714536
545893.0;1469398.1114;0.37311267724009084;0.04127033748278866;0.0453007577384068;0.7462253544801817
545786.0;1429969.3123999992;0.37701797107722446;0.04145825722876331;0.044085188957177335;0.7540359421544489
544658.0;1439270.5753999995;0.371785957357778;0.04343931772838396;0.044371941919873585;0.743571914715556
544514.0;1419819.8409999995;0.3929721904595653;0.043692219068761064;0.043772286183247536;0.7859443809191305
544010.0;1400620.7344999998;0.3748069635489938;0.044577373760080925;0.043180388000173306;0.7496139270979876
543641.0;1392155.9065000005;0.3958591778668103;0.04522543344479726;0.042919421881086696;0.7917183557336206
543472.0;1421795.9652;0.3687086106038283;0.04552224126787872;0.04383320903523074;0.7374172212076566
543310.0;1328489.1772999999;0.3930980361725605;0.04580675527580296;0.04095661067756743;0.786196072345121
542676.0;1435204.8619000004;0.36800230119427313;0.04692022367718549;0.04424659814757096;0.7360046023885463
542590.0;1299524.2788999998;0.39574186414791884;0.04707126197768848;0.04006363835430385;0.7914837282958377
542205.0;1316476.5922999992;0.3856979811125467;0.0477474218113356;0.0405862691079988;0.7713959622250934
541615.0;1990597.3185;0.24090893088696438;0.04878361480315846;0.061369050484333366;0.48181786177392877
541215.0;1625218.5137000007;0.31805387465214796;0.04948611852642819;0.05010461738714966;0.6361077493042959
541129.0;1399154.3190999997;0.37622226708763723;0.049637156826931185;0.043135179197831795;0.7524445341752745
540882.0;1547905.4361;0.3528548296613981;0.05007095287605024;0.04772109656240098;0.7057096593227962
540877.0;1379932.1161;0.38288647835038137;0.050079734172591116;0.04254256896201775;0.7657729567007627
540278.0;1246789.2195;0.4106528143416866;0.05113173349818754;0.03843784468295921;0.8213056286833732
538871.0;1297598.3959;0.4093831391443401;0.05360279034478883;0.04000426441164076;0.8187662782886802
538546.0;1272124.6387;0.40522542085120633;0.054173574619945486;0.03921892210403108;0.8104508417024127
538160.0;1399114.2986000003;0.380002119249799;0.054851490712900776;0.04313394538722528;0.760004238499598
537356.0;1216425.8628999996;0.43003070338035126;0.056263523196672945;0.03750175864147727;0.8600614067607025
536919.0;1227287.3364999997;0.4002421815668711;0.05703100851434512;0.03783661206235645;0.8004843631337422
536308.0;1498118.5341;0.3468233374539646;0.05810408295163964;0.04618619300661858;0.6936466749079292
536229.0;1173977.3699;0.42205280900801695;0.05824282743698542;0.0361930943095752;0.8441056180160339
535140.0;1212830.8102999995;0.421950558708039;0.06015539382358726;0.037390925092947475;0.843901117416078
534867.0;1125829.6756;0.4362274508586394;0.060634852614718855;0.03470872665031024;0.8724549017172788
534478.0;1197569.3885999995;0.4152065343180382;0.06131803748559867;0.03692042362584224;0.8304130686360764
534107.0;1173858.0452999996;0.4196657442087688;0.06196960968893135;0.036189415595988386;0.8393314884175376
533731.0;1111243.0111;0.43251966611020914;0.0626299631888049;0.03425902758672812;0.8650393322204183
533652.0;1592819.9317000003;0.3355802160086271;0.06276870767415067;0.04910578643530396;0.6711604320172542
532436.0;1085977.5886;0.43799683614394974;0.06490431899289066;0.033480108126473396;0.8759936722878995
532254.0;1047437.3902999996;0.43995529959387064;0.06522395818697839;0.03229193442947917;0.8799105991877413
531974.0;1317811.7748000002;0.3827079929234621;0.0657157107932672;0.04062743207023473;0.7654159858469242
531409.0;1161637.8504999995;0.4202012134747026;0.0667079973023857;0.035812673527344026;0.8404024269494051
531184.0;1089430.0987999998;0.4218362563190434;0.06710315564672492;0.033586547169062446;0.8436725126380868
529995.0;1084676.8423;0.4359724401494396;0.06919134796414421;0.033440006813862284;0.8719448802988792
529622.0;1047379.5125999997;0.44491559947787124;0.06984643268609324;0.03229015009094912;0.8898311989557425
529617.0;1047084.4825;0.44594069821940835;0.06985521398263411;0.03228105447078878;0.8918813964388167
529525.0;1080500.2238999996;0.43663533308150476;0.07001678983898614;0.03331124390281981;0.8732706661630095
529504.0;1029387.8774999998;0.4431883379759719;0.0700536712844578;0.03173547760521524;0.8863766759519438
528774.0;963913.5678999999;0.4486854855681156;0.07133574057942507;0.029716939664906412;0.8973709711362312
526229.0;1143887.8123999997;0.41803167919762985;0.07580542051872875;0.03526544934788087;0.8360633583952597
525881.0;1001060.7478999998;0.44153559718292873;0.07641659875797342;0.03086216735288926;0.8830711943658575
525565.0;1072094.5040000007;0.43651133616321414;0.0769715766993565;0.03305210005483707;0.8730226723264283
525518.0;914469.2117999995;0.4634572022736307;0.0770541208868407;0.028192596615980375;0.9269144045472614
524658.0;1034703.1184999997;0.43449359645425495;0.07856450389187063;0.03189934364192386;0.8689871929085099
524574.0;937805.0242000002;0.4615874524225199;0.07871202967375727;0.028912027229072792;0.9231749048450398
524110.0;975855.7365999997;0.4371686280702148;0.07952693399275017;0.030085110337614324;0.8743372561404296
523021.0;874346.2865999999;0.4577640329502508;0.081439500379352;0.026955628295319035;0.9155280659005016
522689.0;939093.8348999998;0.45571681396920816;0.08202257846966589;0.02895176057352069;0.9114336279384163
521444.0;926226.8493999996;0.44476063127265575;0.08420912130834293;0.02855507829358789;0.8895212625453115
521225.0;863587.5692;0.4722413085100217;0.08459374209683311;0.02662394279311772;0.9444826170200434
520446.0;1031136.6472;0.43370747446255975;0.08596186809790092;0.03178939123958387;0.8674149489251195
519418.0;834415.1105999998;0.46474565474643553;0.08776730266670413;0.025724571499919857;0.9294913094928711
519177.0;856307.6455999999;0.46469204122994223;0.08819056115997415;0.026399506642833366;0.9293840824598845
518656.0;802604.6829;0.4759479830509356;0.08910557225953297;0.024743873030517432;0.9518959661018712
518578.0;885449.1369999998;0.4545024009573496;0.08924256048557057;0.02729792323382073;0.9090048019146992
517632.0;879825.7809999997;0.454089029940911;0.0909039817911035;0.02712455817648436;0.908178059881822
517604.0;794129.0824000002;0.48094245990478895;0.09095315705173238;0.02448257480101842;0.9618849198095779
516772.0;764661.0578000001;0.480051875943486;0.09241436479613342;0.023574091366149883;0.960103751886972
514963.0;769399.2869000002;0.4785303494710345;0.0955914378846208;0.02372016843464677;0.957060698942069
514351.0;795379.4526999998;0.4784512722503668;0.09666626858122349;0.02452112304849753;0.9569025445007336
513790.0;785222.2183999997;0.47442815707335806;0.09765153005310928;0.02420798094851338;0.9488563141467161
513350.0;815247.8332000002;0.4722290575605855;0.09842428414870599;0.02513365459097206;0.944458115121171
513255.0;772095.8947999997;0.4773661576740598;0.09859112878298255;0.023803303413687242;0.9547323153481196
512576.0;706347.7011000004;0.48318673420956126;0.09978362885323293;0.02177632177308629;0.9663734684191225
511834.0;1855701.0236999998;0.24584598579078754;0.10108677325989827;0.05721026987672715;0.49169197158157507
511025.0;1904449.473;0.2425509700700105;0.10250758704021132;0.05871315849127578;0.485101940140021
510930.0;821012.7922999997;0.47136129348181327;0.10267443167448788;0.02531138519613262;0.9427225869636265
510688.0;709786.2000999997;0.481335392265285;0.10309944642706606;0.021882328857874438;0.96267078453057
510211.0;2078384.2004;0.234674303639047;0.10393718211706522;0.06407547309282102;0.469348607278094
509369.0;987340.196;0.4293079125320632;0.105415952454548;0.03043917007744909;0.8586158250641264
508978.0;2049429.4612000003;0.23040788786510297;0.10610264984404418;0.06318281397225892;0.46081577573020593
508337.0;876514.6809999997;0.45774737968495866;0.10722841206058392;0.027022478734715697;0.9154947593699173
507327.0;1805974.2544000002;0.2468934434069218;0.10900223396184;0.05567722017991853;0.4937868868138436
507190.0;2181784.8424;0.2077389994166429;0.10924284148705989;0.06726325957280692;0.4154779988332858
506998.0;897303.2498000002;0.43902292041895274;0.10958004327422935;0.02766337919023606;0.8780458408379055
506799.0;840697.0274999997;0.4620242417689446;0.10992953887655604;0.02591823963751435;0.9240484835378892
506624.0;1673539.6286000006;0.3159886613106623;0.11023688425548656;0.05159433151074344;0.6319773226213246
506473.0;618604.7836999998;0.488402131092694;0.11050207941102087;0.019071254566615358;0.976804262185388
506199.0;764827.0028999998;0.4785181653742236;0.11098329446146064;0.02357920736481263;0.9570363307484472
506189.0;2010627.5781999999;0.22912910897450542;0.11100085705454239;0.061986572675948634;0.45825821794901084
505922.0;1953124.3101000004;0.23675666747206506;0.11146977828982493;0.06021377768107633;0.4735133349441301
505513.0;2113183.4004;0.22500074108050608;0.11218808834686823;0.06514831381342627;0.45000148216101216
505395.0;677633.7522;0.4846851961201017;0.11239532694523281;0.020891086088665422;0.9693703922402034
504468.0;789856.7939999995;0.4742638999114217;0.11402337932391042;0.024350862435053394;0.9485277998228434
503566.0;2040636.7701000005;0.2028488151480897;0.11560752521988367;0.06291174000918555;0.4056976302961794
502106.0;589589.7541999999;0.4937405313256909;0.1181716638098182;0.018176736728355784;0.9874810626513818
501732.0;741547.3924999995;0.47834804205514597;0.11882850479107539;0.02286150942931567;0.9566960841102919
500828.0;1369171.7427000003;0.38263377884316335;0.12041616320566499;0.042210832406222296;0.7652675576863267
500821.0;1372472.8804999995;0.370701558501204;0.12042845702082221;0.04231260471869409;0.741403117002408
500283.0;1467989.6120999996;0.36658859692244605;0.12137332452862;0.04525733445844679;0.7331771938448921
500128.0;1680071.6912999996;0.3070622443420087;0.12164554472138703;0.05179571150953955;0.6141244886840174
499966.0;1578911.2297000003;0.31592160409402786;0.12193005872931127;0.048676988592929314;0.6318432081880557
499002.0;1635213.0166000002;0.3121210412224182;0.12362309270239133;0.0504127425651229;0.6242420824448364
498869.0;523721.0930000001;0.4976077168064655;0.1238566751903785;0.016146041139172396;0.995215433612931
498375.0;949328.6515999998;0.43311165468613;0.12472426728861663;0.029267294497395107;0.86622330937226
498360.0;809371.4236999998;0.46586062090247266;0.12475061117823924;0.024952488029598468;0.9317212418049453
498002.0;2324820.1426;0.19445533089100708;0.12537935201056566;0.07167296136303646;0.38891066178201417
497447.0;2349573.1189;0.16372292322415605;0.12635407592660242;0.07243608238107184;0.3274458464483121
497265.0;1554602.7558000006;0.3365989313413862;0.12667371512069014;0.04792757134610498;0.6731978626827724
497034.0;555660.2194000001;0.49755232736076094;0.1270794110208784;0.017130707320650074;0.9951046547215219
496619.0;2095690.974000001;0.20270221344608227;0.12780825863377077;0.06460903166486799;0.40540442689216455
496327.0;2343396.312500001;0.17328117428388215;0.12832108635175765;0.07224565474396483;0.3465623485677643
496100.0;568090.5533;0.49257487558350704;0.12871975721471324;0.017513927865336152;0.9851497511670141
496002.0;1775820.3463000003;0.279945589775452;0.12889187062691432;0.05474759132364976;0.559891179550904
495960.0;493652.1521999999;0.49909847756038417;0.12896563351785764;0.015219031779310423;0.9981969551207683
495784.0;546617.5122999998;0.49642971333916136;0.12927473515609633;0.0168519254980396;0.9928594266783227
495762.0;2248208.060000001;0.18215085683210908;0.12931337286087616;0.06931105183914937;0.36430171366421815
494603.0;463811.36640000006;0.49999708790168806;0.1313488773990502;0.01429905631604981;0.9999941758033761
494017.0;531136.1328999997;0.4967743946005548;0.13237804535364037;0.016374642852706966;0.9935487892011096
493563.0;499364.39689999993;0.4984967701084956;0.1331753870795515;0.015395137227717902;0.9969935402169912
493291.0;474320.55230000004;0.4999737905045726;0.13365308961137495;0.014623048895589873;0.9999475810091452
492925.0;474873.49139999994;0.49897012534925805;0.13429588051816674;0.014640095712255045;0.9979402506985161
492741.0;1375882.7448;0.3652079279939618;0.13461903223087082;0.04241772901099904;0.7304158559879236
492324.0;443147.5093999998;0.4979575617843576;0.13535139236237953;0.013662000658610443;0.9959151235687153
492069.0;1307852.5037999994;0.3796644886569626;0.13579923848596398;0.04032039307289158;0.7593289773139252
491046.0;1486090.4405000007;0.3542791350062319;0.1375958917582263;0.04581537331520812;0.7085582700124639
490672.0;1331405.1245000002;0.37034183956357664;0.13825273273948352;0.041046507769894124;0.7406836791271533
490544.0;1282003.0832999996;0.4000894148693664;0.13847753393092985;0.03952346926669926;0.8001788297387328
490522.0;1093658.1457000002;0.4188357474122239;0.13851617163570967;0.0337168955932489;0.8376714948244478
490217.0;1264549.7080999995;0.3951385214671353;0.13905183072470284;0.038985391045747;0.7902770429342706
489735.0;508947.3476;0.49547306644789396;0.13989834771124288;0.015690574471519846;0.9909461328957879
489427.0;1051772.1467000002;0.4230894823927704;0.14043927557816058;0.03242557265046772;0.8461789647855408
489228.0;728624.5657999999;0.4762690364698788;0.14078877118048724;0.022463105595058437;0.9525380729397576
488889.0;416530.2506;0.49788826190775837;0.14138414308595837;0.012841404808374571;0.9957765238155167
488876.0;448997.05649999995;0.4972689066441097;0.14140697445696462;0.013842339066561732;0.9945378132882194
488844.0;2235223.6139;0.19949298661223325;0.1414631747548262;0.06891074831175263;0.3989859732244665
488644.0;487853.3038000001;0.4963660729161296;0.14181442661646107;0.015040256385159512;0.9927321458322592
488495.0;367557.1404999999;0.49822175005130787;0.14207610925337905;0.011331590021541419;0.9964435001026157
488352.0;381424.07080000004;0.4950310082472797;0.14232725433444798;0.01175910006475031;0.9900620164945594
487736.0;1236864.137300001;0.38490867682629226;0.14340911006828336;0.03813185970803125;0.7698173536525845
486122.0;372025.22639999987;0.49567217305316974;0.14624371259167673;0.011469338719692012;0.9913443461063395
486014.0;514552.6870999999;0.4941125412436798;0.14643338859695956;0.015863384089798916;0.9882250824873596
485443.0;612291.1231999999;0.4906654536439379;0.1474362126619271;0.018876607790813706;0.9813309072878758
485413.0;310296.3292;0.4924600959485494;0.14748890044117233;0.009566269840113885;0.9849201918970988
484921.0;802895.3940000001;0.4736813070456337;0.1483529800207941;0.024752835498218186;0.9473626140912674
484221.0;1783562.8002999998;0.27952490825885057;0.14958236153651613;0.05498628703874127;0.5590498165177011
484171.0;2341369.3352999995;0.17558033240490747;0.14967017450192485;0.07218316412119477;0.35116066480981495
484050.0;2182354.0012000008;0.20123035163582823;0.14988268187821396;0.06728080643414659;0.40246070327165645
483857.0;283609.11159999995;0.49532041068501387;0.1502216399246916;0.008743517197497587;0.9906408213700277
483419.0;1503635.511800001;0.34405347774490636;0.15099088150167195;0.04635627847787171;0.6881069554898127
483133.0;305863.08099999995;0.4947506801304412;0.15149317166380982;0.009429595169618301;0.9895013602608824
482926.0;294785.08650000003;0.49271938308663643;0.1518567173406019;0.009088066525217254;0.9854387661732729
482706.0;366201.5411;0.4921289400592994;0.15224309438840025;0.011289797617200285;0.9842578801185988
482038.0;328347.11790000007;0.49056286540993793;0.15341627560626073;0.0101227659996923;0.9811257308198759
481985.0;1448199.0201000003;0.35663656165145524;0.15350935734959395;0.044647201093815314;0.7132731233029105
481666.0;282616.6227;0.4942539393739728;0.15406960406890158;0.008712919295630055;0.9885078787479455
481513.0;302274.9493;0.48990205674298615;0.15433831174305224;0.009318974988733266;0.9798041134859723
481202.0;226998.71060000002;0.49076476246550754;0.15488450838789444;0.006998248817690236;0.9815295249310151
481017.0;230910.0701;0.48787659882735795;0.1552094163599067;0.0071188339387426225;0.9757531976547159
480684.0;2244397.6591000003;0.18941248361995924;0.15579425070952876;0.06919357921772842;0.3788249672399185
480448.0;2304975.2810999984;0.16413838469788045;0.1562087279062579;0.0710611548987507;0.3282767693957609
480424.0;2291745.028500001;0.17671786160559125;0.15625087812965407;0.07065327328845016;0.3534357232111825
479763.0;219944.7965;0.48724681649063895;0.15741176553235733;0.006780780419389944;0.9744936329812779
479736.0;1202249.0588999998;0.4120589964730835;0.15745918453367802;0.03706469535786043;0.824117992946167
479377.0;1165632.7932999996;0.4173622160751673;0.15808968162531262;0.03593583547682358;0.8347244321503346
479280.0;1196619.475;0.39229645355942366;0.15826003877820552;0.0368911382976986;0.7845929071188473
479229.0;206002.40110000002;0.49092598005636773;0.15834960800292242;0.006350943827517164;0.9818519601127355
479081.0;1147335.3155999994;0.39137075030350965;0.1586095343805322;0.03537173402733834;0.7827415006070193
478829.0;1723736.183;0.29264936274691594;0.15905211172619216;0.05314186443087941;0.5852987254938319
478811.0;160460.71870000003;0.4893746952152161;0.15908372439373927;0.004946918121075885;0.9787493904304322
478547.0;2213028.5446999986;0.18201714573261574;0.15954737685109732;0.06822648620128995;0.3640342914652315
478305.0;1718052.3808000004;0.3036199736202103;0.1599723916036755;0.05296663584953199;0.6072399472404206
478247.0;1472849.4027;0.3564590990195462;0.1600742546435496;0.04540715920296089;0.7129181980390924
478032.0;1326380.4303;0.36892907466245745;0.16045185039480708;0.04089159913560514;0.7378581493249149
477752.0;1276034.2259;0.3658618387158677;0.16094360300109592;0.03933945258602253;0.7317236774317354
477715.0;2173686.1812000014;0.16834904792659358;0.16100858459549836;0.06701358218028801;0.33669809585318716
477686.0;183805.388;0.48805331881365366;0.16105951611543542;0.005666621787657393;0.9761066376273073
477568.0;143509.2092;0.48629157650719623;0.16126675471379998;0.004424312151187879;0.9725831530143925
477133.0;0.0;0.47491363859666796;0.16203072751285583;0.0;0.9498272771933359
476364.0;1976855.8896999997;0.23372862621687998;0.1633812909208419;0.06094540958523401;0.46745725243375996
476270.0;0.0;0.47406455201095066;0.16354637929581026;0.0;0.9481291040219013
475261.0;692433.0150999998;0.47224140673629245;0.16531844493775816;0.0213473394471927;0.9444828134725849
474718.0;1433300.8390999995;0.3646490882745192;0.16627209374209684;0.044187898143180006;0.7292981765490384
474542.0;1425113.9145999996;0.34027971415620256;0.16658119538033553;0.04393549964033739;0.6805594283124051
474124.0;0.0;0.4729078732917706;0.1673153117711524;0.0;0.9458157465835412
472459.0;1674603.8062999994;0.29192140816724604;0.17023948351926266;0.051627139539965915;0.5838428163344921
470929.0;1417789.6769;0.36491586284206506;0.17292656026076939;0.04370969731005533;0.7298317256841301
470539.0;0.0;0.47278876855914503;0.17361150139095738;0.0;0.9455775371182901
470494.0;1243040.3821999994;0.36432958106316915;0.1736905330598252;0.0383222700343936;0.7286591621263383
470386.0;1423216.7637;0.3484307571548804;0.17388020906510804;0.04387701149294743;0.6968615143097608
469768.0;0.0;0.4724643456888351;0.1749655773175598;0.0;0.9449286913776702
469574.0;1560545.0217;0.32385019967267686;0.1753062916233456;0.04811076822506149;0.6477003993453537
469008.0;0.0;0.47131656233942015;0.17630033439177228;0.0;0.9426331246788403
467851.0;1106476.1080999996;0.40537043619823127;0.17833232641132998;0.03411206651723297;0.8107408723964625
467803.0;2064266.6986000012;0.1911281813345375;0.17841662685812235;0.06364023806430724;0.382256362669075
467386.0;0.0;0.4703907525467143;0.17914898698963105;0.0;0.9407815050934286
466560.0;1521982.5762000002;0.3304052187256589;0.18059965717818305;0.04692190865879214;0.6608104374513178
465958.0;1967630.5018999993;0.2351283329377348;0.181656925281704;0.06066099581436528;0.4702566658754696
465855.0;2304559.081200001;0.16705368437789223;0.18183781999044596;0.07104832367847469;0.33410736875578445
465615.0;1060283.8300999997;0.4214710199048435;0.1822593222244078;0.03268798329647163;0.842942039809687
465177.0;0.0;0.4692432654401778;0.18302856380138816;0.0;0.9384865308803556
464010.0;0.0;0.4685253769124128;0.1850781184140276;0.0;0.9370507538248256
463875.0;2119305.324600002;0.17098717015940026;0.18531521342063112;0.06533704946166591;0.34197434031880053
462832.0;1628168.373099999;0.29015253977729155;0.18714699187905695;0.05019555997446139;0.5803050795545831
462809.0;0.0;0.46758684699039377;0.18718738584314498;0.0;0.9351736939807875
461586.0;849113.6231;0.4552718438842377;0.1893352909770422;0.026177718777510305;0.9105436877684754
461164.0;1089193.8204999997;0.4168249736876428;0.19007643240509176;0.03357926283546755;0.8336499473752856
460903.0;1088362.5095;0.41492732177865693;0.19053481608452524;0.03355363396203693;0.8298546435573139
458789.0;1564048.5407;0.3179033334042679;0.1942475482620058;0.04821877984166802;0.6358066668085358
458687.0;889431.4236;0.4505712907026191;0.19442668671143956;0.027420694999424563;0.9011425814052382
458503.0;0.0;0.4617051390950192;0.19474983842414365;0.0;0.9234102781900384
458501.0;1080146.4710000001;0.4130268307615322;0.19475335094276;0.03330033789014849;0.8260536615230644
457723.0;853691.5144999997;0.44195610970678795;0.19611972068451963;0.026318852720486816;0.8839122194135759
457589.0;1394500.1492;0.36306894476072665;0.196355059431815;0.042991693629504515;0.7261378895214533
457151.0;1118804.6459999995;0.40076352743420307;0.19712430100879536;0.034492148745693535;0.8015270548684061
454702.0;0.0;0.4584098993328436;0.2014253800545143;0.0;0.9168197986656872
454148.0;1045194.0422999996;0.4257536236582622;0.20239834771124288;0.032222773210689996;0.8515072473165244
453957.0;1463644.5755999999;0.3385668425570466;0.20273379323910418;0.045123379307474475;0.6771336851140932
453392.0;1598790.6831000003;0.3056995257114392;0.20372607974822265;0.049289861506987526;0.6113990514228784
452134.0;1533847.4086999998;0.3288220457644025;0.20593545395790597;0.04728769509782407;0.657644091528805
451825.0;1007447.2083999997;0.42277444170154216;0.20647813808413185;0.031059058513747462;0.8455488834030843
451743.0;818854.0977000002;0.44402637425938607;0.20662215134740214;0.02524483379638118;0.8880527485187721
451244.0;0.0;0.45710930169392716;0.20749852474218114;0.0;0.9142186033878543
450891.0;788618.1264999997;0.45499877359593777;0.20811848427796667;0.024312674978638014;0.9099975471918755
450624.0;959967.2141999996;0.42959419673759935;0.20858740551324922;0.029595275691387722;0.8591883934751987
449680.0;1622736.7196000007;0.30528774954731663;0.2102453143001658;0.05002810500265122;0.6105754990946333
449652.0;984370.3311000001;0.42092626889446877;0.21029448956079466;0.030347610731274004;0.8418525377889375
449466.0;0.0;0.45655184697045703;0.2106211537921151;0.0;0.9131036939409141
449405.0;1398407.6979000003;0.33407355641168246;0.21072828560991375;0.04311216126563144;0.6681471128233649
449241.0;1347157.0533999996;0.3518180776024757;0.21101631213645433;0.04153213131158468;0.7036361552049514
448845.0;928943.5866999996;0.4249322372584785;0.21171179082249136;0.02863883385126241;0.849864474516957
448500.0;2025349.2372;0.2209668387821028;0.2123177002838115;0.06244043354775215;0.4419336775642056
447427.0;2009842.6526000004;0.23165619776568938;0.21420216652148255;0.061962373839586735;0.46331239553137876
446243.0;1119386.3258000007;0.3983633080237326;0.21628157754236096;0.03451008162276527;0.7967266160474652
445520.0;854140.7441000001;0.43345600823661673;0.21755135302217102;0.026332702228745102;0.8669120164732335
445489.0;0.0;0.45339974046100245;0.21760579706072442;0.0;0.9067994809220049
445395.0;0.0;0.4521640050420204;0.2177708854356928;0.0;0.9043280100840408
445243.0;2020465.928700002;0.21586544752890052;0.21803783685053532;0.062289883758961724;0.43173089505780105
444679.0;1204741.1426000004;0.38661076294987085;0.21902836710034562;0.037141524965222585;0.7732215258997417
443689.0;1899406.7360000014;0.2275620208326269;0.22076706381543823;0.05855769360711461;0.4551240416652538
443619.0;1164500.4965000008;0.3851312414788457;0.22089000196701042;0.035900927372187565;0.7702624829576914
442148.0;1997096.7682000003;0.20741881200272427;0.22347345940933486;0.061569425041785426;0.41483762400544855
441319.0;1803076.2436000004;0.2569285051086044;0.22492939837581138;0.055587876057208996;0.5138570102172088
440428.0;1676459.502100001;0.2896561488468875;0.22649422541939473;0.05168434964879882;0.579312297693775
439945.0;1445587.5692999996;0.3297325583692697;0.22734249866524292;0.04456669146261408;0.6594651167385394
439878.0;1556321.1012000002;0.3209093829137912;0.2274601680388906;0.04798054701557969;0.6418187658275823
439074.0;0.0;0.4478681010141447;0.22887220052266277;0.0;0.8957362020282894
437898.0;0.0;0.4439211578897867;0.2309375614690758;0.0;0.8878423157795734
436880.0;0.0;0.44376476066618753;0.23272543344479726;0.0;0.8875295213323751
436371.0;1742768.2908000003;0.26274911782034205;0.233619369432658;0.05372861413336651;0.5254982356406841
435425.0;1054943.4582;0.39909784501755946;0.23528079073819091;0.03252334248755948;0.7981956900351189
435177.0;1521588.8097999995;0.3295279384783096;0.23571634304661815;0.0469097690513205;0.6590558769566192
434666.0;1021983.8963000001;0.4038971735113725;0.23661379155309523;0.031507216825485955;0.807794347022745
434622.0;0.0;0.443669571486951;0.2366910669626549;0.0;0.887339142973902
434607.0;907371.1657000002;0.4223800245787384;0.23671741085227752;0.027973767651727963;0.8447600491574768
433828.0;0.0;0.44194714200207263;0.23808553685334533;0.0;0.8838942840041453
433562.0;1228284.7663999998;0.38360691320970197;0.2385527018293197;0.03786736229261087;0.7672138264194039
432811.0;1503171.3403999999;0.32868413111133976;0.23987165256975862;0.046341968321912334;0.6573682622226795
432126.0;1367472.5731999998;0.34333987385822096;0.24107469019585803;0.042158447919486655;0.6866797477164419
431920.0;1288546.329;0.352610714578819;0.24143647961334194;0.039725194031403205;0.705221429157638
431492.0;1024706.3379;0.4030618570858213;0.24218815859724058;0.03159114824367803;0.8061237141716426
431008.0;1175760.2229000004;0.3816088486322708;0.24303818810239694;0.0362480587138504;0.7632176972645416
430819.0;1546620.1693999998;0.3281458568119177;0.24337012111164188;0.04768147247757724;0.6562917136238354
430399.0;888091.5008999996;0.4329633489710419;0.2441077500210751;0.02737938589935836;0.8659266979420838
430348.0;0.0;0.4401418259079434;0.244197319245792;0.0;0.8802836518158867
429815.0;0.0;0.4380986226125058;0.24513340545704893;0.0;0.8761972452250116
428553.0;0.0;0.43151021488651514;0.24734980470396492;0.0;0.8630204297730303
427155.0;1107905.0100000002;0.39721011611052537;0.24980505521679264;0.03415611879843687;0.7944202322210507
426951.0;1738316.5590000013;0.276067576123123;0.2501633321156602;0.05359136962337053;0.552135152246246
423721.0;0.0;0.42962074414731666;0.2558360496810633;0.0;0.8592414882946333
423721.0;880689.9254999998;0.4226955050499749;0.2558360496810633;0.02715119928915612;0.8453910100999498
423398.0;1323376.3362000003;0.3381730352651243;0.25640332143760364;0.04079898452150454;0.6763460705302486
422925.0;1550653.3870999992;0.3102968243710143;0.2572340320903701;0.047805814421749096;0.6205936487420286
422899.0;1220886.4998;0.3687708774784856;0.2572796948323826;0.03763927769094263;0.7375417549569712
421899.0;1393674.8688000003;0.3276780627303019;0.25903595414055697;0.0429662506762459;0.6553561254606038
421570.0;1014221.5519000002;0.4179175968839413;0.2596137634529463;0.03126790790000255;0.8358351937678826
421085.0;946516.7052000001;0.4118797104312013;0.26046554921741083;0.029180603694098507;0.8237594208624026
420156.0;1690171.4728000003;0.27446220551390293;0.2620971141147048;0.05210708237043337;0.5489244110278059
419576.0;0.0;0.4266928022868898;0.26311574451344594;0.0;0.8533856045737797
418083.0;0.0;0.42327109078831;0.2657378396605502;0.0;0.84654218157662
416594.0;0.0;0.4220058328848935;0.2683529097704218;0.0;0.844011665769787
416421.0;1258652.5374;0.33178091541336224;0.26865674263073597;0.03880358442768338;0.6635618308267245
414651.0;1493544.4757999997;0.3204028577698844;0.27176532160620454;0.04604517723606458;0.6408057155397688
413860.0;0.0;0.4170487285127642;0.2731545227189704;0.0;0.8340974570255284
410213.0;1614704.0121000004;0.3039825043870043;0.2795596004158822;0.04978046092742215;0.6079650087740086
409163.0;1343262.8218000005;0.32391291456513055;0.28140367268946526;0.04141207423452697;0.6478258291302611
407558.0;0.0;0.41086330992897324;0.28422246887908503;0.0;0.8217266198579465
407544.0;1199389.9201999996;0.32782981936939715;0.2842470565093995;0.03697654964119974;0.6556596387387943
406508.0;1601592.8465999998;0.300059810604549;0.2860665411526681;0.04937625070871036;0.600119621209098
406084.0;0.0;0.40788822543258973;0.286811195099334;0.0;0.8157764508651795
405022.0;1133612.9639;0.38746830450066566;0.28867634248461516;0.034948681265026975;0.7749366090013313
404334.0;0.0;0.40771409819287746;0.28988464888863913;0.0;0.8154281963857549
403053.0;0.0;0.4023997626478068;0.29213441706241045;0.0;0.8047995252956136
401112.0;1506977.0827000006;0.3167134103592895;0.2955433163795768;0.04645929732118734;0.633426820718579
400668.0;0.0;0.393012656113042;0.2963230955124062;0.0;0.786025312226084
400609.0;1578559.6689999993;0.3048654188229755;0.2964267148115885;0.04866615016461127;0.609730837645951
399850.0;1110492.3570999997;0.35735715600414536;0.29775971562649284;0.034235885325461034;0.7147143120082907
398844.0;1083778.8583999998;0.39244895647472483;0.2995265124905162;0.03341232245059048;0.7848979129494497
396083.0;0.0;0.38932972658872383;0.30437554444038556;0.0;0.7786594531774477
394026.0;1551062.1402000003;0.304533665530331;0.30798816983730015;0.04781841606116479;0.609067331060662
393824.0;1544453.8758000005;0.3160760051096964;0.3083429342175514;0.0476146868047208;0.6321520102193928
391295.0;1529663.7700000007;0.31403106202893405;0.31278451400792423;0.04715871575468805;0.6280621240578681
391225.0;1457581.6828999997;0.31523636760436746;0.31290745215949645;0.04493646356880173;0.6304727352087349
389771.0;0.0;0.37292283656500336;0.3154610531935819;0.0;0.7458456731300067
381531.0;0.0;0.3663826518200061;0.3299326298929384;0.0;0.7327653036400122
381378.0;1651393.355700001;0.2865099810312399;0.3302013375670891;0.05091157376410685;0.5730199620624798
380786.0;1573561.5942;0.3039895348654976;0.33124104307752833;0.048512062192184596;0.6079790697309952
380732.0;0.0;0.36151020995719507;0.3313358810801697;0.0;0.7230204199143901
378284.0;0.0;0.35993041142213517;0.33563520386658047;0.0;0.7198608228442703
371997.0;0.0;0.3576690411955904;0.3466768061370725;0.0;0.7153380823911808
370775.0;0.0;0.34480559624877405;0.34882295501166155;0.0;0.6896111924975481
363712.0;0.0;0.337514578589668;0.3612274145052969;0.0;0.675029157179336
362031.0;0.0;0.3301477898964381;0.36417968640233794;0.0;0.6602955797928762
354844.0;0.0;0.3294375656221462;0.37680192205018687;0.0;0.6588751312442924
353863.0;0.0;0.32647167483769285;0.3785248124315059;0.0;0.6529433496753857
350147.0;0.0;0.3242139090781455;0.38505107202068173;0.0;0.648427818156291
346608.0;0.0;0.3184001349489171;0.39126647371231066;0.0;0.6368002698978342
344913.0;0.0;0.31651850717173674;0.39424333323966615;0.0;0.6330370143434735
343660.0;0.0;0.3160631091723846;0.3964439261528086;0.0;0.6321262183447692
339549.0;0.0;0.3154678477646198;0.4036639081687133;0.0;0.6309356955292396
336933.0;0.0;0.3127222385336052;0.40825828251889734;0.0;0.6254444770672104
336839.0;0.0;0.3082627862264025;0.4084233708938657;0.0;0.616525572452805
334610.0;0.0;0.3031592899822869;0.4123380728917863;0.0;0.6063185799645738
330932.0;0.0;0.3011459251590898;0.4187975946272515;0.0;0.6022918503181796
326730.0;0.0;0.2960028750747286;0.42617739624020007;0.0;0.5920057501494572
325178.0;0.0;0.2937158696200832;0.4289031106864866;0.0;0.5874317392401665
320097.0;0.0;0.29131008967949823;0.43782666423132044;0.0;0.5826201793589965
319150.0;0.0;0.288488271119588;0.4394898417961615;0.0;0.576976542239176
318657.0;0.0;0.28501834907025064;0.4403556776350915;0.0;0.5700366981405013
318246.0;0.0;0.28203891135295833;0.4410775002107511;0.0;0.5640778227059167
310020.0;0.0;0.277090751949388;0.45552448927979317;0.0;0.554181503898776
309111.0;0.0;0.271924805033283;0.45712092899092366;0.0;0.543849610066566
304259.0;0.0;0.2700423479104819;0.46564229915418553;0.0;0.5400846958209637
303179.0;0.0;0.2678799988616054;0.4675390592070138;0.0;0.5357599977232108
301049.0;0.0;0.2651248492329811;0.47127989153342514;0.0;0.5302496984659621
297581.0;0.0;0.2623383665868364;0.4773705988141737;0.0;0.5246767331736728
297165.0;0.0;0.25840391970693183;0.47810120268637424;0.0;0.5168078394138637
293553.0;0.0;0.25474381025854365;0.48444481130749995;0.0;0.5094876205170873
286627.0;0.0;0.2536352121335619;0.49660866327591535;0.0;0.5072704242671238
285685.0;0.0;0.2515411700076508;0.49826305954421557;0.0;0.5030823400153016
284649.0;0.0;0.2507836451622465;0.5000825441874842;0.0;0.501567290324493
284032.0;0.0;0.2502441263572139;0.5011661561806278;0.0;0.5004882527144278
283993.0;0.0;0.24920879195493764;0.5012346502936466;0.0;0.4984175839098753
283689.0;0.0;0.24345918675631284;0.5017685531233316;0.0;0.4869183735126257
279414.0;0.0;0.24288499335556438;0.5092765616657768;0.0;0.48576998671112875
277528.0;0.0;0.23425907869836135;0.5125888667209936;0.0;0.4685181573967227
271447.0;0.0;0.2317196471404587;0.5232686795740017;0.0;0.4634392942809174
270134.0;0.0;0.230246272252433;0.5255746480456347;0.0;0.460492544504866
268693.0;0.0;0.2298302218099357;0.5281054177087139;0.0;0.4596604436198714
265672.0;0.0;0.22771005288673968;0.5334110770787085;0.0;0.45542010577347936
265548.0;0.0;0.2208436708082974;0.5336288532329221;0.0;0.4416873416165948
262304.0;0.0;0.21975874909914356;0.5393261584286396;0.0;0.4395174981982871
258593.0;0.0;0.21871959942383812;0.5458436367212747;0.0;0.43743919884767624
257312.0;0.0;0.21657599456621227;0.548093404895046;0.0;0.43315198913242453
255502.0;0.0;0.20656608571773472;0.5512722342428414;0.0;0.41313217143546943
247563.0;0.0;0.20630987698254266;0.5652151768904375;0.0;0.4126197539650853
244411.0;0.0;0.20451616554055196;0.5707509062298031;0.0;0.40903233108110393
241417.0;0.0;0.2020130724947275;0.576009146598477;0.0;0.404026144989455
241321.0;0.0;0.1997174029331603;0.5761777474920617;0.0;0.3994348058663206
240411.0;0.0;0.19416564774207024;0.5777759434625004;0.0;0.38833129548414047
236923.0;0.0;0.19361117847578385;0.5839017759294124;0.0;0.3872223569515677
234782.0;0.0;0.1917886046137484;0.5876619271082136;0.0;0.3835772092274968
231973.0;0.0;0.1909423588544962;0.5925952595048753;0.0;0.3818847177089924
228024.0;0.0;0.18619832885980767;0.5995307275128559;0.0;0.37239665771961533
227551.0;0.0;0.18590440265394031;0.6003614381656223;0.0;0.37180880530788063
226322.0;0.0;0.18003232213833323;0.6025198808553686;0.0;0.36006464427666646
218959.0;0.0;0.17619718844851473;0.6154512181414562;0.0;0.35239437689702946
218592.0;0.0;0.17368923803129566;0.6160957653075562;0.0;0.3473784760625913
211834.0;0.0;0.1698969926637084;0.6279645657121983;0.0;0.3397939853274168
205568.0;0.0;0.1650817880325758;0.6389692865372186;0.0;0.3301635760651516
205076.0;0.0;0.16456908384438493;0.6398333661168404;0.0;0.32913816768876986
198810.0;0.0;0.16010322111477715;0.6508380869418607;0.0;0.3202064422295543
192052.0;0.0;0.15606782008868872;0.662706887346503;0.0;0.31213564017737744
184938.0;0.0;0.15312773259559714;0.6752009160648551;0.0;0.3062554651911943
177688.0;0.0;0.1500893891695026;0.6879337960491191;0.0;0.3001787783390052
171422.0;0.0;0.14783839714663763;0.6989385168741394;0.0;0.29567679429327526
163988.0;0.0;0.14651360533770869;0.7119945485711074;0.0;0.29302721067541737
153487.0;0.0;0.14081366041215576;0.7304370275662461;0.0;0.2816273208243115
146729.0;0.0;0.13905243789863342;0.7423058279708883;0.0;0.27810487579726684
125425.0;0.0;0.13592195390095746;0.7797211762722343;0.0;0.2718439078019149
118667.0;0.0;0.13344055620696615;0.7915899766768764;0.0;0.2668811124139323
111909.0;0.0;0.13116058427374175;0.8034587770815186;0.0;0.2623211685474835
105151.0;0.0;0.12953493170365002;0.8153275774861607;0.0;0.25906986340730004
