569392.0;2705890.6275000013;0.0;-0.0;0.08342116056363615;0.0
568761.0;2673281.7301000007;0.05832084467793521;0.0011081996234580042;0.08241584570051404;0.11664168935587042
566748.0;2652057.4985;0.10304451865758653;0.004643549610812937;0.08176151399392201;0.20608903731517306
566465.0;2652548.0689;0.0823367787154596;0.005140570995026274;0.08177663801692953;0.1646735574309192
565953.0;2642116.3049;0.10066813108363562;0.0060397757608115325;0.08145503231315059;0.20133626216727124
565876.0;2612633.029400001;0.08233677871545957;0.006175007727540956;0.08054607870119336;0.16467355743091913
565528.0;2571430.3382;0.11807019946965941;0.006786185966785624;0.07927582177235924;0.23614039893931882
561450.0;2536377.824200001;0.12951307823215194;0.013948211425520555;0.07819517151664117;0.2590261564643039
558566.0;2497874.7617;0.17191395626089417;0.019013263270295334;0.07700814269649559;0.34382791252178835
555060.0;2099431.9647;0.3243218844560976;0.025170708404754546;0.06472436440695299;0.6486437689121952
552553.0;2471670.4297999996;0.3202055287594581;0.0295736504903476;0.07620027716169664;0.6404110575189162
550292.0;1767405.1327000007;0.3468372212531032;0.033544552786129764;0.05448815478997454;0.6936744425062064
545029.0;1666740.1276000005;0.36449024453776735;0.04278774552505128;0.051384706532221054;0.7289804890755347
544150.0;1907814.7706999998;0.34086913443627415;0.04433149745693652;0.05881690881914305;0.6817382688725483
542933.0;1646840.9951000004;0.36043841325819764;0.04646886503498469;0.05077122692203693;0.7208768265163953
541140.0;1718446.1567000002;0.35452667281697925;0.049617837974541265;0.052978775749883515;0.7090533456339585
540197.0;2409791.8463;0.31631495117355113;0.05127399050214966;0.07429259353356232;0.6326299023471023
538296.0;1588637.6216000004;0.3675341658382705;0.05461263944698907;0.048976848052195196;0.735068331676541
536279.0;1550157.3222000005;0.3796061338804666;0.0581550144715767;0.04779052100624582;0.7592122677609332
535053.0;1338373.0003;0.42619289698044166;0.06030818838339843;0.041261323653430514;0.8523857939608833
534907.0;1513477.1029000005;0.40992108926522564;0.060564602242391886;0.04665968946684921;0.8198421785304513
534744.0;1482094.3404000003;0.3903320134729674;0.0608508725096243;0.04569217568678865;0.7806640269459348
533456.0;1205399.6844999995;0.4383712559425075;0.06311293449855285;0.037161827459720846;0.876742511885015
531032.0;1431953.4629000006;0.4050175793808429;0.06737010706156743;0.044146359255696;0.8100351587616857
530238.0;1144740.4514999995;0.44708210315910124;0.06876457695225785;0.03529173575522529;0.8941642063182025
529674.0;2345845.8917999994;0.2850709226933016;0.06975510720206816;0.07232117396341212;0.5701418453866032
529105.0;1254358.4129;0.42788413515561485;0.07075441874841937;0.03867119886643632;0.8557682703112297
524864.0;1097720.7171999998;0.46513831478621076;0.07820271447438672;0.03384214249937231;0.9302766295724215
523661.0;2325266.537499999;0.3032782735132276;0.08031549442212044;0.07168672347901009;0.6065565470264552
522877.0;1036950.2888000001;0.43780020523195656;0.08169240171972912;0.031968622700177356;0.8756004104639131
520405.0;982670.9908;0.4432343836276065;0.08603387472953607;0.03029522097886574;0.886468767255213
520276.0;2279787.8902999996;0.269951053189561;0.08626043218029056;0.07028464111406495;0.539902106379122
517642.0;930202.5214;0.45349304668314433;0.09088641919802175;0.028677646134612125;0.9069860933662887
516074.0;894403.5835999999;0.47122032085013205;0.0936402337932391;0.027573984032430048;0.9424406417002641
513374.0;2240044.1016999995;0.2756698350168596;0.0983821339253098;0.06905936137196723;0.5513396700337192
511807.0;1939925.3789999997;0.30819574457075954;0.10113419226121899;0.059806861695865646;0.6163914891415191
510714.0;1892304.4255999997;0.3166316893100342;0.10305378368505354;0.05833873317677426;0.6332633786200684
510462.0;2166401.1056;0.2943837245060864;0.10349636103071347;0.0667889871965996;0.5887674490121728
507446.0;2063936.4860999996;0.28057081997563527;0.10879323910416726;0.06363005778957523;0.5611416399512705
506228.0;1974873.9102999999;0.2900553237383067;0.11093236294152359;0.060884306220566994;0.5801106474766135
504448.0;771497.7488999999;0.4903730929934148;0.1140585045100739;0.023784862895560883;0.9807461859868296
502729.0;817622.3695;0.4741329445306972;0.11707751426082558;0.0252068602748727;0.9482658890613944
500515.0;2005697.8308999995;0.285969658488148;0.12096587236912355;0.061834591203795995;0.571939316976296
497666.0;669549.5663;0.49909242701851986;0.12596945513811222;0.020641854961902083;0.9981848540370397
491252.0;717296.7816999999;0.4989206148047847;0.1372341023407424;0.022113876070911198;0.9978412296095694
487888.0;586246.1714000002;0.4974811587248634;0.14314215865344088;0.0180736558592394;0.9949623174497269
485834.0;418484.0534000001;0.49635478195073507;0.14674951527243094;0.012901639503536318;0.9927095639014701
485584.0;626021.7684;0.49450737663225586;0.14718858009947453;0.019299916237293598;0.9890147532645117
482604.0;526529.1131;0.4950514187398258;0.15242223283783404;0.016232610896740322;0.9901028374796516
480736.0;378065.60469999997;0.4923371959380869;0.1557029252255037;0.011655560351456547;0.9846743918761738
478962.0;311330.8433999999;0.4923371959380869;0.15881852923820497;0.009598163359499512;0.9846743918761738
477186.0;476137.60649999994;0.4897270458272036;0.16193764576952258;0.014679067704565557;0.9794540916544072
475083.0;264088.1452;0.4862915765071962;0.1656310590946132;0.008141696245881264;0.9725831530143924
471862.0;119991.4341;0.4841583506118226;0.17128797032624274;0.0036992717253931436;0.9683167012236452
471639.0;0.0;0.47590153514176925;0.1716796161519656;0.0;0.9518030702835385
462930.0;0.0;0.4704368995693549;0.18697487846685587;0.0;0.9408737991387098
450516.0;140844.2609;0.46991979648359183;0.20877708151853205;0.004342153220679484;0.9398395929671837
446178.0;0.0;0.46110812324038214;0.21639573439739232;0.0;0.9222162464807643
436398.0;0.0;0.4559273768304321;0.2335719504313373;0.0;0.9118547536608642
433866.0;0.0;0.45040464734348185;0.23801879899963468;0.0;0.9008092946869637
418784.0;0.0;0.4345783171886407;0.26450670188552;0.0;0.8691566343772814
403496.0;0.0;0.41821118193166884;0.2913563941888892;0.0;0.8364223638633377
397184.0;0.0;0.411520350727867;0.3024419029420856;0.0;0.823040701455734
391634.0;0.0;0.39666342024486656;0.31218914210245313;0.0;0.7933268404897331
384090.0;0.0;0.3886929494109795;0.3254383623233203;0.0;0.777385898821959
375522.0;0.0;0.37722446404824816;0.340485992075758;0.0;0.7544489280964963
363788.0;0.0;0.3626561795561568;0.3610939387978756;0.0;0.7253123591123136
358786.0;0.0;0.35609648869099786;0.36987874785736363;0.0;0.7121929773819957
346551.0;0.0;0.35222452538777216;0.3913665804928766;0.0;0.7044490507755443
334167.0;0.0;0.33322153586556685;0.41311609576530756;0.0;0.6664430717311337
326042.0;0.0;0.31595329544233147;0.42738570264422404;0.0;0.6319065908846629
310641.0;0.0;0.30583331738281694;0.4544338522494169;0.0;0.6116666347656339
303336.0;0.0;0.29534942961663146;0.4672633264956304;0.0;0.5906988592332629
292668.0;0.0;0.27237074931200805;0.48599910079523423;0.0;0.5447414986240161
277711.0;0.0;0.2541117999119234;0.5122674712675978;0.0;0.5082235998238468
275799.0;0.0;0.24261472433292833;0.515625439064827;0.0;0.48522944866585666
270561.0;0.0;0.23970722065417827;0.5248247253210442;0.0;0.47941444130835653
265672.0;0.0;0.22771005288673968;0.5334110770787085;0.0;0.45542010577347936
262378.0;0.0;0.22095284890763955;0.5391961952398348;0.0;0.4419056978152791
257312.0;0.0;0.21657599456621227;0.548093404895046;0.0;0.43315198913242453
247969.0;0.0;0.2105716569483171;0.5645021356113188;0.0;0.4211433138966342
237473.0;0.0;0.20258534636899944;0.5829358333099165;0.0;0.4051706927379989
230715.0;0.0;0.19733679054161551;0.5948046337145587;0.0;0.39467358108323103
220682.0;0.0;0.19285607983937905;0.6124251833534717;0.0;0.3857121596787581
210909.0;0.0;0.1866957518246057;0.6295891055722596;0.0;0.3733915036492114
204151.0;0.0;0.18360976379809546;0.6414579059769017;0.0;0.3672195275961909
199080.0;0.0;0.17932292977036207;0.6503638969286537;0.0;0.35864585954072414
192322.0;0.0;0.1760943885524857;0.6622326973332958;0.0;0.3521887771049714
182931.0;0.0;0.1748227664155807;0.678725728496361;0.0;0.3496455328311614
173158.0;0.0;0.1679094923396035;0.6958896507151487;0.0;0.335818984679207
166400.0;0.0;0.16422224660690493;0.707758451119791;0.0;0.32844449321380986
159642.0;0.0;0.1605183466410073;0.7196272515244331;0.0;0.3210366932820146
152884.0;0.0;0.1572328192375154;0.7314960519290752;0.0;0.3144656384750308
138311.0;0.0;0.1542837678106965;0.7570900188270998;0.0;0.308567535621393
131553.0;0.0;0.14977543550888203;0.7689588192317419;0.0;0.29955087101776406
124795.0;0.0;0.14510801750439392;0.780827619636384;0.0;0.29021603500878784
111279.0;0.0;0.1407102350480436;0.8045652204456684;0.0;0.2814204700960872
104521.0;0.0;0.13740543074171438;0.8164340208503105;0.0;0.27481086148342876
91005.0;0.0;0.1334031789515385;0.8401716216595948;0.0;0.266806357903077
84247.0;0.0;0.13115480545488287;0.8520404220642369;0.0;0.26230961090976573
