569392.0;2803952.5567000005;0.0;-0.0;0.08644435738387535;0.0
569109.0;2782359.0576000004;0.05832084467793502;4.970213842133363E-4;0.08577864135779334;0.11664168935587003
568907.0;2772120.2316000005;0.058320844677935336;8.517857644645516E-4;0.08546298382934465;0.11664168935587067
568624.0;2768125.5080999997;0.0823367787154597;0.001348807148677888;0.08533982864076677;0.1646735574309194
568276.0;2738803.7007000004;0.0823367787154596;0.001959985387922556;0.0844358530039572;0.1646735574309192
567993.0;2734808.9772;0.10066813108363566;0.0024570067721358924;0.08431269781537933;0.20133626216727132
566049.0;2498109.448;0.1981874558492561;0.005871174867226796;0.07701537794958209;0.3963749116985122
565827.0;2435157.384100001;0.20591267070304906;0.006261064433641498;0.07507459949496065;0.4118253414060981
565807.0;2684648.716300001;0.12882250643117515;0.006296189619804985;0.0827662838044336;0.2576450128623503
565598.0;2696736.5097000008;0.11604095563139936;0.006663247815213421;0.08313894400874242;0.23208191126279873
565113.0;2675426.8176;0.14123578576143417;0.007515033579677972;0.08248197760065142;0.28247157152286834
564846.0;2419570.927000001;0.18476340166055674;0.007983954814960519;0.07459407736034702;0.3695268033211135
564649.0;2361364.1499;0.1883255772930447;0.008329937898670862;0.07279959355933797;0.3766511545860894
562597.0;2283830.2091000006;0.21472303406573917;0.011933781999044595;0.07040926364028133;0.42944606813147834
562435.0;2631441.2741000005;0.1626287531039466;0.012218296006968837;0.0811259268240602;0.3252575062078932
561837.0;2225827.6512000007;0.2256671239808298;0.013268539073257089;0.06862107580796381;0.4513342479616596
561040.0;2192525.0144000007;0.2216957688834772;0.014668277741872031;0.06759437333024688;0.4433915377669544
560815.0;2048332.9933000004;0.23643128581330342;0.015063436086211256;0.06314901045344365;0.47286257162660683
559383.0;1920593.9793;0.2545541089393971;0.017578399415516904;0.05921088498420401;0.5091082178787942
558848.0;1824547.9771000003;0.2657317038462725;0.01851799814539017;0.05624983811497997;0.531463407692545
558753.0;1985643.9288;0.24897484976634618;0.01868484277966673;0.06121634012963594;0.49794969953269236
557221.0;1886407.2107999998;0.26022531537653065;0.02137543203978981;0.05815692519913122;0.5204506307530613
555826.0;2115496.2223000005;0.2232995402254997;0.023825413774693004;0.06521961687538827;0.4465990804509994
555739.0;1753413.0259999996;0.28131133431964206;0.023978208334504172;0.054056785625315164;0.5626226686392841
554833.0;1718735.1612;0.29483653235572393;0.025569379267710118;0.05298768560401918;0.5896730647114479
554603.0;1689949.9337999995;0.3091820808580543;0.025973318908590216;0.052100252441572854;0.6183641617161086
553462.0;1835800.329;0.2602116422686685;0.02797721077921713;0.05659674210475271;0.520423284537337
552271.0;1594579.8704999997;0.3335559730893727;0.03006891561525276;0.049160044407050796;0.6671119461787454
551883.0;1614096.4589;0.3257958635283769;0.030750344226824402;0.04976173038726909;0.6515917270567538
551720.0;1644680.5069999995;0.3217262805170785;0.031036614494056817;0.05070462022963986;0.643452561034157
551347.0;1574813.8967;0.33731730366423635;0.03169169921600584;0.04855067000835611;0.6746346073284727
550514.0;1717200.1293000001;0.30486660343042987;0.033154663219715066;0.052940361391688215;0.6097332068608597
550059.0;1552782.3323;0.34100299529530065;0.03395376120493439;0.047871448663412634;0.6820059905906013
547253.0;1511120.3939;0.355035763564768;0.038881824823671564;0.04658703338907106;0.710071527129536
547040.0;1479501.7071999996;0.3637485080357268;0.0392559080563127;0.045612246192129176;0.7274970160714536
544793.0;1436683.0883999998;0.37904622353524386;0.043202222721780426;0.04429217107980725;0.7580924470704877
543310.0;1328489.1772999999;0.3930980361725605;0.04580675527580296;0.04095661067756743;0.786196072345121
542590.0;1299524.2788999998;0.39574186414791884;0.04707126197768848;0.04006363835430385;0.7914837282958377
541129.0;1399154.3190999997;0.37622226708763723;0.049637156826931185;0.043135179197831795;0.7524445341752745
540278.0;1246789.2195;0.4106528143416866;0.05113173349818754;0.03843784468295921;0.8213056286833732
536229.0;1173977.3699;0.42205280900801695;0.05824282743698542;0.0361930943095752;0.8441056180160339
535140.0;1212830.8102999995;0.421950558708039;0.06015539382358726;0.037390925092947475;0.843901117416078
532436.0;1085977.5886;0.43799683614394974;0.06490431899289066;0.033480108126473396;0.8759936722878995
529622.0;1047379.5125999997;0.44491559947787124;0.06984643268609324;0.03229015009094912;0.8898311989557425
524228.0;986052.4121000001;0.4549650721655108;0.07931969539438559;0.030399468388695908;0.9099301443310216
513705.0;944489.2470999995;0.4479740809966409;0.0978008120943041;0.029118098245438723;0.8959481619932818
509268.0;897917.3832999996;0.46025929836567403;0.10559333464467362;0.027682312597518046;0.9205185967313481
508303.0;783168.6831;0.482131086712607;0.10728812487706185;0.024144671553727293;0.964262173425214
506320.0;879814.2788999997;0.4656553900955513;0.11077078708517155;0.02712420357289426;0.9313107801911026
505395.0;677633.7522;0.4846851961201017;0.11239532694523281;0.020891086088665422;0.9693703922402034
502460.0;846522.0257999997;0.46767930810801084;0.11754994801472447;0.026097821219093705;0.9353586162160217
497269.0;617379.1039999999;0.4948426453422036;0.12666669008345743;0.019033467517126316;0.9896852906844072
491668.0;568150.1876000001;0.4990271185691635;0.13650349846854187;0.017515766358904533;0.998054237138327
485816.0;501613.66469999996;0.49804863758352136;0.14678112793997808;0.015464480950774358;0.9960972751670427
483660.0;424107.1293000001;0.4944957870412509;0.15056762300840196;0.013074995925539524;0.9889915740825018
480425.0;362310.6124;0.4933253146415965;0.15624912187034593;0.0111698423667827;0.986650629283193
479335.0;267614.66000000003;0.4951848133468849;0.15816344451625594;0.008250416810700486;0.9903696266937698
476420.0;0.0;0.4749136385966681;0.16328294039958413;0.0;0.9498272771933362
474124.0;0.0;0.4729078732917706;0.1673153117711524;0.0;0.9458157465835412
464935.0;0.0;0.47022247447792476;0.18345357855396632;0.0;0.9404449489558495
454913.0;0.0;0.46234142255799654;0.2010548093404895;0.0;0.9246828451159931
435148.0;0.0;0.4544813101584862;0.2357672745665552;0.0;0.9089626203169724
432502.0;0.0;0.448332462072774;0.2404143366959845;0.0;0.896664924145548
412385.0;0.0;0.43467236503563456;0.27574500519852757;0.0;0.8693447300712691
407782.0;0.0;0.43368806676498595;0.283829066794054;0.0;0.8673761335299719
391516.0;0.0;0.4101379252976674;0.3123963807008177;0.0;0.8202758505953348
388085.0;0.0;0.4018974050890156;0.31842210638716384;0.0;0.8037948101780312
380347.0;0.0;0.3756208752145699;0.33201204091381686;0.0;0.7512417504291398
373450.0;0.0;0.3693258947903781;0.3441249613622952;0.0;0.7386517895807562
364629.0;0.0;0.35480279264432285;0.359616924719701;0.0;0.7096055852886457
360652.0;0.0;0.3513935467639866;0.36660156798831034;0.0;0.7027870935279732
344913.0;0.0;0.31651850717173674;0.39424333323966615;0.0;0.6330370143434735
336839.0;0.0;0.3082627862264025;0.4084233708938657;0.0;0.616525572452805
325660.0;0.0;0.30574819222205335;0.4280565936999466;0.0;0.6114963844441067
319236.0;0.0;0.2920989402425757;0.4393388034956585;0.0;0.5841978804851514
311120.0;0.0;0.2873241063122178;0.45359260404080143;0.0;0.5746482126244356
308225.0;0.0;0.27740215259925766;0.4586769747379661;0.0;0.5548043051985153
296603.0;0.0;0.2720628317218934;0.4790882204175682;0.0;0.5441256634437868
283464.0;0.0;0.24719064674182067;0.5021637114676708;0.0;0.49438129348364135
273079.0;0.0;0.24269516254128418;0.5204024643830613;0.0;0.48539032508256835
267718.0;0.0;0.23489994013561663;0.5298177705341839;0.0;0.46979988027123326
261500.0;0.0;0.23180386043537185;0.5407381909124118;0.0;0.4636077208707437
244530.0;0.0;0.2134115777752477;0.5705419113721303;0.0;0.4268231555504954
243623.0;0.0;0.21329893971342512;0.5721348385646444;0.0;0.42659787942685023
227492.0;0.0;0.2018939947217705;0.6004650574648046;0.0;0.403787989443541
226650.0;0.0;0.194104111963094;0.6019438278022874;0.0;0.388208223926188
213222.0;0.0;0.18794634871334123;0.6255268777924523;0.0;0.37589269742668246
203087.0;0.0;0.183152660572572;0.6433265658807992;0.0;0.366305321145144
193718.0;0.0;0.18068124383110443;0.6597809593390845;0.0;0.36136248766220885
190703.0;0.0;0.17562658471225356;0.6650760811532301;0.0;0.35125316942450713
183945.0;0.0;0.17290616477874296;0.6769448815578722;0.0;0.3458123295574859
177187.0;0.0;0.16954545235558843;0.6888136819625144;0.0;0.33909090471117687
170429.0;0.0;0.16700121073668103;0.7006824823671566;0.0;0.33400242147336207
163671.0;0.0;0.1645657968385176;0.7125512827717987;0.0;0.3291315936770352
150155.0;0.0;0.1599694278765102;0.736288883581083;0.0;0.3199388557530204
136639.0;0.0;0.1562488630854341;0.7600264843903672;0.0;0.3124977261708682
123123.0;0.0;0.15435248478105623;0.7837640851996516;0.0;0.30870496956211246
86682.0;0.0;0.1541388758708283;0.8477639306488325;0.0;0.3082777517416566
73166.0;0.0;0.15105009057100788;0.8715015314581167;0.0;0.30210018114201576
59650.0;0.0;0.148052144456985;0.895239132267401;0.0;0.29610428891397
