569392.0;3091180.2550999983;0.0;-0.0;0.09529943367669932;0.0
567051.0;3023924.2244;0.11821211820139518;0.004111403040436114;0.09322596622798687;0.23642423640279037
564631.0;2435435.2276000003;0.19818625364974674;0.008361550566218;0.07508316526143674;0.39637250729949347
563879.0;2662784.977;0.1731420845647931;0.009682257565965099;0.08209223641754718;0.3462841691295862
562125.0;2525992.9931999994;0.19040887608546825;0.012762736392502881;0.07787501273214596;0.3808177521709365
559148.0;2942208.7748999996;0.14213247975532103;0.01799112035293787;0.09070672263255472;0.28426495951064207
557031.0;2811564.357499999;0.16785659252964238;0.021709121308342936;0.08667902513070211;0.33571318505928477
556776.0;2066129.6381999995;0.2905439697052072;0.02215696743192739;0.06369767149561907;0.5810879394104144
556748.0;2603474.0046999995;0.17709754253416873;0.02220614269255627;0.0802637108691975;0.35419508506833747
556656.0;2377128.5024000006;0.21365482880206374;0.02236771854890831;0.07328560011397071;0.4273096576041275
556091.0;1920527.024099999;0.2952555714772689;0.02336000505802681;0.05920882079120482;0.5905111429545378
555586.0;2309392.6714000013;0.21339228329694332;0.024246916008654845;0.07119734067867237;0.42678456659388664
555132.0;2248673.4901;0.27421681489102784;0.02504425773456599;0.06932540080015635;0.5484336297820557
554993.0;1851021.0150999993;0.29985246637304974;0.025288377778402225;0.05706598771510093;0.5997049327460995
554368.0;1772232.4377999993;0.308727889309168;0.026386039846011185;0.05463697802390129;0.617455778618336
551580.0;2130244.8727999995;0.2905026119690431;0.031282490797201225;0.06567430988069799;0.5810052239380862
551037.0;2488573.0828;0.17860228826341562;0.03223613960153989;0.07672137691182483;0.35720457652683124
549780.0;1689855.6042999998;0.3281716881653885;0.034443757551915026;0.05209734431354824;0.656343376330777
549758.0;1954492.8961999996;0.28568492871706785;0.03448239525669486;0.060255970458431375;0.5713698574341357
547695.0;1641383.7231999994;0.34418898628018557;0.03810555820945851;0.05060298214865892;0.6883779725603711
546206.0;1590828.1427999993;0.3477386184396676;0.04072062831933009;0.049044380648999374;0.6954772368793352
543513.0;1414326.1409;0.38464679290738335;0.04545023463624357;0.04360291834795038;0.7692935858147667
541841.0;1538998.1012999993;0.37003797773033287;0.04838670019951106;0.047446488195383774;0.7400759554606657
541832.0;1355434.0198000004;0.3928298746767436;0.04840250653328463;0.04178730575803754;0.7856597493534871
540096.0;1305690.6985000002;0.4056863194297786;0.05145137269227527;0.040253745771923186;0.8113726388595572
535730.0;1269908.741;0.40231111565248795;0.05911920083176441;0.039150607163306705;0.8046222313049759
530808.0;1190979.0705;0.4225096685544994;0.06776350914659848;0.036717247644227104;0.8450193371089988
530153.0;1484603.1966999997;0.3830759388621847;0.06891385899345266;0.045769522384436476;0.7661518777243694
529212.0;1135171.7978;0.43395307512780834;0.07056649900244472;0.03499673928028536;0.8679061502556167
525565.0;1072094.5040000007;0.43651133616321414;0.0769715766993565;0.03305210005483707;0.8730226723264283
521496.0;1009533.0538000002;0.4455996851812709;0.08411779582431787;0.031123364011632695;0.8911993703625418
511768.0;961009.7751999999;0.462089331103229;0.10120268637423778;0.029627417289312827;0.924178662206458
508647.0;901871.9162;0.4673109693063685;0.10668397167504988;0.027804228731397373;0.934621938612737
505045.0;842380.4879000002;0.4732035566302898;0.11301001770309382;0.02597013982110038;0.9464071132605796
497641.0;2746806.8438000004;0.17132782959616802;0.12601336162081658;0.08468258562454936;0.34265565919233604
497115.0;2155705.0856;0.2463539345236641;0.1269371540169163;0.0664592346217011;0.4927078690473282
497054.0;2359408.6209000004;0.1970352916057076;0.12704428583471492;0.07273930564635366;0.3940705832114152
496874.0;750370.1209;0.4868010585377422;0.12736041251018632;0.023133509426279994;0.9736021170754844
496805.0;2917238.5024999976;0.16305708961453977;0.12748159440245033;0.08993690249199611;0.32611417922907954
495035.0;2611526.4140999992;0.1728709385221911;0.1305901733779189;0.08051196234346426;0.3457418770443822
493016.0;2693040.9672000012;0.17201035769838624;0.13413606092112287;0.08302501241035146;0.3440207153967725
490544.0;1282003.0832999996;0.4000894148693664;0.13847753393092985;0.03952346926669926;0.8001788297387328
488272.0;1694268.2319000005;0.3230464601055767;0.14246775507910192;0.052233383261976574;0.6460929202111534
486952.0;1618974.8251000002;0.32697798342148526;0.14478601736589203;0.049912127807594395;0.6539559668429705
486700.0;684112.9301;0.49943663611016836;0.14522859471155197;0.021090835677367623;0.9988732722203367
482364.0;598484.4848000001;0.4992914203158073;0.15284373507179588;0.01845095651462943;0.9985828406316146
481333.0;2548740.2503000004;0.14596278171660546;0.1546544384185236;0.07857629850017965;0.2919255634332109
480388.0;527160.2126999999;0.49686045406221446;0.15631410346474836;0.01625206735980952;0.9937209081244289
479852.0;2046427.0393000008;0.24316365390580738;0.1572554584539298;0.0630902509111898;0.48632730781161476
479632.0;1973206.2453000008;0.24916668018430793;0.15764183550172817;0.060832893000713456;0.49833336036861586
478780.0;2393312.631000001;0.1906058663101833;0.1591381684322927;0.0737845481412125;0.3812117326203666
478210.0;2088235.6275000009;0.243134439280244;0.16013923623795207;0.06437918732041692;0.486268878560488
477416.0;1554266.4532000006;0.3647796739647147;0.16153370612864248;0.04791720331684783;0.7295593479294294
477083.0;1884929.4315000013;0.26610274331893863;0.16211854047826454;0.05811136605383173;0.5322054866378773
477047.0;464791.7376;0.4978022849711613;0.1621817658133588;0.014329280635708555;0.9956045699423226
476890.0;2009428.2807000007;0.2491356144449038;0.16245749852474217;0.061949598975572784;0.4982712288898076
476865.0;404764.2891999999;0.4960318907010506;0.16250140500744653;0.012478666512465767;0.9920637814021012
473743.0;807047.2159;0.47263241651947696;0.1679844465675668;0.024880833946430227;0.9452648330389539
471809.0;331373.17910000007;0.4913378494711848;0.17138105206957596;0.010216057847734886;0.9826756989423696
471318.0;2439279.5774000003;0.18344418057589235;0.17224337538988957;0.07520168450928413;0.3668883611517847
470882.0;2480842.9531000005;0.18343147586344247;0.17300910444825357;0.07648306114830959;0.36686295172688493
469509.0;1048892.9553999999;0.43598668498573934;0.17542044847837693;0.03233680872287592;0.8719733699714787
469437.0;261997.6129;0.49255040833075125;0.1755468991485655;0.008077246253376249;0.9851008166615025
468300.0;209665.67920000007;0.4900272166160976;0.1775437659819597;0.006463880731715578;0.9800544332321952
467569.0;0.0;0.47507661739476614;0.17882759153623515;0.0;0.9501532347895323
466404.0;1113153.6713;0.41940259115096334;0.18087363363025824;0.03431793221861046;0.8388051823019267
466131.0;1256096.6387;0.413067808099936;0.18135309242138983;0.03872478743800827;0.826135616199872
463960.0;1467238.8341000006;0.3448458082074718;0.18516593137943632;0.04523418837432607;0.6896916164149436
459009.0;1392395.6389000001;0.3800033451752413;0.19386117121420743;0.04292681270273685;0.7600066903504826
454503.0;948902.2069999997;0.44057345627197436;0.201774875656841;0.029254147438498284;0.8811469125439487
449063.0;1769037.1554000003;0.2965194637882667;0.21132892629330935;0.054538469176785495;0.5930389275765334
442947.0;1811215.3286000006;0.2921504984230638;0.22207020822210358;0.05583879969385776;0.5843009968461276
442672.0;1340649.883;0.3704371438448306;0.22255317953185152;0.04133151872908172;0.7408742876896612
442040.0;902508.0370999997;0.4443902506449094;0.2236631354146177;0.027823839998459485;0.8887805012898188
441057.0;849409.5126999998;0.4443902506449094;0.22538953831455308;0.026186840895595878;0.8887805012898188
440903.0;1297337.2796000002;0.37810489044177403;0.22566000224801191;0.03999621433579266;0.7562097808835481
436635.0;1180674.3735;0.39996539183249114;0.23315571697529996;0.03639955934808528;0.7999307836649823
433562.0;1228284.7663999998;0.38360691320970197;0.2385527018293197;0.03786736229261087;0.7672138264194039
432068.0;1633158.7624000004;0.3122761390715836;0.24117655323573214;0.05034941100703438;0.6245522781431672
428202.0;993652.7377999999;0.43000171998318254;0.24796625172113412;0.030633782364328174;0.8600034399663651
427641.0;0.0;0.4630804556724061;0.24895151319301992;0.0;0.9261609113448122
423073.0;1130044.0331;0.4048742857671868;0.2569741057127603;0.03483865303761765;0.8097485715343736
417919.0;1598270.1377000005;0.3143106364601977;0.2660258661870908;0.04927381337076476;0.6286212729203954
415509.0;1066960.9070000001;0.40979774409334696;0.2702584511197909;0.03289383400548026;0.8195954881866939
406645.0;1431865.8636000003;0.3601817222188592;0.28582593362744824;0.04414365861613714;0.7203634444377184
387440.0;1374203.9762000002;0.35092973210405815;0.3195548936409363;0.042365973473097215;0.7018594642081163
381737.0;958753.6440999999;0.4256818991242467;0.32957084047545454;0.029557861974388807;0.8513637982484934
380456.0;1192883.6947999997;0.38068535080582716;0.33182060864922586;0.03677596619254126;0.7613707016116543
372361.0;1142353.6258999999;0.39074915411569033;0.34603752774889707;0.03521815119877966;0.7814983082313807
368694.0;0.0;0.43747535629234624;0.35247773063197235;0.0;0.8749507125846925
367869.0;903688.4368999997;0.4257301550196739;0.3539266445612162;0.027860231092853443;0.8514603100393477
367638.0;834746.2302999999;0.4277184794196137;0.35433234046140444;0.02573477974314254;0.8554369588392274
359031.0;1098259.1942999999;0.40194036619833257;0.36944846432686096;0.033858743460313756;0.8038807323966651
349682.0;764565.8380999999;0.43262769194860345;0.38586773259898277;0.02357115579373546;0.8652553838972069
314916.0;0.0;0.40017157025806116;0.44692584370697164;0.0;0.8003431405161223
257577.0;0.0;0.38118959624512133;0.5476279961783798;0.0;0.7623791924902427
209278.0;0.0;0.34621926672968145;0.6324535645038919;0.0;0.6924385334593629
167698.0;0.0;0.2888356793931777;0.7054788265377806;0.0;0.5776713587863554
92241.0;0.0;0.21183301551404388;0.8380008851546913;0.0;0.42366603102808775
15469.0;0.0;0.1725491421128262;0.9728324247618513;0.0;0.3450982842256524
