569392.0;2681103.496800001;0.0;-0.0;0.08265698658371923;0.0
569102.0;2668129.5307000005;0.05832084467793498;5.093151993705566E-4;0.08225700614911635;0.11664168935586997
568249.0;2659351.1533000004;0.08233677871545957;0.002007404389243263;0.08198637346975703;0.16467355743091913
568161.0;2640458.088700001;0.08132085631203552;0.002161955208362604;0.08140391039474655;0.16264171262407104
567959.0;2607206.4542000005;0.10066813108363566;0.0025167195886138197;0.08037878029065557;0.20133626216727132
567871.0;2612739.061800001;0.099841813479374;0.002671270407733161;0.08054934762336467;0.199683626958748
567018.0;2579535.012200001;0.1153273473540436;0.004169359597605868;0.07952568453628577;0.2306546947080872
566728.0;2551815.985300001;0.12887633474743576;0.004678674796976424;0.07867112176490389;0.2577526694948715
564496.0;2332840.753999999;0.21330375415699343;0.008598645572821535;0.07192023252197315;0.42660750831398686
564432.0;2527872.3425000017;0.14104795478662163;0.008711046168544694;0.07793295206573074;0.28209590957324326
563848.0;2276662.447799999;0.2203943247913028;0.009736701604518503;0.07018828539370611;0.4407886495826056
563434.0;2455616.9655999993;0.20589089496079246;0.010463792958102678;0.07570535744800957;0.41178178992158493
563278.0;2148399.9337999993;0.2203943247913028;0.010737769410177874;0.06623402069950624;0.4407886495826056
562786.0;2399438.6593999993;0.2132772081596755;0.011601848989799646;0.07397341031974254;0.426554416319351
562630.0;2092221.6276000005;0.227212518458611;0.011875825441874842;0.06450207357123924;0.454425036917222
562533.0;2401234.260199999;0.20587683366691556;0.012046182594767751;0.07402876773187245;0.4117536673338311
562295.0;2079510.8974000004;0.22919624607205555;0.012464172310113243;0.06411020855861864;0.4583924921441111
562221.0;2219342.2282999987;0.22037916361886953;0.012594135498918144;0.06842113368925223;0.44075832723773906
561175.0;2001334.5241999999;0.2401236737110966;0.014431182735268496;0.06170007279233109;0.4802473474221932
560527.0;1945156.218;0.24625466221907702;0.015569238766965464;0.059968125664064065;0.49250932443815404
558972.0;1892858.9120000005;0.2538739407730777;0.018300221991176552;0.05835582769587075;0.5077478815461554
557683.0;1855593.4208000002;0.2704591581003485;0.02056404023941327;0.05720695253688098;0.540918316200697
556356.0;1791142.9039000005;0.2892378203104199;0.02289459634136061;0.05521997757784812;0.5784756406208398
555136.0;1752238.2386000005;0.2939912009195632;0.025037232697333295;0.05402056755821095;0.5879824018391264
552937.0;1713851.5337999999;0.3358940670758007;0.028899246916008654;0.05283712598371229;0.6717881341516014
552894.0;1662309.203;0.3161375065367759;0.028974766066260153;0.05124810349707047;0.6322750130735518
550431.0;1635373.3435;0.3321645067739648;0.03330043274229354;0.05041768535768504;0.6643290135479296
549986.0;1601106.3570000003;0.3432922687367731;0.03408196813443111;0.049361252494583875;0.6865845374735462
548512.0;1533777.4061999996;0.355815468248393;0.03667069435468008;0.047285536958196026;0.711630936496786
547816.0;1527140.5044;0.3624071479048546;0.03789305083316941;0.047080924826029255;0.7248142958097092
547241.0;1480239.0354999998;0.3558061805628122;0.038902899935369654;0.04563497762919367;0.7116123611256244
544658.0;1439270.5753999995;0.371785957357778;0.04343931772838396;0.044371941919873585;0.743571914715556
544010.0;1400620.7344999998;0.3748069635489938;0.044577373760080925;0.043180388000173306;0.7496139270979876
543472.0;1421795.9652;0.3687086106038283;0.04552224126787872;0.04383320903523074;0.7374172212076566
541944.0;1371029.1878;0.39776551485461625;0.0482058054907691;0.04226809644503837;0.7955310297092325
539167.0;1316403.6070999997;0.40520931815593386;0.053082937589569223;0.04058401901332533;0.8104186363118677
538871.0;1297598.3959;0.4093831391443401;0.05360279034478883;0.04000426441164076;0.8187662782886802
534350.0;1286661.0940000003;0.4164302220299023;0.061542838677044985;0.03966707324483599;0.8328604440598046
533003.0;1244848.7617000004;0.42084476434035567;0.06390851996515581;0.03837802140700874;0.8416895286807113
532101.0;1214804.3062000002;0.42717662513530064;0.06549266586112906;0.037451766915847666;0.8543532502706013
531281.0;1117112.6442999998;0.4369899853919641;0.06693279849383202;0.03443998523839759;0.8739799707839282
529617.0;1047084.4825;0.44594069821940835;0.06985521398263411;0.03228105447078878;0.8918813964388167
527692.0;1166542.6073;0.43509744354315266;0.0732360131508697;0.03596388455575003;0.8701948870863053
525069.0;966267.7986999999;0.4600223464626408;0.07784268131621097;0.02978951934110423;0.9200446929252816
520542.0;960516.8210999995;0.46806511874882795;0.08579326720431618;0.029612219778109416;0.9361302374976559
516403.0;849281.3378999999;0.4762555702242987;0.09306242448084975;0.02618288933507738;0.9525111404485974
514185.0;810032.3792;0.4817590919357142;0.09695780762638043;0.024972864934093633;0.9635181838714284
511647.0;897355.4712999995;0.4711338973356379;0.10141519375052688;0.027664989151145805;0.9422677946712757
508757.0;769091.0555999998;0.48689248410392716;0.1064907831511507;0.02371066582855222;0.9737849682078543
504707.0;740852.3325;0.4947323797095273;0.11360363334925676;0.022840081101329297;0.9894647594190547
503019.0;692259.4032999999;0.49544182512800916;0.11656819906145502;0.02134198708827015;0.9908836502560183
502106.0;589589.7541999999;0.4937405313256909;0.1181716638098182;0.018176736728355784;0.9874810626513818
493922.0;530041.5991;0.4996989121615135;0.13254488998791694;0.016340898961160078;0.999397824323027
489806.0;582626.9554999998;0.4995653899974808;0.13977365330036248;0.017962077369096455;0.9991307799949616
485387.0;418152.2354;0.49690547618973174;0.14753456318318486;0.012891409732098184;0.9938109523794635
483600.0;459985.21770000004;0.4943523357772122;0.1506729985668924;0.014181098198378978;0.9887046715544244
483531.0;369697.1577000001;0.4960970589371847;0.15079418045915643;0.011397565607042115;0.9921941178743694
480871.0;312035.0903;0.4908674755799706;0.15546583021890015;0.009619874914698484;0.9817349511599412
479859.0;231460.8429;0.4926188583136211;0.15724316463877258;0.007135813969537633;0.9852377166272422
477686.0;183805.388;0.48805331881365366;0.16105951611543542;0.005666621787657393;0.9761066376273073
474667.0;0.0;0.4759015351417692;0.16636166296681373;0.0;0.9518030702835384
468896.0;0.0;0.4713523745074539;0.1764970354342878;0.0;0.9427047490149078
449466.0;0.0;0.45655184697045703;0.2106211537921151;0.0;0.9131036939409141
437724.0;0.0;0.4533530568192301;0.23124315058869813;0.0;0.9067061136384602
429467.0;0.0;0.44379596346412337;0.2457445836962936;0.0;0.8875919269282467
418083.0;0.0;0.42327109078831;0.2657378396605502;0.0;0.84654218157662
406630.0;0.0;0.41208928573560255;0.2858522775170708;0.0;0.8241785714712051
401345.0;0.0;0.4029168607493221;0.2951341079607722;0.0;0.8058337214986442
394242.0;0.0;0.3900032797207339;0.3076088178267345;0.0;0.7800065594414678
386667.0;0.0;0.3814435208337406;0.3209124820861551;0.0;0.7628870416674812
373074.0;0.0;0.37405624913231317;0.3447853148621688;0.0;0.7481124982646263
364223.0;0.0;0.3499212006788893;0.3603299659988198;0.0;0.6998424013577786
350692.0;0.0;0.3361801981556538;0.3840939106977267;0.0;0.6723603963113076
342854.0;0.0;0.3248019759098533;0.3978594711551971;0.0;0.6496039518197066
340508.0;0.0;0.3210154426543257;0.4019796554921741;0.0;0.6420308853086514
326212.0;0.0;0.31378837243924823;0.4270871385618344;0.0;0.6275767448784965
322904.0;0.0;0.3078264288524665;0.4328968443532751;0.0;0.615652857704933
313192.0;0.0;0.3041071278428483;0.4499536347542642;0.0;0.6082142556856966
307447.0;0.0;0.29820984839363507;0.4600433444797257;0.0;0.5964196967872701
301583.0;0.0;0.28171258993954007;0.47034204906286003;0.0;0.5634251798790801
298193.0;0.0;0.2748479199061395;0.476295768117571;0.0;0.549695839812279
287266.0;0.0;0.2668631092548821;0.49548641357799195;0.0;0.5337262185097642
272357.0;0.0;0.25210442543135814;0.521670483603563;0.0;0.5042088508627163
265789.0;0.0;0.2428428816899683;0.5332055947396521;0.0;0.4856857633799366
257284.0;0.0;0.2366521142655642;0.5481425801556749;0.0;0.4733042285311284
249421.0;0.0;0.22218206601272109;0.5619520470958496;0.0;0.44436413202544217
243649.0;0.0;0.21546106789899777;0.5720891758226319;0.0;0.43092213579799554
233870.0;0.0;0.21007127071700119;0.5892636355972687;0.0;0.42014254143400237
221962.0;0.0;0.20929878821495798;0.6101771714390086;0.0;0.41859757642991596
215856.0;0.0;0.19860527310190984;0.6209008907747211;0.0;0.3972105462038197
208555.0;0.0;0.19004576697440204;0.6337233399837019;0.0;0.3800915339488041
201441.0;0.0;0.18660833258521933;0.6462173687020542;0.0;0.37321666517043867
193081.0;0.0;0.18309081769426358;0.6608996965183915;0.0;0.36618163538852716
185771.0;0.0;0.18051969993133643;0.673737952061146;0.0;0.36103939986267286
179013.0;0.0;0.17731607879209643;0.6856067524657881;0.0;0.35463215758419286
166398.0;0.0;0.17305716535834334;0.7077619636384073;0.0;0.3461143307166867
152882.0;0.0;0.17158066002197442;0.7314995644476916;0.0;0.34316132004394884
132154.0;0.0;0.16372995535124968;0.7679033073875291;0.0;0.32745991070249936
118638.0;0.0;0.1607724433205929;0.7916409081968134;0.0;0.3215448866411858
111880.0;0.0;0.15677212491264317;0.8035097086014555;0.0;0.31354424982528634
