569392.0;3238600.6609000005;0.0;-0.0;0.0998443259268198;0.0
565092.0;2259793.072799999;0.21330375415699343;0.0075519150251496334;0.06966821158651629;0.42660750831398686
565009.0;2484538.539299999;0.21330244695739964;0.007697684547728103;0.07659699409394814;0.4266048939147993
562569.0;2347178.2593999985;0.20589763686239348;0.011982957259673476;0.07236225014378679;0.41179527372478697
562145.0;2179064.1232000003;0.2360375927350449;0.012727611206339393;0.06717938125528547;0.4720751854700898
561262.0;2115925.972400001;0.24625466221907735;0.01427838817545733;0.06523286584108187;0.4925093244381547
558746.0;2584271.013899999;0.20240578706293536;0.018697136594823954;0.0796716929352321;0.4048115741258707
556717.0;2034802.3421;0.28596509547230303;0.022260586731109675;0.06273186771499947;0.5719301909446061
555137.0;1948781.4369000006;0.30796234564841124;0.02503547643802512;0.06007988922348578;0.6159246912968225
550463.0;2904775.620100001;0.1907803579651834;0.033244232444431955;0.08955267849446653;0.3815607159303668
550434.0;2865331.4199000006;0.19077052724340052;0.03329516396436901;0.08833663490247977;0.38154105448680103
549476.0;1818059.8659000003;0.3397797106580743;0.03497766038160002;0.05604981311741753;0.6795594213161485
547980.0;2772008.3681000005;0.1505254577596345;0.03760502430662883;0.08545953513747963;0.301050915519269
547699.0;1884723.1245000002;0.2958343476152675;0.038098533172225814;0.058105005719383034;0.591668695230535
545006.0;1548645.0252;0.3701144494669202;0.04282813948913929;0.04774389769872008;0.7402288989338404
543585.0;1760065.2560000008;0.3469233465971305;0.04532378396605502;0.05426187031768835;0.693846693194261
541625.0;1493188.3691999998;0.3760708052337413;0.04876605221007671;0.046034198660081335;0.7521416104674826
541451.0;1415763.3471000004;0.3905206053423997;0.049071641329699045;0.043647226646281;0.7810412106847994
541204.0;2722701.1352000004;0.18820567468898342;0.04950543737881811;0.08393941952345726;0.37641134937796683
541137.0;1714164.3284999998;0.3469138157304772;0.04962310675246579;0.0528467692769877;0.6938276314609544
538484.0;3110308.3495;0.1258565433530081;0.054282462697052294;0.09588914259471765;0.2517130867060162
538283.0;2627331.832000001;0.1940568280504976;0.05463547081799534;0.08099923492241161;0.3881136561009952
537445.0;2386308.0958000007;0.17619630246548043;0.05610721611824543;0.07356860206798459;0.35239260493096086
533621.0;3050919.3079999997;0.13020314605891933;0.06282315171270408;0.0940582102146941;0.26040629211783867
533506.0;1355261.6855000001;0.42204953383868643;0.06302512153314413;0.0417819927837566;0.8440990676773729
530533.0;1249276.2797000003;0.4241858463136734;0.06824648045634642;0.03851451941850362;0.8483716926273468
529627.0;1183848.4601;0.44354679068189634;0.06983765138955236;0.03649741474002554;0.8870935813637927
528728.0;1145464.3086;0.4417678790290203;0.07141652850760109;0.03531405188240005;0.8835357580580406
527655.0;1107797.9621;0.4486854855681153;0.07330099474527214;0.03415281856894379;0.8973709711362307
525605.0;1070493.7054;0.4535348982458423;0.07690132632702953;0.03300274829032615;0.9070697964916846
522166.0;1035407.1659999999;0.45810421568276793;0.08294110208784107;0.03192104904972749;0.9162084313655359
520090.0;912669.6044;0.4631934118461004;0.08658709641161098;0.028137115682515753;0.9263868236922008
515726.0;2953307.7494000006;0.1449323021536733;0.09425141203248377;0.09104889807913281;0.2898646043073466
515313.0;981846.3579999998;0.45921958369472404;0.09497674712675977;0.030269797990768687;0.9184391673894481
511441.0;2806467.5345000005;0.1325280204468438;0.10177698316801079;0.08652189280409357;0.2650560408936876
510211.0;2078384.2004;0.234674303639047;0.10393718211706522;0.06407547309282102;0.469348607278094
507667.0;849275.6738;0.48787843782372486;0.10840510579706072;0.02618271471390432;0.9757568756474497
505521.0;2016988.2394000003;0.2569948661763923;0.11217403827240284;0.062182668458188865;0.5139897323527846
500828.0;1369171.7427000003;0.38263377884316335;0.12041616320566499;0.042210832406222296;0.7652675576863267
500184.0;1819884.9427000005;0.31622231546668994;0.12154719420012926;0.05610607925885964;0.6324446309333799
498678.0;1524565.5872000009;0.368465707991596;0.1241921207182398;0.04700154150617288;0.736931415983192
497447.0;2349573.1189;0.16372292322415605;0.12635407592660242;0.07243608238107184;0.3274458464483121
497369.0;1942955.0097;0.28052056923238194;0.12649106415264;0.05990026358968378;0.5610411384647639
496002.0;1775820.3463000003;0.279945589775452;0.12889187062691432;0.05474759132364976;0.559891179550904
495686.0;2292076.0336999996;0.21157408665241273;0.1294468485682974;0.07066347800169905;0.42314817330482546
492672.0;718003.9028;0.4990675642319179;0.13474021412313486;0.02213567623615865;0.9981351284638358
491682.0;1630584.6244;0.3326942864295877;0.13647891083822744;0.050270051709497145;0.6653885728591754
489964.0;1286709.6344000006;0.41711167760431994;0.13949616432967094;0.03966856971940192;0.8342233552086399
489852.0;1433210.8463000003;0.36829207713891654;0.13969286537218648;0.04418512371329655;0.7365841542778331
489105.0;659913.8958;0.4973715031058671;0.1410047910753927;0.020344792394867937;0.9947430062117342
488844.0;2235223.6139;0.19949298661223325;0.1414631747548262;0.06891074831175263;0.3989859732244665
486962.0;1566430.7456000003;0.3507102641131666;0.1447684547728103;0.048292221944404454;0.7014205282263332
486525.0;519144.44070000004;0.49811375090454296;0.14553594009048249;0.01600494539698603;0.9962275018090859
485596.0;1877988.3566000008;0.2756355784071167;0.14716750498777645;0.05789737642770551;0.5512711568142334
484675.0;591722.1026999999;0.4962038018540019;0.148785019810605;0.018242475891937754;0.9924076037080038
482982.0;1171051.7358000001;0.428127496493599;0.15175836681934415;0.0361028985753034;0.856254992987198
482754.0;2685041.3086999995;0.1502659307316169;0.1521587939416079;0.08277838721811319;0.3005318614632338
480658.0;442213.29750000004;0.494781853439521;0.1558399134515413;0.013633199405478367;0.989563706879042
478548.0;385783.5662000001;0.49265095730931213;0.15954562059178914;0.011893500975875031;0.9853019146186243
477715.0;2173686.1812000014;0.16834904792659358;0.16100858459549836;0.06701358218028801;0.33669809585318716
473562.0;308419.2994;0.4887227118163912;0.16830232950234636;0.00950840201547339;0.9774454236327824
469117.0;207421.07110000003;0.48389681801071505;0.17610890212718128;0.0063946806647174744;0.9677936360214301
468198.0;0.0;0.47479624464033915;0.1777229044313935;0.0;0.9495924892806783
467605.0;1108288.1243000003;0.43588567142543294;0.17876436620114086;0.03416793000736369;0.8717713428508659
467592.0;907281.6148000002;0.44256128773651826;0.17878719757214714;0.02797100684538509;0.8851225754730365
463875.0;2119305.324600002;0.17098717015940026;0.18531521342063112;0.06533704946166591;0.34197434031880053
463778.0;964047.2918000002;0.4375647399337379;0.18548557057352405;0.0297210623012095;0.8751294798674758
461250.0;2613435.856300001;0.1432207142030245;0.18992539410458875;0.08057082942505821;0.286441428406049
452963.0;855273.2378000002;0.4423469509603221;0.20447951499142947;0.02636761640370283;0.8846939019206442
451743.0;818854.0977000002;0.44402637425938607;0.20662215134740214;0.02524483379638118;0.8880527485187721
449825.0;1198460.5830000006;0.4194678313011634;0.2099906567004805;0.036947898672461024;0.8389356626023268
449710.0;1339878.3964000002;0.37823809186418716;0.21019262652092055;0.0413077342099008;0.7564761837283743
448492.0;1937200.4923000007;0.26548158710800346;0.2123317503582769;0.05972285489654858;0.5309631742160069
447036.0;1072240.5292;0.43220213068890706;0.21488886391097872;0.033056601933638706;0.8644042613778141
440172.0;2064805.3833000003;0.24765139976652165;0.22694382780228736;0.06365684542544561;0.4953027995330433
437388.0;2015813.0807000005;0.24138020455470832;0.2318332537162447;0.06214643894410425;0.48276040910941664
437138.0;1702476.0102000001;0.2975224089897688;0.23227231854328828;0.0524864246763177;0.5950448179795376
436394.0;1599644.9135000003;0.31928517373676435;0.23357897546856998;0.04931619697325971;0.6385703474735287
436057.0;1414678.265900001;0.37363635097943815;0.23417083485542473;0.04361377417333557;0.7472727019588763
432361.0;1847494.3727000006;0.26575872423472;0.24066196925843708;0.056957263216442004;0.53151744846944
426209.0;1467598.4825000002;0.3675993494824852;0.25146647652232557;0.04524527614210867;0.7351986989649704
423813.0;1029027.9009000001;0.4151618265138241;0.25567447382471126;0.03172437971920221;0.8303236530276482
421880.0;1375382.9684000001;0.3600675191417503;0.25906932306741226;0.04240232117193615;0.7201350382835006
413039.0;1265532.0244000002;0.3812047836720023;0.27459641161098153;0.03901567533179826;0.7624095673440046
412657.0;0.0;0.4519142515288264;0.27526730266670413;0.0;0.9038285030576528
412445.0;979770.0610000001;0.4306175769670619;0.2756396296400371;0.030205786864947685;0.8612351539341238
406717.0;1555712.6633000006;0.3269079166049692;0.28569948295725967;0.04796178920059891;0.6538158332099384
403296.0;865653.6215000002;0.4396078088572456;0.29170764605052407;0.026687638080318012;0.8792156177144912
402745.0;794851.8485000003;0.44014496912267576;0.2926753449293281;0.024504857293246782;0.8802899382453515
402283.0;1140065.0923000004;0.40321373200272803;0.29348673672970466;0.03514759693211397;0.8064274640054561
399386.0;920297.0339;0.43132555546725315;0.29857461994548573;0.02837226525380319;0.8626511109345063
398239.0;741644.8304000002;0.4498142879705368;0.3005890493719617;0.022864513387649513;0.8996285759410736
375579.0;1202297.2418999998;0.39342770035440955;0.3403858852951921;0.03706618081397554;0.7868554007088191
369145.0;1089848.9822;0.4013262273030087;0.35168565768398574;0.03359946112020804;0.8026524546060174
367214.0;1029024.1807;0.4106008544407305;0.3550769944080704;0.03172426502742628;0.821201708881461
350564.0;0.0;0.4166932218192943;0.384318711889173;0.0;0.8333864436385886
290594.0;0.0;0.3861125191461948;0.48964158260038776;0.0;0.7722250382923896
238483.0;0.0;0.32974515267436877;0.5811620114086604;0.0;0.6594903053487375
171427.0;0.0;0.2671558830119535;0.6989297355775985;0.0;0.534311766023907
97016.0;0.0;0.15444383778162005;0.8296147469581588;0.0;0.3088876755632401
