569392.0;2770106.5546000004;0.0;-0.0;0.08540090324462586;0.0
565346.0;2698977.145100001;0.10073103953955848;0.0071058251608733525;0.08320802159952467;0.20146207907911695
563796.0;2759582.5696;0.08650649464731554;0.00982802708854357;0.08507645441674938;0.17301298929463108
562626.0;2753116.9273;0.046970685797820814;0.011882850479107539;0.08487712212335448;0.09394137159564163
562626.0;2761667.4452000004;0.03030344011373592;0.011882850479107539;0.08514073001621938;0.06060688022747184
560330.0;2748094.3198999995;0.06559391752714981;0.015915221850675808;0.08472227782399318;0.13118783505429962
558580.0;2678292.1922999998;0.14278619416235175;0.01898867563998089;0.08257031556985621;0.2855723883247035
557038.0;2728691.3013000004;0.09040776359457185;0.021696827493185713;0.08412409313995618;0.1808155271891437
555938.0;1876620.806200001;0.31724955051808235;0.02362871273217748;0.057855215580427416;0.6344991010361647
555868.0;2662726.45;0.10566474915918068;0.023751650883749684;0.08209043206144546;0.21132949831836137
555868.0;2740698.2473;0.05720309508527385;0.023751650883749684;0.08449426086217128;0.1144061901705477
555303.0;1848945.497400001;0.32429238556281587;0.024743937392868183;0.05700200061468209;0.6485847711256317
555191.0;2441352.7906000013;0.23859858088497138;0.024940638435383706;0.07526560056320081;0.47719716176994276
554896.0;2533769.9651000015;0.2273058358526179;0.025458734931295135;0.07811477261562963;0.4546116717052358
554265.0;2491414.9569000015;0.21341744714411223;0.02656693455475314;0.07680899037010304;0.42683489428822446
554236.0;2295441.4212;0.21874170711335394;0.026617866074690195;0.07076723109805232;0.4374834142267079
553572.0;2654031.1397999995;0.1286560960096094;0.027784022255317953;0.08182236029942637;0.2573121920192188
550917.0;2255496.155400001;0.2514074099064187;0.03244689071852081;0.06953573992165632;0.5028148198128374
549110.0;2631211.2277;0.11953845535333352;0.03562045128839183;0.08111883461660861;0.23907691070666703
549110.0;2698908.7135999994;0.07398784301234927;0.03562045128839183;0.08320591189298619;0.14797568602469854
548276.0;1737616.066100001;0.3330567746008379;0.037085171551409224;0.0535697738019834;0.6661135492016758
547973.0;2142227.5764000006;0.31228455454934506;0.03761731812178604;0.0660437302226893;0.6245691090986901
546814.0;2622518.2727;0.13258393086480263;0.0396528226599601;0.08085083546414565;0.26516786172960527
545064.0;2571838.8401;0.1552136899457107;0.04272627644926518;0.07928841566741328;0.3104273798914214
544384.0;1978556.076600001;0.3114974679227791;0.043920532778823726;0.060997825437867435;0.6229949358455582
543195.0;2230644.1080000005;0.24510456317645427;0.04600872509624301;0.06876956459460477;0.49020912635290853
542850.0;1484238.9209000003;0.3873760893256456;0.04661463455756316;0.045758291956387254;0.7747521786512912
542764.0;2126703.2048000004;0.28299219732695535;0.04676567285806615;0.06556512215082881;0.5659843946539107
541150.0;1694837.0647000002;0.353676305810718;0.04960027538145952;0.05225092007291061;0.707352611621436
539831.0;1545771.1431000002;0.38452104598295717;0.051916781408941466;0.04765529745092421;0.7690420919659143
539446.0;2011449.099900001;0.2947846905100333;0.052592941242588585;0.06201189975049696;0.5895693810200666
538058.0;2068993.0241000007;0.27508302333169254;0.05503062916233456;0.0637859481511838;0.5501660466633851
533705.0;1577557.5474000005;0.37625007853220044;0.06267562593081744;0.048635255291755664;0.7525001570644009
533479.0;2387636.7770000016;0.20913390742451018;0.06307254053446483;0.0736095645986193;0.41826781484902037
533285.0;1675069.2733000005;0.363508150559954;0.06341325484025065;0.05164148963858022;0.727016301119908
530650.0;1985623.9483000012;0.30033038902502507;0.06804099811729002;0.061215724141509296;0.6006607780500501
529214.0;1237263.3692999997;0.44597476389764973;0.07056298648382836;0.038144167817027064;0.8919495277952995
528706.0;1173670.4502999994;0.44931644270834975;0.07145516621238092;0.036183632142489965;0.8986328854166995
528453.0;1411851.6869000006;0.4338545115448443;0.07189949981734903;0.043526632254808476;0.8677090230896886
527186.0;1351886.9222000004;0.43743369722681025;0.07412468036080591;0.041677950636504826;0.8748673944536205
526625.0;1915936.9640000015;0.303798242538088;0.0751099418326917;0.059067311693716866;0.607596485076176
525191.0;1136359.1371999993;0.4556196400214099;0.07762841768061371;0.03503334431883505;0.9112392800428198
523808.0;1080127.3931999996;0.4524079596148051;0.08005732430381882;0.033299749731779904;0.9048159192296102
522107.0;1442264.9112000002;0.3905313594052979;0.08304472138702335;0.044464255690805296;0.7810627188105957
519594.0;1609143.458;0.3704574480969008;0.08745820102846545;0.04960903201906768;0.7409148961938016
518689.0;1309572.0894000006;0.44305989781133814;0.08904761570236322;0.04037340697706891;0.8861197956226763
517353.0;1020426.878;0.45963500805451774;0.09139397813808413;0.031459214784204326;0.9192700161090355
514729.0;993174.295;0.4637597839575936;0.09600240256273358;0.030619032228741145;0.9275195679151872
508591.0;923937.1527000001;0.4767020844992091;0.10678232219630764;0.028484488169171384;0.9534041689984182
506433.0;923742.0292999999;0.4685665651087367;0.11057232978334786;0.02847847261912819;0.9371331302174734
500605.0;880789.1842999996;0.4809967693467411;0.12080780903138787;0.027154259384862864;0.9619935386934823
499921.0;821893.192;0.49206731462664416;0.12200909039817912;0.02533852744792487;0.9841346292532883
495770.0;791929.2634999997;0.48209605731187266;0.12929932278641076;0.024414755561096884;0.9641921146237453
491356.0;764722.5167999996;0.48873692840752936;0.13705145137269228;0.02357598611424315;0.9774738568150587
490894.0;616064.3290000001;0.4945482232528037;0.13786284317306882;0.018992933707198685;0.9890964465056074
486022.0;549440.3566;0.4996676452526311;0.14641933852249417;0.01693895227776352;0.9993352905052622
484427.0;679904.3583999999;0.49338010467748666;0.14922057211903222;0.020961087663179168;0.9867602093549733
483322.0;715970.6995999997;0.4890017728937205;0.15116123865456488;0.022072993669139146;0.978003545787441
479002.0;492806.09929999994;0.4983876380332015;0.158748278865878;0.015192948420988792;0.996775276066403
477141.0;469668.3932;0.49843110701828036;0.16201667743839043;0.014479625319150922;0.9968622140365607
476478.0;415400.72489999986;0.49632327486201566;0.16318107735971002;0.012806582135269145;0.9926465497240313
474955.0;341910.90239999996;0.4941923464680164;0.1658558602860595;0.01054093022005122;0.9883846929360328
473533.0;0.0;0.47590153514176925;0.16835326102228343;0.0;0.9518030702835385
467115.0;0.0;0.47113964827502813;0.1796249332621463;0.0;0.9422792965500563
461753.0;0.0;0.47073322172347337;0.18904199567257707;0.0;0.9414664434469467
442839.0;0.0;0.46340766108637466;0.2222598842273864;0.0;0.9268153221727493
431270.0;0.0;0.4547489708891792;0.24257804816365527;0.0;0.9094979417783584
419150.0;0.0;0.4403561866722595;0.2638639109787282;0.0;0.880712373344519
417906.0;0.0;0.4385171164773544;0.26604869755809707;0.0;0.8770342329547088
406106.0;0.0;0.43368317611667634;0.2867725573945542;0.0;0.8673663522333527
403825.0;0.0;0.4175925777455083;0.2907785848764998;0.0;0.8351851554910166
400668.0;0.0;0.393012656113042;0.2963230955124062;0.0;0.786025312226084
389771.0;0.0;0.37292283656500336;0.3154610531935819;0.0;0.7458456731300067
380732.0;0.0;0.36151020995719507;0.3313358810801697;0.0;0.7230204199143901
369340.0;0.0;0.3497119477680411;0.35134318711889173;0.0;0.6994238955360822
363441.0;0.0;0.3440253092872132;0.3617033607778121;0.0;0.6880506185744264
355121.0;0.0;0.3408431194710766;0.37631543822182256;0.0;0.6816862389421532
345201.0;0.0;0.3229624723309404;0.393737530558912;0.0;0.6459249446618808
336666.0;0.0;0.3133335214179021;0.4087272037541799;0.0;0.6266670428358042
327172.0;0.0;0.3074844195392601;0.42540112962598703;0.0;0.6149688390785202
318464.0;0.0;0.2918975832037656;0.44069463568156914;0.0;0.5837951664075312
308920.0;0.0;0.2855122989731428;0.45745637451878496;0.0;0.5710245979462856
294012.0;0.0;0.27319922867745455;0.4836386882850479;0.0;0.5463984573549091
283313.0;0.0;0.26193623412703854;0.502428906623205;0.0;0.5238724682540771
282527.0;0.0;0.2563504497698887;0.5038093264394301;0.0;0.5127008995397774
269514.0;0.0;0.25206689773602703;0.5266635288167028;0.0;0.5041337954720541
261092.0;0.0;0.23053393005013287;0.541454744710147;0.0;0.46106786010026574
252185.0;0.0;0.22189051923956624;0.5570977463680558;0.0;0.4437810384791325
238977.0;0.0;0.2166534260391722;0.5802944193104224;0.0;0.4333068520783444
231057.0;0.0;0.20064207048676716;0.5942039930311631;0.0;0.4012841409735343
225986.0;0.0;0.19682068057830035;0.6031099839829152;0.0;0.3936413611566007
219228.0;0.0;0.1924274184799852;0.6149787843875573;0.0;0.3848548369599704
206930.0;0.0;0.19180312883450604;0.6365772613594852;0.0;0.3836062576690121
205712.0;0.0;0.1835333110602897;0.6387163851968416;0.0;0.3670666221205794
198954.0;0.0;0.17955476199996753;0.6505851856014837;0.0;0.35910952399993507
192196.0;0.0;0.17631837805902859;0.6624539860061258;0.0;0.35263675611805717
185438.0;0.0;0.17552132610170595;0.6743227864107679;0.0;0.3510426522034119
173120.0;0.0;0.17114574573763028;0.6959563885688594;0.0;0.34229149147526056
166718.0;0.0;0.16612795353596177;0.7071999606597915;0.0;0.33225590707192354
159960.0;0.0;0.16469692797591884;0.7190687610644336;0.0;0.3293938559518377
