569392.0;2694229.7348000007;0.0;-0.0;0.08306166147954315;0.0
569357.0;2686217.1801000005;0.004208720749954095;6.146907578610167E-5;0.0828146387043576;0.00841744149990819
569203.0;2680082.6696;0.022727092049752106;3.31933009244949E-4;0.08262551502722189;0.04545418409950421
569141.0;2677899.4305000002;0.030182540235385122;4.4082108635175765E-4;0.08255820693366521;0.060365080470770244
568172.0;2663032.6113000005;0.05832084467793528;0.0021426363559726865;0.08209987085054733;0.11664168935587056
567983.0;2642411.5622000005;0.06252010174240107;0.0024745693652176355;0.08146413493776543;0.12504020348480213
567029.0;2637280.0650000004;0.10066813108363562;0.0041500407452159495;0.08130593362411936;0.20133626216727124
565876.0;2639093.3669999996;0.08233677871545957;0.006175007727540956;0.08136183675477622;0.16467355743091913
565687.0;2621182.8290000004;0.08530948840583494;0.006506940736785905;0.08080966444925348;0.17061897681166988
564377.0;2610828.2336000004;0.1006681310836358;0.008807640430494281;0.08049043781213218;0.2013362621672716
563972.0;2581792.6237000003;0.11809195584993923;0.009518925450304886;0.07959528549114983;0.23618391169987846
562081.0;2589599.5004000007;0.11604095563139938;0.01284001180206255;0.07983596732362025;0.23208191126279876
561676.0;2560563.8905000007;0.13131932672184082;0.013551296821873155;0.0789408150026379;0.26263865344368165
557790.0;2348577.3748999992;0.2548832638990983;0.020376120493438614;0.07240538412621256;0.5097665277981966
556657.0;2225186.713600001;0.2404171877004291;0.022365962289600135;0.06860131604461733;0.4808343754008582
552705.0;1817655.9072999998;0.328236471153132;0.0293066990755051;0.056037359289872093;0.656472942306264
552454.0;2187922.955900001;0.25828745885607646;0.029747520161856857;0.06745249432850527;0.5165749177121529
551605.0;2466481.395399999;0.23083764835808646;0.031238584314496866;0.07604030200695336;0.4616752967161729
551252.0;2397761.7344000004;0.22376612602297727;0.0318585438502824;0.07392171161904253;0.44753225204595454
550926.0;2300440.4956;0.2228163643288638;0.03243108438474724;0.07092134988761227;0.4456327286577276
550395.0;2087071.8598000002;0.2985760609091729;0.03336365807738781;0.06434330898476881;0.5971521218183458
549030.0;1578335.9374999993;0.3503391832223525;0.03576095203304577;0.04865925264214862;0.700678366444705
548869.0;2457396.3008000003;0.21692652214769376;0.03604370978166184;0.0757602134003926;0.4338530442953875
548171.0;2151131.255800001;0.2842958779479054;0.03726957877876753;0.0663182258956799;0.5685917558958108
547654.0;2534555.7959000003;0.21023710318572336;0.03817756484109366;0.07813899935882328;0.4204742063714467
547419.0;1998646.7103999997;0.32420589466626576;0.03859028577851462;0.06161720893068931;0.6484117893325315
547364.0;1764220.7339999992;0.32420589466626576;0.038686880040464215;0.05438998148150757;0.6484117893325315
546985.0;1695914.5454999995;0.3281577742318145;0.03935250231826229;0.05228413822958977;0.656315548463629
545842.0;1653901.2644999998;0.33590448340508594;0.04135990670750555;0.05098889125083651;0.6718089668101719
545208.0;1620875.7105999992;0.33953193139100757;0.04247337510888808;0.04997073109070455;0.6790638627820151
543154.0;1528536.076899999;0.38193072188300276;0.04608073172787816;0.047123949579660256;0.7638614437660055
540815.0;1431407.8881999995;0.38757995600600775;0.050188622249697924;0.044129539479543296;0.7751599120120155
539552.0;1471955.1908999993;0.38743405342388687;0.052406777755922104;0.045379591131514234;0.7748681068477737
538735.0;1938798.7861000008;0.3117800899034981;0.053841641610700534;0.05977212943941539;0.6235601798069962
538724.0;1429911.5661999998;0.4177507863079546;0.053860960463090454;0.04408340867272196;0.8355015726159092
537748.0;1276721.2352999998;0.42641633308219745;0.0555750695478686;0.03936063271831748;0.8528326661643949
536370.0;2043812.3853;0.29141822660535655;0.057995194874532835;0.06300964252704608;0.5828364532107131
535834.0;1359580.9231999994;0.3930294917719745;0.05893654986371428;0.04191515257152564;0.786058983543949
534478.0;1197569.3885999995;0.4152065343180382;0.06131803748559867;0.03692042362584224;0.8304130686360764
534107.0;1173858.0452999996;0.4196657442087688;0.06196960968893135;0.036189415595988386;0.8393314884175376
533235.0;1330380.1190999998;0.403361548723334;0.06350106780565937;0.04101490740172587;0.806723097446668
530400.0;1146340.2450000003;0.4505895061997116;0.0684800629443336;0.035341056533040885;0.9011790123994232
529525.0;1080500.2238999996;0.43663533308150476;0.07001678983898614;0.03331124390281981;0.8732706661630095
528754.0;1931342.8083000006;0.31315163074551833;0.07137086576558856;0.05954226563232302;0.6263032614910367
527588.0;1009420.5721999997;0.46084597019799517;0.07341866411891983;0.031119896264075297;0.9216919403959903
527173.0;1053560.5344;0.44328279554537253;0.07414751173181218;0.03248070768658319;0.8865655910907451
521409.0;893056.7723000001;0.4714132094512544;0.08427059038412904;0.027532462560510833;0.9428264189025088
521225.0;863587.5692;0.4722413085100217;0.08459374209683311;0.02662394279311772;0.9444826170200434
518656.0;802604.6829;0.4759479830509356;0.08910557225953297;0.024743873030517432;0.9518959661018712
516772.0;764661.0578000001;0.480051875943486;0.09241436479613342;0.023574091366149883;0.960103751886972
512048.0;736402.8823999998;0.4866010966832103;0.10071093376794897;0.02270290693492371;0.9732021933664206
506364.0;660863.8384999998;0.4923107235501044;0.11069351167561188;0.02037407862014902;0.9846214471002088
503491.0;638821.4532999998;0.4961548275544404;0.11573924466799675;0.019694523675729998;0.9923096551088808
497570.0;602443.0340999999;0.4995076143747638;0.12613805603169698;0.01857299647197222;0.9990152287495276
495960.0;493652.1521999999;0.49909847756038417;0.12896563351785764;0.015219031779310423;0.9981969551207683
489285.0;467757.1769999999;0.4981413335868442;0.1406886643999213;0.01442070354608601;0.9962826671736884
488352.0;381424.07080000004;0.4950310082472797;0.14232725433444798;0.01175910006475031;0.9900620164945594
486014.0;514552.6870999999;0.4941125412436798;0.14643338859695956;0.015863384089798916;0.9882250824873596
485413.0;310296.3292;0.4924600959485494;0.14748890044117233;0.009566269840113885;0.9849201918970988
481017.0;230910.0701;0.48787659882735795;0.1552094163599067;0.0071188339387426225;0.9757531976547159
477568.0;143509.2092;0.48629157650719623;0.16126675471379998;0.004424312151187879;0.9725831530143925
477133.0;0.0;0.47491363859666796;0.16203072751285583;0.0;0.9498272771933359
470925.0;0.0;0.47290787329177064;0.17293358529800207;0.0;0.9458157465835413
458503.0;0.0;0.4617051390950192;0.19474983842414365;0.0;0.9234102781900384
440930.0;0.0;0.46112491715112114;0.2256125832466912;0.0;0.9222498343022423
423721.0;0.0;0.42962074414731666;0.2558360496810633;0.0;0.8592414882946333
398915.0;0.0;0.40550146791611397;0.29940181807963584;0.0;0.8110029358322279
389302.0;0.0;0.39572783562705444;0.3162847388091157;0.0;0.7914556712541089
386851.0;0.0;0.3790362233147209;0.320589330373451;0.0;0.7580724466294418
374593.0;0.0;0.37305682909395055;0.34211755697305196;0.0;0.7461136581879011
366152.0;0.0;0.3699836783293586;0.3569421417933515;0.0;0.7399673566587172
360003.0;0.0;0.3603485846020567;0.36774138027931547;0.0;0.7206971692041134
342315.0;0.0;0.35087304204033987;0.39880609492230307;0.0;0.7017460840806797
331121.0;0.0;0.323485725020806;0.4184656616180066;0.0;0.646971450041612
325887.0;0.0;0.30477255498092326;0.42765792283699106;0.0;0.6095451099618465
315734.0;0.0;0.2987504050780123;0.44548922359288506;0.0;0.5975008101560246
314943.0;0.0;0.294133128211609;0.4468784247056509;0.0;0.588266256423218
304854.0;0.0;0.2777405251643672;0.4645973248658218;0.0;0.5554810503287344
295054.0;0.0;0.27499385806921883;0.48180866608593026;0.0;0.5499877161384377
279510.0;0.0;0.266071801201326;0.5091079607721921;0.0;0.532143602402652
276624.0;0.0;0.24632370067692105;0.5141765251355832;0.0;0.4926474013538421
265307.0;0.0;0.24236656391594316;0.5340521117261922;0.0;0.4847331278318863
256567.0;0.0;0.23636575682899713;0.5494018180796358;0.0;0.47273151365799426
240051.0;0.0;0.2127250014897814;0.5784081968134431;0.0;0.4254500029795628
229200.0;0.0;0.19975677096693378;0.5974653665664428;0.0;0.39951354193386757
219823.0;0.0;0.19158101504292785;0.6139338100991936;0.0;0.3831620300858557
213065.0;0.0;0.1870519527400961;0.6258026105038357;0.0;0.3741039054801922
206307.0;0.0;0.1854736124285113;0.6376714109084778;0.0;0.3709472248570226
198492.0;0.0;0.18109413867644145;0.6513965774018602;0.0;0.3621882773528829
191734.0;0.0;0.17882364291020478;0.6632653778065024;0.0;0.35764728582040956
184976.0;0.0;0.1754760715906654;0.6751341782111445;0.0;0.3509521431813308
178218.0;0.0;0.16835292419791986;0.6870029786157866;0.0;0.3367058483958397
171104.0;0.0;0.1657236107561947;0.6994970073341389;0.0;0.3314472215123894
164702.0;0.0;0.16221540560001188;0.710740579425071;0.0;0.32443081120002376
157944.0;0.0;0.15872513286950504;0.7226093798297131;0.0;0.3174502657390101
150830.0;0.0;0.15583261486386338;0.7351034085480653;0.0;0.31166522972772676
144072.0;0.0;0.1516849400709346;0.7469722089527074;0.0;0.3033698801418692
137314.0;0.0;0.14927542710122085;0.7588410093573495;0.0;0.2985508542024417
123798.0;0.0;0.14547836650249368;0.7825786101666339;0.0;0.29095673300498737
117040.0;0.0;0.14340436270125625;0.794447410571276;0.0;0.2868087254025125
