569392.0;3303309.288499998;0.0;-0.0;0.10183925830066053;0.0
568020.0;3179160.3075999995;0.11603921814423206;0.0024095877708151855;0.09801181163145084;0.2320784362884641
567641.0;3024857.3841999997;0.12950954176045648;0.0030752100486132576;0.09325473504543874;0.25901908352091296
566307.0;3131131.5030999994;0.12950591556939314;0.0054180599657178185;0.09653110928112127;0.2590118311387863
565104.0;3224125.1141999993;0.10608082893186335;0.007530839913451541;0.09939805256557058;0.2121616578637267
564291.0;2920844.6557;0.12070813872849473;0.008958678730997274;0.09004807826608584;0.24141627745698946
563901.0;2798666.7456999985;0.13077146487968191;0.009643619861185265;0.08628139865832346;0.26154292975936383
562821.0;2506229.9080999987;0.21330375415699346;0.011540379914013544;0.07726572739052696;0.4266075083139869
562777.0;2632282.9658999993;0.15270305409186624;0.011617655323573214;0.08115187573200171;0.3054061081837325
561968.0;2310736.2276999997;0.24625311806603672;0.01303846910388625;0.07123876180068275;0.49250623613207345
561909.0;2264822.9325999995;0.24012051531758438;0.013142088403068537;0.06982327947349001;0.48024103063516876
561451.0;2145610.0972;0.2521888991552166;0.01394645516621238;0.0661480115295163;0.5043777983104332
561271.0;2046865.3195000002;0.2521888991552166;0.01426258184168376;0.0631037628553033;0.5043777983104332
560689.0;2227479.2674;0.24109146378282414;0.015284724759041224;0.06867199425189846;0.4821829275656483
560070.0;2696667.013199999;0.14362848918719298;0.016371849270801136;0.08313680146882364;0.28725697837438596
559916.0;2575714.2865999993;0.19006525619883127;0.016642313204259983;0.07940789360988686;0.38013051239766255
559477.0;2438375.1467999993;0.22045031160635067;0.017413311040548513;0.07517380139769989;0.44090062321270135
559080.0;2398127.409899999;0.2272590940704107;0.018110545985893726;0.07393298519909397;0.4545181881408214
555393.0;1925230.5222999998;0.2668813189354734;0.024585874055132493;0.059353827124633586;0.5337626378709468
551892.0;1862957.5820000006;0.33221612564295067;0.030734537893050834;0.0574339856873115;0.6644322512859013
550938.0;1992786.0259000002;0.26348637702563776;0.03241000927304915;0.06143652716265385;0.5269727540512755
549295.0;1733309.3896000003;0.3637578047035641;0.035295543316379574;0.05343700126929085;0.7275156094071282
547347.0;1655901.5286000005;0.3358640333596212;0.03871673644870318;0.05105055832302339;0.6717280667192423
544245.0;1796421.7393;0.3160184777281874;0.04416465282265996;0.05538272124938344;0.6320369554563748
537573.0;1401625.8415000006;0.39822404534588657;0.055882414926799115;0.04321137491131397;0.7964480906917731
535761.0;1523675.5601000006;0.37896219906720696;0.05906475679321101;0.046974102446788686;0.7579243981344139
533652.0;1592819.9317000003;0.3355802160086271;0.06276870767415067;0.04910578643530396;0.6711604320172542
528037.0;1359346.3316;0.4194788201096436;0.07263010368954956;0.04190792023798949;0.8389576402192872
527823.0;1314320.1835;0.42165319399561235;0.07300594318149886;0.04051978817823862;0.8433063879912247
526144.0;1225140.3189;0.4344880205710213;0.07595470255992356;0.03777042065826855;0.8689760411420426
525093.0;1178362.9137999997;0.4363674307444727;0.07780053109281479;0.03632829828202059;0.8727348614889454
522946.0;1269870.5454000004;0.4298260184688203;0.08157121982746508;0.039149429613390976;0.8596520369376406
522200.0;1054515.5816;0.44888603381694997;0.08288138927136314;0.03251015128086869;0.8977720676338999
519510.0;1115012.6622999997;0.44297993393171664;0.0876057268103521;0.03437524391669657;0.8859598678634333
519002.0;983123.1130999997;0.45352806792694866;0.08849790653890466;0.03030915966751759;0.9070561358538973
512768.0;933188.5795999996;0.4622263556881642;0.09944642706606345;0.0287697047115638;0.9244527113763285
503797.0;876808.7845999997;0.47174502155173703;0.1152018293196954;0.02703154579137667;0.9434900431034741
501703.0;752479.2105999998;0.489305992847463;0.11887943631101244;0.023198531533499954;0.978611985694926
486109.0;2186197.0260999994;0.2461136856710734;0.14626654396268302;0.06739928483603567;0.4922273713421468
485128.0;2079740.9109999994;0.24897877273482696;0.14798943434400202;0.06411729975486372;0.49795754546965393
483606.0;1868026.1165999996;0.2938944306320256;0.15066246101104336;0.057590245897680574;0.5877888612640512
480589.0;1754799.0031999997;0.3185498481292736;0.1559610953438053;0.054099514560980076;0.6370996962585472
478660.0;677713.2079000002;0.49688063591517323;0.1593489195492736;0.0208935356653926;0.9937612718303465
478479.0;831010.4778999999;0.4721873784875829;0.15966680248405316;0.025619608495044344;0.9443747569751658
478178.0;1805200.2715999996;0.3072690361717866;0.16019543653581364;0.055653358704226885;0.6145380723435732
474735.0;1211561.9218999995;0.4284624043990326;0.16624223733385787;0.03735180594235138;0.8569248087980652
474718.0;1433300.8390999995;0.3646490882745192;0.16627209374209684;0.044187898143180006;0.7292981765490384
474407.0;1351430.9516999996;0.37903143265768874;0.16681829038693904;0.04166389330990549;0.7580628653153775
473774.0;1293963.2224999992;0.381880520768563;0.1679300025290134;0.039892193960309075;0.763761041537126
473393.0;1520831.9142999994;0.3508867034415962;0.16859913732542783;0.04688643436794724;0.7017734068831925
472792.0;270949.4132;0.4903440004251453;0.1696546491696406;0.008353225467972167;0.9806880008502906
468077.0;2299528.8308;0.21206886407603975;0.17793541180768258;0.0708932437495119;0.4241377281520795
467751.0;1921869.8928999996;0.26465123304158744;0.17850795234214742;0.059250220717958046;0.5293024660831749
467736.0;0.0;0.4759015351417692;0.17853429623177003;0.0;0.9518030702835384
465958.0;1967630.5018999993;0.2351283329377348;0.181656925281704;0.06066099581436528;0.4702566658754696
464212.0;1607306.3719999995;0.33237794250873626;0.18472335403377638;0.049552395640413735;0.6647558850174725
462230.0;2141399.6817;0.2042473444287423;0.18820425998257792;0.06601820667196016;0.4084946888574846
462230.0;2500097.7043;0.19681909068016787;0.18820425998257792;0.07707667482771836;0.39363818136033574
461711.0;1146721.9729;0.4291640472353487;0.1891157585635204;0.03535282499999733;0.8583280944706974
460130.0;2428182.4808;0.19258528587695167;0.19189240452974402;0.0748595669573585;0.38517057175390335
457879.0;1659170.746999999;0.3148753467336823;0.19584574423244444;0.051151346577468046;0.6297506934673646
456237.0;1709954.308399999;0.3148005499369743;0.19872952201646668;0.05271697660940202;0.6296010998739486
454351.0;1086812.0079999997;0.4394881148476697;0.20204182707168347;0.03350583283021322;0.8789762296953394
453545.0;2369330.4727000003;0.19331606910803148;0.203457372074072;0.0730451910297777;0.38663213821606296
451735.0;1480679.2314999998;0.35902905378484584;0.20663620142186753;0.045648548636396356;0.7180581075696917
451601.0;1027844.9506999995;0.44246436961900093;0.2068715401691629;0.03168790999734053;0.8849287392380019
448500.0;2025349.2372;0.2209668387821028;0.2123177002838115;0.06244043354775215;0.4419336775642056
446614.0;2203692.4518000004;0.2026869454225841;0.2156300053390283;0.06793865945140858;0.4053738908451682
441930.0;962518.4713999996;0.43731107944995146;0.22385632393851687;0.029673929586100743;0.8746221588999029
435943.0;1761936.9460000002;0.3018093821200085;0.23437104841655662;0.05431957351915129;0.603618764240017
433816.0;2090167.6671;0.21739708031362362;0.2381066119650434;0.06443875106776459;0.43479416062724724
433105.0;1365161.3016000001;0.36345027702404253;0.23935531233315538;0.042087192652444365;0.7269005540480851
429737.0;892266.8142999995;0.44360666367972346;0.2452703936830865;0.02750810857794892;0.8872133273594469
422925.0;1550653.3870999992;0.3102968243710143;0.2572340320903701;0.047805814421749096;0.6205936487420286
418671.0;0.0;0.4576755347452069;0.2647051591873437;0.0;0.9153510694904138
417553.0;1698339.4542999996;0.3074189633662402;0.2666686570938826;0.05235889687071928;0.6148379267324804
416989.0;1951326.9977000004;0.25127107844361984;0.26765918734369293;0.06015836750123402;0.5025421568872397
412463.0;1227688.9279000002;0.41505410005152693;0.27560801697248993;0.0378489929103922;0.8301082001030539
410231.0;1868926.4959000002;0.26844127270640894;0.2795279877483351;0.057618004109853;0.5368825454128179
405952.0;1141731.9625999995;0.4153720041865036;0.287043021328013;0.03519898565179162;0.8307440083730072
402842.0;1015950.7247999997;0.4302341318420168;0.2925049877764352;0.03132121737551022;0.8604682636840336
401445.0;1285143.1438999998;0.36958088720355703;0.2949584820299548;0.03962027565526131;0.7391617744071141
400609.0;1578559.6689999993;0.3048654188229755;0.2964267148115885;0.04866615016461127;0.609730837645951
392043.0;1811450.2706000004;0.29929580414551676;0.3114708320454098;0.05584604283003848;0.5985916082910335
391295.0;1529663.7700000007;0.31403106202893405;0.31278451400792423;0.04715871575468805;0.6280621240578681
391225.0;1457581.6828999997;0.31523636760436746;0.31290745215949645;0.04493646356880173;0.6304727352087349
384467.0;1394189.1080999996;0.32869285558788214;0.3247762525641386;0.042982104398779024;0.6573857111757643
374512.0;1234706.7099999995;0.3763138416245599;0.3422598139770141;0.038065347378460825;0.7526276832491198
367952.0;961129.1485999995;0.4317430303102823;0.3537808750386377;0.029631097507377514;0.8634860606205647
363661.0;1173640.1037999997;0.3772420307418018;0.36131698373001375;0.03618269657612845;0.7544840614836036
358250.0;995754.0037999995;0.42029982233211727;0.3708201028465451;0.03069856327106232;0.8405996446642345
357547.0;1129338.8444;0.3979005091780564;0.37205475314019165;0.03481691244722849;0.7958010183561128
351113.0;0.0;0.44192089858226874;0.3833545255289853;0.0;0.8838417971645375
344358.0;1052614.4135999996;0.4043657666210431;0.3952180571557029;0.03245153928843461;0.8087315332420862
304066.0;0.0;0.4230486471333173;0.4659812572006632;0.0;0.8460972942666346
267230.0;0.0;0.4061431983158294;0.5306748250765729;0.0;0.8122863966316588
201734.0;0.0;0.3487932089502282;0.6457027847247591;0.0;0.6975864179004564
139297.0;0.0;0.27609412334329025;0.7553583471492399;0.0;0.5521882466865805
84381.0;0.0;0.23866147007135038;0.8518050833169416;0.0;0.47732294014270077
23870.0;0.0;0.16430418198458951;0.9580780903138787;0.0;0.32860836396917903
