569392.0;2815695.9482;0.0;-0.0;0.08680639986184062;0.0
569203.0;2784730.143600001;0.022727092049752106;3.31933009244949E-4;0.0858517406707907;0.04545418409950421
568920.0;2761150.5031000003;0.06252010174240111;8.289543934582853E-4;0.08512479296780806;0.12504020348480221
567543.0;2742086.408500001;0.11809195584993928;0.0032473234608143423;0.08453705712938793;0.23618391169987857
565824.0;2729604.792500001;0.13131932672184088;0.0062663332115660214;0.08415225558499156;0.26263865344368176
565598.0;2714424.2387;0.12908260929891613;0.006663247815213421;0.08368424723198403;0.25816521859783226
565126.0;2659878.7936000004;0.14286269181792108;0.007492202208671706;0.08200264033795147;0.28572538363584216
564144.0;2532633.0001;0.19823301281687844;0.009216848849298902;0.07807972059288472;0.3964660256337569
563936.0;2442146.7661;0.21330375415699346;0.009582150785399163;0.07529007840313856;0.4266075083139869
563853.0;2297197.5023000007;0.21330244695739936;0.009727920307977632;0.07082137013897181;0.4266048939147987
562791.0;2578918.1288999994;0.19043019417349183;0.011593067693258774;0.07950666635414068;0.38086038834698366
562192.0;2204765.6595000005;0.24012217460849725;0.0126450670188552;0.06797174587070061;0.4802443492169945
561034.0;2248178.1461;0.22472331070937887;0.014678815297721078;0.06931012960961441;0.44944662141875774
559297.0;2138379.963200001;0.25580470320798365;0.017729437716019893;0.06592511036596566;0.5116094064159673
556414.0;2109259.3313000007;0.2722414141964609;0.022792733301486498;0.06502733686220474;0.5444828283929218
554039.0;2083622.1841000004;0.2824626198702725;0.02696384915840054;0.06423695732829848;0.564925239740545
553796.0;2230075.7328999997;0.24011551674912848;0.027390620170286904;0.06875204189431686;0.48023103349825697
553361.0;2052909.9686000003;0.2923071294462421;0.028154592969342737;0.06329011615354722;0.5846142588924842
551715.0;1948717.7059000009;0.3358844867060447;0.03104539579059769;0.06007792443084789;0.6717689734120894
551096.0;1895693.5807000007;0.33960636096073643;0.0321325203023576;0.05844321901552136;0.6792127219214729
548880.0;1991348.0809000002;0.30254989816530237;0.03602439092927193;0.06139219608751446;0.6050997963306047
547480.0;1778733.1800000004;0.37004879018647246;0.03848315396071599;0.05483739242843698;0.7400975803729449
545736.0;1806361.1740000006;0.35575454071766566;0.04154607019417203;0.05568914870420877;0.7115090814353313
544296.0;1686453.5377999996;0.38197225885540076;0.04407508359794307;0.051992460423245956;0.7639445177108015
543036.0;1845633.7687000004;0.35272439677983103;0.04628797032624273;0.056899901790428725;0.7054487935596621
542060.0;1607634.8397999997;0.3994404747075845;0.04800207941102088;0.04956252212697802;0.798880949415169
541860.0;1445226.9592;0.41318077680332016;0.048353331272655745;0.04455557404613493;0.8263615536066403
540683.0;1588570.7451999998;0.40687587622971794;0.050420448478376935;0.048974786288557864;0.8137517524594359
540250.0;1668304.2666;0.3954126148721454;0.051180908758816424;0.051432928100874534;0.7908252297442908
538175.0;1393303.7790999995;0.417571216573512;0.054825146823278166;0.042954810179304644;0.835142433147024
537311.0;1386935.2487999997;0.4219695805946036;0.05634255486554079;0.04275847179692091;0.8439391611892072
536566.0;1296911.0669999998;0.4342312653305625;0.05765096805013067;0.039983074429331716;0.868462530661125
536435.0;1741845.3176000002;0.37778791252576616;0.0578810380195015;0.05370015936334343;0.7555758250515323
535320.0;1535863.9179000007;0.40084794318033096;0.05983926714811588;0.047349862997753844;0.8016958863606619
532240.0;1200566.4952999998;0.4524132954062785;0.06524854581729284;0.037012822822138684;0.904826590812557
532009.0;1316191.2412999996;0.42806503126962936;0.0656542417174811;0.040577471889313745;0.8561300625392587
530579.0;1080594.2451999995;0.45551078323695765;0.0681656925281704;0.03331414252920329;0.9110215664739153
527654.0;1530850.748900001;0.41298704451347973;0.07330275100458032;0.04719530967921561;0.8259740890269595
526483.0;1001244.0181999997;0.45989740052266304;0.07535933065445247;0.03086781747820011;0.9197948010453261
525971.0;1037249.7176999997;0.4595754928383404;0.07625853542023772;0.03197785393298861;0.9191509856766809
524388.0;937525.8825999998;0.4653808479455881;0.0790386939050777;0.02890342144286807;0.9307616958911762
518369.0;876210.0723999997;0.4786643109260054;0.08960961868097901;0.027013087814524238;0.9573286218520108
516290.0;863159.2251999999;0.48147032125372374;0.09326088178267344;0.026610737176734955;0.9629406425074475
513462.0;807131.8176;0.4827479496746586;0.09822758310619047;0.024883442171584613;0.9654958993493172
505780.0;697012.2117999998;0.4952769070370767;0.1117191671115857;0.021488513631869963;0.9905538140741534
504590.0;726402.9353999997;0.49300902174147804;0.11380911568831314;0.022394613918259698;0.9860180434829561
503751.0;635547.0129999998;0.4936582536567196;0.11528261724787141;0.01959357443290169;0.9873165073134392
500328.0;600303.6848000002;0.4999737905045725;0.12129429285975216;0.018507041477471252;0.999947581009145
495784.0;546617.5122999998;0.49642971333916136;0.12927473515609633;0.0168519254980396;0.9928594266783227
492324.0;443147.5093999998;0.4979575617843576;0.13535139236237953;0.013662000658610443;0.9959151235687153
487313.0;486156.013;0.4969336621296554;0.1441520077556411;0.014987929817739894;0.9938673242593108
486122.0;372025.22639999987;0.49567217305316974;0.14624371259167673;0.011469338719692012;0.9913443461063395
483857.0;283609.11159999995;0.49532041068501387;0.1502216399246916;0.008743517197497587;0.9906408213700277
481202.0;226998.71060000002;0.49076476246550754;0.15488450838789444;0.006998248817690236;0.9815295249310151
479573.0;332990.04900000006;0.4900976393989074;0.15774545480091046;0.010265905081827651;0.9801952787978148
476260.0;117791.0605;0.48638921215144254;0.163563941888892;0.003631435384367351;0.9727784243028851
475908.0;0.0;0.4759015351417692;0.1641821451653694;0.0;0.9518030702835384
474266.0;0.0;0.4747962446403391;0.16706592294939163;0.0;0.9495924892806782
460187.0;0.0;0.47452661591257;0.19179229774917808;0.0;0.94905323182514
458566.0;0.0;0.4713735544529085;0.19463919408772867;0.0;0.942747108905817
448539.0;0.0;0.4641025301670239;0.2122492061707927;0.0;0.9282050603340478
436785.0;0.0;0.44689838828608935;0.2328922780790738;0.0;0.8937967765721787
425430.0;0.0;0.443750225141281;0.25283460252339335;0.0;0.887500450282562
419290.0;0.0;0.4423820508727431;0.26361803467558376;0.0;0.8847641017454863
406694.0;0.0;0.4306766090115246;0.28573987692134767;0.0;0.8613532180230492
390953.0;0.0;0.39252332716188654;0.3133851546913199;0.0;0.7850466543237731
389678.0;0.0;0.38981058232376853;0.31562438530924214;0.0;0.7796211646475371
381531.0;0.0;0.3663826518200061;0.3299326298929384;0.0;0.7327653036400122
371493.0;0.0;0.35993041142213505;0.3475619608283924;0.0;0.7198608228442701
362326.0;0.0;0.3487068039624901;0.3636615899064265;0.0;0.6974136079249802
359030.0;0.0;0.33405813445432025;0.3694502205861691;0.0;0.6681162689086405
353863.0;0.0;0.32647167483769285;0.3785248124315059;0.0;0.6529433496753857
346608.0;0.0;0.3184001349489171;0.39126647371231066;0.0;0.6368002698978342
330932.0;0.0;0.3011459251590898;0.4187975946272515;0.0;0.6022918503181796
318657.0;0.0;0.28501834907025064;0.4403556776350915;0.0;0.5700366981405013
307048.0;0.0;0.27927418509024166;0.4607440919436873;0.0;0.5585483701804833
305280.0;0.0;0.27663599550207135;0.46384915840053953;0.0;0.5532719910041427
295189.0;0.0;0.2661418870211075;0.48157157107932674;0.0;0.532283774042215
290270.0;0.0;0.26066448434588835;0.4902106106162363;0.0;0.5213289686917767
283993.0;0.0;0.24920879195493764;0.5012346502936466;0.0;0.4984175839098753
274572.0;0.0;0.24633290893649443;0.5177803692359569;0.0;0.49266581787298885
268693.0;0.0;0.2298302218099357;0.5281054177087139;0.0;0.4596604436198714
258859.0;0.0;0.22013910990101004;0.5453764717453002;0.0;0.4402782198020201
244411.0;0.0;0.20451616554055196;0.5707509062298031;0.0;0.40903233108110393
231707.0;0.0;0.20414725502051784;0.5930624244808498;0.0;0.4082945100410357
225166.0;0.0;0.20362766143395275;0.6045501166156181;0.0;0.4072553228679055
215847.0;0.0;0.18880742797145467;0.6209166971084946;0.0;0.37761485594290933
202331.0;0.0;0.1846517480944186;0.644654297917779;0.0;0.3693034961888372
195573.0;0.0;0.1806861330937144;0.6565230983224211;0.0;0.3613722661874288
188459.0;0.0;0.17817261239572046;0.6690171270407733;0.0;0.35634522479144093
174059.0;0.0;0.17571306023468952;0.6943072610784837;0.0;0.35142612046937904
167301.0;0.0;0.17232140598687254;0.7061760614831258;0.0;0.3446428119737451
160543.0;0.0;0.16999947460496456;0.7180448618877681;0.0;0.3399989492099291
153785.0;0.0;0.1664698175545988;0.7299136622924102;0.0;0.3329396351091976
147027.0;0.0;0.16402350545048278;0.7417824626970523;0.0;0.32804701090096555
133511.0;0.0;0.16088360256192266;0.7655200635063366;0.0;0.3217672051238453
126753.0;0.0;0.15710118497337772;0.7773888639109787;0.0;0.31420236994675543
119995.0;0.0;0.15461933798886018;0.7892576643156208;0.0;0.30923867597772037
106479.0;0.0;0.15074802476771937;0.8129952651249052;0.0;0.30149604953543874
92963.0;0.0;0.148339320543513;0.8367328659341895;0.0;0.296678641087026
