569392.0;2962106.8201000015;0.0;-0.0;0.09132016872186154;0.0
565335.0;2807058.3855999988;0.19008737632278908;0.007125144013263271;0.08654010842743814;0.38017475264557815
563302.0;2386725.471500001;0.20591267070304908;0.01069561918678169;0.0735814695375457;0.41182534140609817
562679.0;2699091.584899999;0.19817689294090798;0.0117897687357743;0.08321154971734049;0.39635378588181597
560987.0;2291672.8660000013;0.2271904883755736;0.014761359485205272;0.07065104855717759;0.4543809767511472
560304.0;2494660.727;0.20588390100836865;0.01596088459268834;0.07690905572600205;0.4117678020167373
558611.0;2109580.005500001;0.24191792895272454;0.018934231601427487;0.06503722307625012;0.4838358579054491
555126.0;1948646.2420000006;0.32537335813733576;0.02505479529041504;0.060075721237039595;0.6507467162746715
554583.0;2044684.9044000006;0.26499891578066154;0.026008444094753704;0.06303654182415597;0.5299978315613231
553970.0;1880867.3374000005;0.3292930848960202;0.02708503105066457;0.0579861338656949;0.6585861697920404
553524.0;2181242.822400001;0.24191330824913304;0.027868322702110322;0.06724654938615374;0.4838266164982661
544318.0;1809566.8960000004;0.3201825528407077;0.04403644589316323;0.05578797939860806;0.6403651056814154
543085.0;2636782.1456;0.20230716604849133;0.046201913620142185;0.08129058303537308;0.40461433209698267
542487.0;1669437.1664000005;0.39014917274442473;0.04725215668643044;0.05146785479567804;0.7802983454888495
540970.0;1522253.3770999997;0.39476778789028794;0.0499164020569309;0.04693025730567758;0.7895355757805759
540590.0;1738386.0345000005;0.33587827588718555;0.05058378059403715;0.05359351151587046;0.6717565517743711
537424.0;2862106.1878999984;0.18680494349798024;0.05614409756371709;0.08823720272521703;0.3736098869959605
531508.0;1460640.2535;0.43251896006664564;0.06653412763087645;0.045030757664255835;0.8650379201332913
530294.0;1596993.138400001;0.3828818100374247;0.06866622643100008;0.0492344441654605;0.7657636200748494
524474.0;1135393.5801;0.4503398039662212;0.07888765560457471;0.03500357670995471;0.9006796079324424
524131.0;1224224.3473000005;0.4202667897162116;0.0794900525472785;0.03774218174382806;0.8405335794324232
521191.0;1065086.7949;0.455019720415578;0.08465345491331104;0.03283605613196998;0.910039440831156
517823.0;1011289.5566000001;0.46356008070669813;0.0905685362632422;0.03117751605333759;0.9271201614133963
514055.0;1385162.5143000009;0.4154488277700146;0.09718612133644308;0.042703819340587985;0.8308976555400291
509353.0;1300156.8526000008;0.41074730625859357;0.1054440526034788;0.04008314026308753;0.8214946125171871
508320.0;2749453.705299999;0.18096683627491406;0.10725826846882289;0.08476418694868902;0.3619336725498281
506038.0;847793.9143000001;0.48315212523643203;0.11126605221007671;0.026137032861167947;0.9663042504728641
504615.0;2575248.460499999;0.19086304711582977;0.11376520920560879;0.07939353244041167;0.38172609423165954
502443.0;2345398.0973000005;0.20479579573969167;0.11757980442296344;0.0723073686985192;0.40959159147938334
501740.0;2272301.6438000007;0.2102711723483424;0.11881445471661;0.07005384413914346;0.4205423446966848
501562.0;2439420.4635999994;0.19152536358714736;0.11912706887346503;0.0752060279554648;0.3830507271742947
499061.0;2106017.6565;0.24144484573470498;0.12351947340320904;0.06492739776221393;0.48288969146940997
493869.0;1888645.8057000001;0.3014542592338212;0.13263797173125016;0.05822593988239001;0.6029085184676424
492497.0;2191951.5316000013;0.2191630775675231;0.13504755950206537;0.06757669316230033;0.4383261551350462
491655.0;765939.4365000002;0.49861206352373216;0.13652632983954816;0.023613503097618265;0.9972241270474643
490605.0;2026584.2996000003;0.24796440269997988;0.1383704021131312;0.06247850986086304;0.49592880539995976
488445.0;1194336.1627000005;0.43336704820427374;0.14216392221878776;0.036820745000918836;0.8667340964085475
484279.0;1950084.9687000006;0.2666153998704447;0.14948049849664202;0.06012007641157183;0.5332307997408894
482957.0;656106.9817999998;0.49835157692230775;0.1518022733020485;0.020227427272708737;0.9967031538446155
481893.0;1798251.0923000006;0.33287827863431957;0.153670933205946;0.05543911922378406;0.6657565572686391
478954.0;543134.8502999999;0.49858316208729225;0.15883257931267036;0.016744556891585875;0.9971663241745845
475135.0;1727706.6070000008;0.33283158793839107;0.16553973361058813;0.053264270478871015;0.6656631758767821
472198.0;1657957.3106000011;0.3687320372884564;0.17069786719869615;0.051113936982368664;0.7374640745769128
471612.0;1491438.4858000008;0.3942959525358565;0.1717270351532863;0.0459802506909375;0.788591905071713
471074.0;338845.0142;0.4889392074868979;0.1726719026610841;0.010446410526903588;0.9778784149737958
469550.0;442952.9198;0.48816797329743994;0.17534844184674178;0.01365600156533571;0.9763359465948799
466383.0;1336580.281800001;0.40161317905855143;0.1809105150757299;0.04120605510106778;0.8032263581171029
465445.0;964622.7018000002;0.44738914387597734;0.18255788630679742;0.02973880188370115;0.8947782877519547
464092.0;164010.3579;0.4831986694235483;0.1849341051507573;0.005056351598777;0.9663973388470966
462168.0;1142842.6970000004;0.4306042320321579;0.18831314805968472;0.035233228999170245;0.8612084640643158
460467.0;253670.4009;0.4818889569403095;0.19130054514288924;0.007820522761953667;0.963777913880619
460462.0;1019570.6694000001;0.4418964381140861;0.19130932643943013;0.031432818331084356;0.8837928762281722
459106.0;0.0;0.4727887685591451;0.19369081406131453;0.0;0.9455775371182902
458687.0;889431.4236;0.4505712907026191;0.19442668671143956;0.027420694999424563;0.9011425814052382
439511.0;1679065.124800001;0.35888666452911994;0.2281047152049906;0.0517646796027947;0.7177733290582399
437577.0;2317300.1646;0.2007312061826329;0.23150132070699975;0.0714411244640142;0.4014624123652658
435754.0;2435427.3499999996;0.18501140945158515;0.23470298142580157;0.07508292239924275;0.3700228189031703
435543.0;2246613.5926999995;0.1948531771943705;0.23507355213982634;0.06926189526523056;0.389706354388741
432278.0;1570661.6789000006;0.3621637303351558;0.24080773878101555;0.04842265935475887;0.7243274606703116
428996.0;2182945.5442999997;0.19524627982245163;0.2465717818304437;0.06729904339148102;0.39049255964490326
425976.0;1378522.1122000006;0.3920169564253919;0.25187568494113016;0.04249909929604464;0.7840339128507838
424235.0;1837586.4418000006;0.2916969416849135;0.2549333323966617;0.05665180700691814;0.583393883369827
423084.0;1905482.0068000006;0.2876580639842759;0.2569547868603704;0.05874499095598881;0.5753161279685518
422238.0;2118412.4761;0.2198887381036665;0.25844058223508587;0.06530952342002894;0.439777476207333
421053.0;1725417.1358000005;0.3094004755647442;0.2605217495152724;0.05319368730649886;0.6188009511294884
418498.0;1787147.1868000005;0.3057324969719212;0.2650089920476579;0.055096791757113774;0.6114649939438423
416021.0;1086863.7862;0.42391212662647987;0.26935924635400565;0.03350742912442113;0.8478242532529597
414285.0;1317806.7273000004;0.3793178460898131;0.2724081125129963;0.04062727645850983;0.7586356921796262
412705.0;969014.9504999999;0.43180054858714045;0.27518300221991177;0.029874212561543892;0.8636010971742809
412625.0;921052.5475;0.4321341993527868;0.2753235029645657;0.028395557333938684;0.8642683987055736
412589.0;1641386.5155000004;0.3358560205381417;0.27538672829966;0.05060306823377425;0.6717120410762834
411349.0;868160.0752999999;0.4339689663485839;0.27756448984179616;0.026764910710176035;0.8679379326971678
404481.0;1137400.3708000001;0.4134846878708962;0.2896264787703375;0.03506544499372825;0.8269693757417924
396789.0;0.0;0.4545024706401988;0.30313562536881444;0.0;0.9090049412803975
395851.0;781377.3538999999;0.44129802710853816;0.304782996599882;0.024089445832740336;0.8825960542170763
392128.0;1518499.0789000003;0.359220438235236;0.311321550004215;0.04681451430048625;0.718440876470472
386906.0;1258826.6247000005;0.4112723376824846;0.32049273611150136;0.03880895144601658;0.8225446753649692
382415.0;1969878.4148000001;0.2615079307170999;0.32838009666451234;0.060730297766579545;0.5230158614341998
378600.0;1206474.2801000003;0.399699250130335;0.33508022592519743;0.037194956667227455;0.79939850026067
378457.0;1435191.9698000008;0.34745503739447925;0.3353313710062663;0.04424620069102444;0.6949100747889585
377614.0;1369065.3628000002;0.37204653411329636;0.3368118976030573;0.04220755277081189;0.7440930682265927
374031.0;1831876.913800001;0.2789470716890698;0.34310457470424593;0.0564757853129184;0.5578941433781396
367921.0;1049679.9353;0.4114069804156;0.3538353190771911;0.03236107089220792;0.8228139608312
362712.0;984422.8855999999;0.41249897204743197;0.3629836738134712;0.030349230958395628;0.8249979440948639
362708.0;1731238.0799000005;0.285584109702542;0.3629906988507039;0.053373143899260955;0.571168219405084
354119.0;845013.2920999998;0.4187173362744916;0.3780752100486133;0.026051307766200845;0.8374346725489832
354119.0;918316.7174999998;0.41198474438525795;0.3780752100486133;0.028311213158536557;0.8239694887705159
348284.0;0.0;0.4282047472080522;0.3883229831118105;0.0;0.8564094944161044
344102.0;1657610.2572000008;0.3312023277353407;0.39566765953859556;0.051103237511698506;0.6624046554706814
340035.0;1585835.170800001;0.3160651224348102;0.4028103661449406;0.04889044999316705;0.6321302448696204
339705.0;1310705.6692999997;0.36557225778758434;0.4033899317166381;0.04040835463899156;0.7311445155751687
330004.0;1423366.999500001;0.3437472063852825;0.4204274032652373;0.04388164318229472;0.687494412770565
324817.0;1522036.9590000007;0.32937158492847207;0.4295371202967376;0.04692358525142476;0.6587431698569441
310785.0;1115824.9278000004;0.38880037916543747;0.4541809509090398;0.03440028562755037;0.7776007583308749
310128.0;1211178.8169000002;0.3858159546319568;0.45533481327451036;0.03733999502013861;0.7716319092639136
297709.0;1032740.2914999999;0.4002177722229495;0.4771457976227274;0.0318388307355035;0.800435544445899
265853.0;0.0;0.3980438814732588;0.533093194143929;0.0;0.7960877629465176
208560.0;0.0;0.33563214808620445;0.6337145586871611;0.0;0.6712642961724089
128415.0;0.0;0.2653681630927875;0.774469960940793;0.0;0.530736326185575
22474.0;0.0;0.19225339644639844;0.9605298283080901;0.0;0.3845067928927969
