569392.0;3232729.5642;0.0;-0.0;0.09966332315622818;0.0
564959.0;2480053.788299999;0.19108629517963877;0.007785497513136819;0.07645873161967934;0.38217259035927753
564625.0;2405508.360699999;0.19911313815564416;0.008372088122067047;0.07416053596391109;0.3982262763112883
563706.0;3076751.472699999;0.16724249443879685;0.00998609042627926;0.09485460203380318;0.3344849888775937
563274.0;3016109.560599999;0.16724719382075903;0.01074479444741057;0.09298504432338904;0.33449438764151807
560324.0;2348194.3257;0.21541085936361046;0.015925759406524853;0.07239357492428393;0.4308217187272209
559851.0;2982954.529999999;0.1651586511268277;0.016756470059291314;0.09196289246585802;0.3303173022536554
559604.0;2878870.764899998;0.173250409053788;0.017190266108410374;0.08875404566612721;0.346500818107576
557659.0;2940401.574599999;0.17125487317686114;0.020606190462809454;0.09065100761404479;0.3425097463537223
557230.0;2131048.9078000006;0.24164821485192353;0.021359625706016242;0.0656990978496396;0.48329642970384706
556866.0;2174924.8335;0.24163138859258293;0.0219989040941917;0.06705176916809548;0.48326277718516586
556833.0;2077811.7507000004;0.2598660964322785;0.022056860651361452;0.06405782477479481;0.519732192864557
555955.0;2718210.456799999;0.16734564750557646;0.023598856323938516;0.0838009743106172;0.3346912950111529
555809.0;2285453.4456;0.24161254613525612;0.02385527018293197;0.07045930715324634;0.48322509227051225
553763.0;2675657.5013999986;0.1733472015710733;0.027448576727456656;0.08248908945880395;0.3466944031421466
551603.0;2004946.7394000005;0.3000785728064263;0.031242096833113214;0.061811435454637985;0.6001571456128526
550806.0;1925880.9486000007;0.3112756235820584;0.03264183550172816;0.05937387941952524;0.6225512471641168
547726.0;1835243.4769000001;0.3515146970136129;0.038051114170905107;0.05657957465239075;0.7030293940272258
546211.0;1740716.471;0.35522340993797163;0.04071184702278922;0.05366535762652772;0.7104468198759433
543465.0;1660959.6709;0.36181496449623846;0.04553453508303594;0.051206498144342714;0.7236299289924769
543004.0;1552505.3231999998;0.3681620284932157;0.04634417062410431;0.047862908621042165;0.7363240569864314
540591.0;1885925.7756000003;0.35017063687422834;0.05058202433472898;0.05814208280945294;0.7003412737484567
537100.0;1490735.4316000002;0.41745604542355946;0.05671312557956557;0.04595857590604149;0.8349120908471189
534500.0;1368514.5311000005;0.41757276337774113;0.06127939978081884;0.04219057092416139;0.8351455267554823
534437.0;1293530.1132000003;0.41118557895341523;0.061390044117233825;0.039878841432276484;0.8223711579068305
529074.0;1187198.0743000002;0.4320703455201647;0.07080886278697276;0.03660068155397752;0.8641406910403294
528559.0;1429720.1656999995;0.4015298150068306;0.07171333633068255;0.04407750789769425;0.8030596300136612
524443.0;1075250.0968000002;0.45345331446077747;0.07894209964312811;0.033149385292816344;0.9069066289215549
524382.0;1112787.7083000003;0.4410873461795818;0.07904923146092674;0.03430664977508777;0.8821746923591636
519459.0;2217625.8425999996;0.23604923213842285;0.08769529603506898;0.06836821843628023;0.4720984642768457
519444.0;3072389.823800001;0.14683662411249748;0.0877216399246916;0.09472013473142551;0.29367324822499496
516295.0;944766.4965000001;0.4638576370610395;0.09325210048613258;0.02912664569612966;0.927715274122079
513916.0;900603.5831000003;0.46900793876977126;0.09743024138027931;0.027765126700403236;0.9380158775395425
512686.0;3004133.391200001;0.14817151315789034;0.09959044032933374;0.09261582542728843;0.2963430263157807
511961.0;854966.9733;0.47450806869996026;0.10086372832776014;0.02635817443300017;0.9490161373999205
511834.0;1855701.0236999998;0.24584598579078754;0.10108677325989827;0.05721026987672715;0.49169197158157507
511244.0;2007056.0074999994;0.24575982735726887;0.10212296625172114;0.06187646306183448;0.49151965471453773
511025.0;1904449.473;0.2425509700700105;0.10250758704021132;0.05871315849127578;0.485101940140021
510821.0;1005243.8080000001;0.4604705821137849;0.10286586393907887;0.030991128858096833;0.9209411642275698
508978.0;2049429.4612000003;0.23040788786510297;0.10610264984404418;0.06318281397225892;0.46081577573020593
507735.0;3206945.4808000005;0.12655120545123405;0.10828568016410486;0.09886841365787762;0.2531024109024681
507327.0;1805974.2544000002;0.2468934434069218;0.10900223396184;0.05567722017991853;0.4937868868138436
506624.0;1673539.6286000006;0.3159886613106623;0.11023688425548656;0.05159433151074344;0.6319773226213246
506194.0;2449853.8374000005;0.19557377707622195;0.11099207575800152;0.07552768328851663;0.3911475541524439
502033.0;1757272.0892000003;0.31264366455975745;0.11829987073931492;0.05417575847941382;0.6252873291195149
500977.0;3150167.913300001;0.1288989258043881;0.12015448056874702;0.0971179916242989;0.2577978516087762
500197.0;2398960.3472;0.1890797787991171;0.12152436282912299;0.07395866421048367;0.3781595575982342
499966.0;1578911.2297000003;0.31592160409402786;0.12193005872931127;0.048676988592929314;0.6318432081880557
499372.0;2906822.9336;0.16557793341300386;0.12297327675836682;0.08961579607448689;0.3311558668260077
499002.0;1635213.0166000002;0.3121210412224182;0.12362309270239133;0.0504127425651229;0.6242420824448364
497588.0;1490472.9177000006;0.3743655322785689;0.12610644336414983;0.045950482742933015;0.7487310645571378
495916.0;768039.1391000003;0.49802868207224343;0.12904290892741732;0.023678235805566744;0.9960573641444869
492153.0;2785869.363399999;0.14217925569865228;0.13565171270407733;0.08588686220781333;0.28435851139730456
487300.0;657516.6589;0.49752056186623167;0.14417483912664736;0.020270886863612694;0.9950411237324633
487183.0;2528790.9766999995;0.16905207095453242;0.14438032146570376;0.07796127306670485;0.33810414190906485
486928.0;2488263.2812999994;0.18209666430808932;0.14482816758928824;0.07671182589730423;0.36419332861617865
485541.0;1308123.9387000005;0.40469786343340663;0.14726409924972603;0.040328761265657924;0.8093957268668133
485395.0;2589624.1717;0.14803622572846278;0.14752051310871947;0.07983672792660162;0.29607245145692557
484823.0;1247752.5758000002;0.41171650189012193;0.1485250934329952;0.038467544442352876;0.8234330037802439
484440.0;2338536.3802;0.1885514851568596;0.14919774074802597;0.07209582563091552;0.3771029703137192
482752.0;495531.8348;0.4975233475790355;0.15216230646022424;0.015276981388355839;0.995046695158071
481168.0;1096251.2035;0.43913639003205696;0.15494422120437237;0.03379683817809921;0.8782727800641139
481130.0;587888.9474;0.4951353437493456;0.15501095905808301;0.018124301764537012;0.9902706874986912
480306.0;425434.62799999997;0.4956353392459779;0.15645811672801865;0.013115922000331773;0.9912706784919558
479579.0;1047366.9924000001;0.44772995441711627;0.1577349172450614;0.03228976409988066;0.8954599088342325
470526.0;307039.34969999996;0.49005811069365984;0.17363433276196363;0.00946585890440914;0.9801162213873197
469850.0;223266.78870000003;0.4879071987037844;0.17482156405428947;0.006883195661857962;0.9758143974075688
469456.0;2283712.378;0.19882178420158267;0.17551353022171018;0.07040563097050058;0.39764356840316534
468256.0;1484460.7260000005;0.3492311727686328;0.17762104139151938;0.04576513008896841;0.6984623455372656
468155.0;1450510.6537000004;0.3608797574420375;0.177798423581645;0.04471846752112397;0.721759514884075
467798.0;161077.3544;0.4855308916736337;0.1784254081546632;0.004965928669845366;0.9710617833472674
466834.0;0.0;0.47588000636182637;0.18011844212774328;0.0;0.9517600127236527
461468.0;2220252.2974000005;0.22788083764596162;0.18954252957540674;0.06844919063277527;0.45576167529192324
458789.0;1564048.5407;0.3179033334042679;0.1942475482620058;0.04821877984166802;0.6358066668085358
457589.0;1394500.1492;0.36306894476072665;0.196355059431815;0.042991693629504515;0.7261378895214533
456526.0;1741410.04;0.2951487594564402;0.1982219630764043;0.05368673998778171;0.5902975189128804
445520.0;854140.7441000001;0.43345600823661673;0.21755135302217102;0.026332702228745102;0.8669120164732335
445107.0;1141541.8309999998;0.39840086824872006;0.21827668811644702;0.03519312399627214;0.7968017364974401
445105.0;1684399.3965999999;0.29865738203523123;0.21828020063506337;0.05192913234888699;0.5973147640704625
442394.0;1311371.8739999996;0.3712548879357388;0.22304141961952398;0.04042889337351472;0.7425097758714776
438280.0;968924.3784000002;0.43219279314324754;0.2302666704133532;0.029871420272151308;0.8643855862864951
435425.0;1054943.4582;0.39909784501755946;0.23528079073819091;0.03252334248755948;0.7981956900351189
434666.0;1021983.8963000001;0.4038971735113725;0.23661379155309523;0.031507216825485955;0.807794347022745
434607.0;907371.1657000002;0.4223800245787384;0.23671741085227752;0.027973767651727963;0.8447600491574768
427155.0;1107905.0100000002;0.39721011611052537;0.24980505521679264;0.03415611879843687;0.7944202322210507
422899.0;1220886.4998;0.3687708774784856;0.2572796948323826;0.03763927769094263;0.7375417549569712
413197.0;756340.6033999999;0.44630039224804213;0.27431892264029;0.023317576207920403;0.8926007844960843
412401.0;817829.0971000001;0.4416385120472918;0.2757169050495968;0.02521323357619437;0.8832770240945836
404890.0;1369469.0872000004;0.36671408843589215;0.28890816871329417;0.0422199993780966;0.7334281768717843
398765.0;0.0;0.45035270522114657;0.299665256975862;0.0;0.9007054104422931
394100.0;1019886.5180000004;0.4178278652287597;0.3078582066484952;0.03144255577446313;0.8356557304575194
392713.0;1086902.5507;0.3942823206084334;0.31029413830893304;0.03350862421321955;0.7885646412168668
379155.0;961224.1928000005;0.40891200568109065;0.33410550200916067;0.029634027669220846;0.8178240113621813
373069.0;908391.5796000003;0.41472026731357875;0.34479409615870965;0.028005226466407372;0.8294405346271575
310156.0;0.0;0.39801010882217475;0.4552856380138815;0.0;0.7960202176443495
251068.0;0.0;0.3525386034380028;0.5590594880152865;0.0;0.7050772068760056
170044.0;0.0;0.30509989057772446;0.7013586422008037;0.0;0.6101997811554489
95758.0;0.0;0.26950274124453805;0.8318241211678422;0.0;0.5390054824890761
59087.0;0.0;0.2185873761295813;0.8962279062579032;0.0;0.4371747522591626
15632.0;0.0;0.18386250641740284;0.9725461544946188;0.0;0.3677250128348057
