1737141.0;3.31137916768E7;0.07634545298618323;0.0011178292032879358;0.34434755352671187;0.15269090597236645
1735942.0;3.1192259732400004E7;0.08359039592392363;0.0018072722149866166;0.32436570334973125;0.16718079184784726
1735217.0;3.26168434336E7;0.06005416968010985;0.0022241581061305227;0.3391798302576424;0.1201083393602197
1735177.0;3.0362973669299986E7;0.10899968734812734;0.002247158707021221;0.3157420268529573;0.2179993746962547
1734886.0;3.032567029219998E7;0.09656744405416755;0.002414488078501051;0.3153541121505866;0.1931348881083351
1733803.0;2.8887519499299973E7;0.1150146966269192;0.0030372293476167065;0.3003989021893976;0.2300293932538384
1731045.0;2.799428923910003E7;0.1326052154211614;0.004623120779030352;0.29111027532848227;0.2652104308423228
1730625.0;3.008831768769998E7;0.10779108382848558;0.004864627088382684;0.3128859022433524;0.21558216765697116
1730221.0;3.2235403324499995E7;0.08341957153230804;0.0050969331573787365;0.33521326642624727;0.16683914306461609
1729674.0;2.8587369424399983E7;0.12368740789750131;0.005411466374559035;0.29727766663318417;0.24737481579500262
1727460.0;2.908596406779998E7;0.10999869925912213;0.0066845496338591845;0.30246251068040336;0.21999739851824426
1727442.0;2.7869785169099994E7;0.13276515952387016;0.006694899904259999;0.28981556790484797;0.2655303190477403
1726199.0;2.770882307680001E7;0.15938573094010322;0.007409643576938447;0.2881417365527932;0.31877146188020644
1726139.0;2.7653860649700023E7;0.1372867461884471;0.007444144478274495;0.2875701868645999;0.2745734923768942
1723881.0;2.7558217428799998E7;0.1410297281130234;0.008742528398554413;0.28657560099990076;0.2820594562260468
1722992.0;2.7518691955999974E7;0.17149454909333145;0.009253716753350181;0.2861645789099656;0.3429890981866629
1721465.0;2.702387362259997E7;0.1681386504253423;0.010131764692352588;0.2810190043949869;0.3362773008506846
1721126.0;2.717852173950001E7;0.14948659853257107;0.010326694784901256;0.282627177244288;0.29897319706514214
1718549.0;3.1891125339200005E7;0.06010144125675313;0.011808508497284492;0.33163314841595565;0.12020288251350626
1714188.0;2.682630598750001E7;0.17583681931714776;0.01431614900939287;0.2789645150611546;0.3516736386342955
1713944.0;2.60606055763E7;0.20715903491760115;0.01445645267482613;0.2710020604469387;0.4143180698352023
1713659.0;2.6178222771599993E7;0.17969847228220287;0.014620331956172355;0.27222515183585394;0.35939694456440574
1712780.0;2.8519012181699976E7;0.11336937123812589;0.01512577016074545;0.296566825376486;0.22673874247625178
1710831.0;3.0092227475500006E7;0.10231911107984097;0.016246474439144724;0.3129265598000855;0.20463822215968194
1709913.0;2.7587257507299997E7;0.12768478658861568;0.01677433822958625;0.28687758635039456;0.25536957317723136
1707823.0;2.5931487333399996E7;0.19793187886575664;0.017976119626125234;0.26965937062475703;0.3958637577315133
1707174.0;2.739066770400001E7;0.11956523729315778;0.018349304375576813;0.28483326540776827;0.23913047458631556
1705770.0;2.5850784160499975E7;0.18346290905856277;0.01915662546684032;0.26882014507121116;0.36692581811712555
1705495.0;2.552292702990003E7;0.15445617118137703;0.019314754597963873;0.2654107861572491;0.30891234236275406
1704858.0;2.663071720050003E7;0.1425693124279001;0.01968103916714824;0.27693060360341337;0.2851386248558002
1704791.0;2.829957653389999E7;0.11895922815704714;0.019719565173640163;0.29428493240530396;0.23791845631409428
1704113.0;2.447014533519998E7;0.2219300192789647;0.020109425358737498;0.2544629972569023;0.4438600385579294
1703000.0;2.370450394580001E7;0.22089944085419425;0.020749417078521175;0.24650115640545472;0.4417988817083885
1702562.0;2.5976931825100016E7;0.15049552824417894;0.02100127365827432;0.2701319440977952;0.3009910564883579
1701533.0;2.7359514380199995E7;0.1370609191089035;0.021592964116187535;0.2845093045959269;0.274121838217807
1700748.0;2.4716292951399986E7;0.21043519537348968;0.02204435090866749;0.2570226657561243;0.42087039074697935
1700611.0;2.7005033423800018E7;0.1272262211952043;0.022123127966718132;0.2808230867414593;0.2544524423904086
1699366.0;2.2955022416900005E7;0.2459249358485471;0.022839021669441115;0.23870736059345193;0.4918498716970942
1698904.0;2.5401429778500028E7;0.15590268851636674;0.02310467860972868;0.26414734638906573;0.3118053770327335
1697965.0;2.509997328619999E7;0.20298193785925694;0.02364461771563782;0.26101252550743925;0.4059638757185139
1696816.0;2.179366953699999E7;0.2566505412603885;0.024305309976223127;0.22663054900757265;0.513301082520777
1695873.0;2.1481084185599994E7;0.25183324107136174;0.02484754914222134;0.2233800000498014;0.5036664821427235
1695806.0;2.345000226180001E7;0.21228452656228447;0.02488607514871326;0.2438546146530275;0.42456905312456894
1695485.0;2.278282695609999E7;0.24552560747745159;0.025070654970861115;0.23691671438073106;0.49105121495490317
1694701.0;2.2690021776399978E7;0.25089723377463335;0.0255214667483188;0.2359516410693985;0.5017944675492667
1694614.0;2.4396763007900026E7;0.17687865054565619;0.025571493055256068;0.2536999005652136;0.35375730109131237
1691522.0;2.2105332492300004E7;0.22640587952156987;0.027349439504107044;0.22987150604535142;0.45281175904313975
1691339.0;2.1245105539300002E7;0.2689534525717081;0.027454667253181988;0.22092607781911713;0.5379069051434162
1690646.0;2.6513823618800018E7;0.14386246479646383;0.027853152663613337;0.2757150370118782;0.28772492959292767
1690575.0;2.402673334300002E7;0.18513529829921185;0.027893978730194325;0.24985199298989666;0.3702705965984237
1689718.0;2.394570082279998E7;0.21170924112158654;0.028386766604277535;0.2490093425812895;0.4234184822431731
1688057.0;2.4155144624900028E7;0.17312256507777396;0.029341866556263783;0.2511873311836945;0.3462451301555479
1687687.0;2.034063893389999E7;0.26990406380672216;0.02955462211450274;0.21152060514308074;0.5398081276134443
1685583.0;1.617784971589999E7;0.2971515829690222;0.03076445372135347;0.16823210779863537;0.5943031659380444
1679833.0;1.5773643663300002E7;0.2834146315459627;0.034070790099391346;0.16402880282250928;0.5668292630919254
1678665.0;2.011980589590001E7;0.22213256885276506;0.03474240764539974;0.2092241808279383;0.4442651377055301
1676575.0;2.4962397146800008E7;0.14521362677774016;0.03594418904193872;0.25958188272607435;0.2904272535554803
1674719.0;2.3142985177700005E7;0.21389685978907877;0.03701141692326712;0.24066196964177042;0.42779371957815754
1674533.0;2.2582954046700004E7;0.20878334450452102;0.03711836971740887;0.2348382526920211;0.41756668900904204
1673135.0;2.4000306434499968E7;0.19578027595669617;0.03792224071853877;0.2495771817759443;0.39156055191339234
1668283.0;1.9729241802500006E7;0.23988240159091212;0.04071221360658047;0.20516273744596839;0.47976480318182424
1668105.0;2.0165043391599998E7;0.20949246099490515;0.04081456628054408;0.20969460176686328;0.4189849219898103
1667614.0;1.9058681927299995E7;0.21729950382969823;0.0410968986564774;0.19818964131816746;0.43459900765939646
1666987.0;2.3006242250200003E7;0.19983757859760828;0.041457433075439094;0.2392399913613521;0.39967515719521657
1665680.0;1.7650186271899972E7;0.2347497183418356;0.04220897770954266;0.18354281265463487;0.4694994366836712
1659299.0;1.5020058749900004E7;0.30191237321744413;0.045878148566631305;0.15619233625786233;0.6038247464348883
1656017.0;1.458308087840001E7;0.3026788928126595;0.04776534786971309;0.15164823987454915;0.605357785625319
1654242.0;2.39620605324E7;0.19677133765476618;0.04878599953423783;0.24917946583483166;0.39354267530953235
1653353.0;1.74887678674E7;0.27259864001145445;0.0492971878890336;0.18186423615012987;0.5451972800229089
1652932.0;1.6536232994599981E7;0.24234579248576818;0.0495392692134082;0.17195890557672508;0.48469158497153636
1649776.0;1.4995099745200006E7;0.2961691927655352;0.051354016623684294;0.15593278965290716;0.5923383855310704
1648331.0;2.2306903524899993E7;0.19294159819947743;0.05218491333086077;0.23196762637536752;0.38588319639895485
1646183.0;1.3972857042800004E7;0.3301840787410607;0.05342004559869126;0.14530257318245093;0.6603681574821214
1645268.0;2.191597043519998E7;0.1978905224623616;0.05394618434406599;0.2279023458316975;0.3957810449247232
1644220.0;1.5581218006900007E7;0.2857625061494841;0.05454880008740228;0.16202778449564903;0.5715250122989682
1643698.0;1.6484422752600001E7;0.2801028661252181;0.054848957929025895;0.17142013519807286;0.5602057322504362
1640716.0;1.4270975037499996E7;0.3223926117221491;0.05656365272542745;0.1484026773064119;0.6447852234442982
1639758.0;1.4977089703100005E7;0.28623789132565924;0.057114517116759675;0.15574550472955623;0.5724757826513185
1635978.0;1.3653659010100001E7;0.32299918354894186;0.05928807390093066;0.14198325950422325;0.6459983670978837
1635718.0;1.7451130354399987E7;0.24151294887010347;0.0594375778067202;0.18147284679644662;0.48302589774020693
1633801.0;1.7852135086699992E7;0.23285874118179886;0.06053988160440692;0.18564286151019155;0.4657174823635977
1632299.0;1.4320799684299989E7;0.3088876911616356;0.061403554167852634;0.14892079964644372;0.6177753823232712
1629831.0;1.33073254187E7;0.3379306690952636;0.06282269124280872;0.13838176541781014;0.6758613381905272
1628182.0;1.6412662353399983E7;0.25100146086802994;0.06377089101452775;0.17067390480120959;0.5020029217360599
1627625.0;1.423959157519999E7;0.3042546907578622;0.06409117438193072;0.1480763233035335;0.6085093815157244
1627538.0;1.4971258771199977E7;0.275750128561973;0.064141200688868;0.15568486935580764;0.551500257123946
1626336.0;1.3806469116700007E7;0.3194382836852374;0.06483236874563347;0.1435723190379502;0.6388765673704748
1618588.0;1.3652531948300011E7;0.3249555149962225;0.06928758513816173;0.1419715392827129;0.649911029992445
1618202.0;1.494193565480001E7;0.30018813054306076;0.06950954093675697;0.15537994071783529;0.6003762610861215
1617378.0;1.8123664868899994E7;0.22834762403967981;0.06998335331510536;0.18846647703337913;0.45669524807935963
1614471.0;1.5626037520200003E7;0.2586080269081453;0.07165492198483685;0.16249385887051213;0.5172160538162907
1609183.0;1.40417402942E7;0.3048603248453608;0.07469560142258716;0.14601888435968083;0.6097206496907216
1605606.0;1.4301819425999995E7;0.2718817626776405;0.07675243015723786;0.1487234255258749;0.543763525355281
1605040.0;1.2752678436100008E7;0.34541427087158966;0.07707788865984123;0.13261403777751424;0.6908285417431793
1601980.0;1.3980527946500007E7;0.30427118889324556;0.07883743462797965;0.14538234226924768;0.6085423777864911
1601792.0;1.39504909783E7;0.2851223246807423;0.07894553745216594;0.1450699903460374;0.5702446493614846
1600982.0;2.309625822509999E7;0.18881255024569468;0.07941129962020257;0.24017605996496202;0.37762510049138936
1599778.0;1.5891686717700003E7;0.2549773352260907;0.08010361770701259;0.16525632268463186;0.5099546704521813
1595756.0;1.3606398037600007E7;0.329707549512135;0.0824163281265723;0.14149179659908367;0.65941509902427
1591155.0;1.3145107049899992E7;0.3437830324773243;0.08506197224402487;0.13669487015137308;0.6875660649546486
1589280.0;1.2411575987400003E7;0.35233906059102676;0.08614012541077636;0.12906694190706125;0.7046781211820535
1589219.0;2.1666949635399994E7;0.20237154719062803;0.08617520132713467;0.22531279933622722;0.40474309438125605
1586320.0;1.5135749292699996E7;0.2631490655166312;0.08784216987668803;0.1573953925483706;0.5262981310332624
1582743.0;1.3947923092099987E7;0.27347834276209093;0.08989899861133872;0.14504328711194872;0.5469566855241819
1581086.0;2.3313194413999997E7;0.17011062580325848;0.0908517985032359;0.2424319612718324;0.34022125160651695
1579171.0;1.3938755793899996E7;0.2842913599262257;0.09195295227087807;0.14494795714374614;0.5685827198524513
1578941.0;1.3143980100900011E7;0.3375119842373377;0.0920852057259996;0.1366831511028606;0.6750239684746754
1578392.0;1.6982826856900007E7;0.24218791280957996;0.09240088897322443;0.17660299784510766;0.4843758256191599
1577745.0;1.6763344945100008E7;0.23541862722184456;0.09277292369263147;0.17432062377845417;0.4708372544436891
1577175.0;1.2974045260500005E7;0.31441146205345283;0.09310068225532392;0.13491601289284125;0.6288229241069057
1576209.0;1.6606121988299994E7;0.23552142693614564;0.09365614676683429;0.17268567538411939;0.4710428538722913
1575759.0;2.1914172896999996E7;0.19876843247693707;0.09391490352685464;0.22788365338211103;0.39753686495387414
1574543.0;1.5471060976800002E7;0.2567975840906448;0.09461412179393186;0.16088227074147265;0.5135951681812896
1574329.0;1.3657896331000015E7;0.3108918450547148;0.0947371750086971;0.14202732305030302;0.6217836901094296
1573633.0;1.0226219503699996E7;0.440337101184402;0.09513738546419526;0.10634160238416202;0.880674202368804
1573436.0;2.304822233140002E7;0.18992959885107863;0.09525066342358195;0.23967653871899602;0.37985919770215726
1571618.0;1.0830494994300002E7;0.43321172928400464;0.09629604073406418;0.11262541273349298;0.8664234585680093
1569333.0;1.560370269709999E7;0.2557046371344594;0.09760995005994531;0.16226160091080738;0.5114092742689188
1568709.0;1.3926972641399998E7;0.3055093856207839;0.0979687594338402;0.14482542512518998;0.6110187712415678
1563896.0;1.2236245895999998E7;0.3493287066566439;0.10073630673601348;0.12724369893257864;0.6986574133132878
1562066.0;1.3548600578899998E7;0.28563780520716164;0.10178858422676293;0.14089076565410275;0.5712756104143233
1561227.0;1.3548147469799992E7;0.29677042241957907;0.10227102183044533;0.14088605381042169;0.5935408448391581
1560687.0;1.29567840869E7;0.31990505363598465;0.10258152994246975;0.13473651539046594;0.6398101072719693
1559867.0;1.18973638805E7;0.42504155522486176;0.10305304226072906;0.12371969316149134;0.8500831104497235
1559858.0;1.2678025074099995E7;0.3335186874948178;0.10305821739592946;0.13183772370215394;0.6670373749896356
1559853.0;9076656.014700003;0.4256529064597763;0.10306109247104081;0.09438738768943962;0.8513058129195527
1559360.0;1.3328929902899997E7;0.2873418700700307;0.10334457487701866;0.1386064286443016;0.5746837401400614
1558322.0;1.25934876802E7;0.3486065894476126;0.10394144047013228;0.1309586264047163;0.6972131788952252
1556323.0;2.2420567044299994E7;0.17587736051076358;0.10509089549964493;0.23314960381886424;0.35175472102152716
1553104.0;1.1219567673799997E7;0.42047939102407983;0.10694186885632387;0.11667134702690014;0.8409587820481597
1548601.0;1.8896157773700017E7;0.22780632278604812;0.10953116150159423;0.19649956622113887;0.45561264557209624
1546627.0;8028398.505899999;0.428776795370239;0.11066624115555018;0.08348664542034501;0.857553590740478
1545217.0;2.08303867797E7;0.19855190824726046;0.1114770123369473;0.2166134520810641;0.3971038164945209
1544106.0;1.5754663394200003E7;0.2544809373840918;0.11211585402668645;0.16383142858963212;0.5089618747681836
1542939.0;8434513.039000006;0.4278954329371886;0.11278689655767257;0.08770979652576817;0.8557908658743772
1540180.0;9067340.705799995;0.42166360930109226;0.11437336300410848;0.09429051857033144;0.8433272186021845
1540158.0;8851467.061000004;0.41623705520088294;0.11438601333459837;0.09204566657079882;0.8324741104017659
1533545.0;1.2217971047399996E7;0.3965151734418092;0.11818858767685306;0.12705366030855447;0.7930303468836184
1533222.0;1.0230753179799998E7;0.3979098566367483;0.11837431752904545;0.10638874770321081;0.7958197132734967
1532671.0;1.273113498769999E7;0.3237900081997906;0.11869115080631482;0.1323900092572082;0.6475800163995812
1530895.0;6711956.914600002;0.459301176840216;0.11971237748586182;0.06979707927976427;0.918602353680432
1527463.0;1.1910316799800007E7;0.38173180646136523;0.12168582904228373;0.12385438948728575;0.7634636129227305
1527073.0;1.1722587958100002E7;0.37227928095739954;0.12191008490096804;0.12190221294414798;0.7445585619147991
1526372.0;9463718.601199996;0.3990116053617977;0.12231317043157752;0.09841241919365043;0.7980232107235954
1525951.0;9348377.007700002;0.40386430914418503;0.12255525175595212;0.09721299159776378;0.8077286182883701
1525841.0;8713124.694500005;0.41553012859587884;0.12261850340840154;0.09060705585782673;0.8310602571917577
1520780.0;1.053299270670001E7;0.3882636378408984;0.12552865443609715;0.1095317112962326;0.7765272756817968
1519473.0;1.1396889836900003E7;0.3829021687424965;0.12628019907020072;0.11851530538858579;0.765804337484993
1518383.0;1.2488418939799998E7;0.33443641234130894;0.12690696544447225;0.12986602535008618;0.6688728246826179
1517611.0;9127262.5412;0.4033454550899165;0.1273508770416627;0.09491364073115842;0.806690910179833
1517540.0;9194357.325400002;0.4015213019762108;0.12739170310824371;0.09561135378737301;0.8030426039524216
1517505.0;7912285.719499998;0.4263009166693556;0.12741182863402306;0.08227919825391185;0.8526018333387112
1516491.0;1.1380513576499999E7;0.38667757147305887;0.12799489386660226;0.11834501002465714;0.7733551429461177
1516039.0;1.1301486012599993E7;0.3841415445714912;0.12825480065666717;0.11752320898913246;0.7682830891429824
1514379.0;1.0219202667899994E7;0.39259484528819416;0.12920932559363113;0.10626863489482065;0.7851896905763883
1513916.0;8437031.173800008;0.4141352810548479;0.12947555754894097;0.08773598239920406;0.8282705621096959
1513550.0;7607626.925099998;0.44280230238254603;0.12968601304709085;0.07911107690024827;0.8856046047650921
1513076.0;7536379.262500003;0.4474745098200092;0.12995857016764564;0.0783701784084578;0.8949490196400184
1511075.0;8316385.804900002;0.4200344725813957;0.1311091752272028;0.08648140128597712;0.8400689451627914
1509969.0;7842077.1237;0.43402290765575596;0.13174514184183062;0.08154910493097738;0.8680458153115119
1509689.0;8056469.816300005;0.4191298648826708;0.1319061460480655;0.08377855663229188;0.8382597297653416
1508903.0;1.2117084710999995E7;0.3457907698899513;0.13235810785556773;0.12600455172374833;0.6915815397799026
1508792.0;1.1602161511699993E7;0.37586449045161063;0.1324219345230394;0.12064990838771107;0.7517289809032213
1507597.0;1.0422812693499992E7;0.3879905193269588;0.13310907747464903;0.10838595854271905;0.7759810386539177
1506509.0;8783209.3353;0.41312151994966156;0.133734693818876;0.0913358601830706;0.8262430398993231
1506443.0;9126143.080200002;0.4129886981114402;0.13377264481034568;0.09490199954973225;0.8259773962228804
1506318.0;1.2135476093299996E7;0.3315326412125759;0.1338445216881291;0.12619580217198428;0.6630652824251518
1505410.0;9104564.222800007;0.41114797660424857;0.13436663532834794;0.09467760281419332;0.8222959532084971
1503041.0;6427251.604500007;0.46752175240776356;0.13572884591609957;0.06683645254254639;0.9350435048155271
1502721.0;7541097.637700004;0.4448797979045974;0.13591285072322515;0.07841924439801887;0.8897595958091948
1502362.0;1.13174836673E7;0.3827480240002257;0.13611928111621915;0.11768956726401321;0.7654960480004513
1502296.0;1.1291259878600014E7;0.3701783217651002;0.13615723210768882;0.11741686827589436;0.7403566435302004
1500805.0;8238792.232900001;0.41009966333415554;0.13701457950588958;0.08567451221243381;0.8201993266683111
1500409.0;7567833.082899999;0.43299824277004473;0.1372422854547075;0.07869726405934072;0.8659964855400895
1500157.0;8554121.082300002;0.40969946927134715;0.1373871892403189;0.08895359057673234;0.8193989385426943
1499549.0;7769506.9696;0.4287587969671241;0.13773679837385752;0.08079445396055107;0.8575175939342482
1499076.0;9471229.454200003;0.3981201406144425;0.13800878047939003;0.09849052392658754;0.796240281228885
1498393.0;8719610.902299995;0.409551146986266;0.1384015157395987;0.09067450539092134;0.819102293972532
1496224.0;6158625.069499999;0.4618901132189691;0.13964872332289682;0.06404302764447234;0.9237802264379382
1495290.0;9098357.942199996;0.40267821895316797;0.1401857873536946;0.09461306422066791;0.8053564379063359
1495177.0;7121944.471200001;0.451868347297282;0.14025076405121084;0.07406050563303555;0.903736694594564
1492118.0;9890027.73640001;0.39468387937321586;0.14200973500432698;0.10284557227938003;0.7893677587464317
1489933.0;9385185.983700002;0.398122362283134;0.1432661428279814;0.09759576506439473;0.796244724566268
1488879.0;8963623.612399995;0.40469496465956534;0.14387220866145128;0.09321197317994614;0.8093899293191307
1488606.0;1.0275911604399998E7;0.3783573375628319;0.1440291877625303;0.1068583463883721;0.7567146751256638
1488583.0;7720510.431600001;0.4321925806696036;0.14404241310804244;0.08028494305475531;0.8643851613392072
1487772.0;7320581.473599998;0.43207049528074915;0.14450875029110136;0.07612611522809261;0.8641409905614983
1487680.0;8961553.714500008;0.3946596397679342;0.14456165167314997;0.09319044848459059;0.7893192795358684
1486892.0;1.008786058329999E7;0.3895029329745894;0.14501476351069673;0.10490281952856657;0.7790058659491788
1486611.0;6397317.283399998;0.4615763202677888;0.14517634273195387;0.06652516803795452;0.9231526405355776
1484307.0;7965210.204000004;0.4105009858999246;0.1465011773432581;0.08282955554724494;0.8210019717998492
1483611.0;8663239.623599995;0.4093935744756315;0.14690138779875625;0.09008830517262627;0.818787148951263
1483326.0;6254369.572600001;0.45639119432490366;0.14706526708010248;0.06503866673430858;0.9127823886498073
1482536.0;1.1626917520900005E7;0.36268057825307626;0.14751952894769377;0.12090734405941887;0.7253611565061525
1476335.0;9892070.680299994;0.39387964905156075;0.15108519710077425;0.10286681668234113;0.7877592981031215
1476136.0;5979150.575500004;0.46802972062768655;0.1511996250902055;0.06217668737355006;0.9360594412553731
1470578.0;6666002.912000003;0.45561282316253576;0.154395558583968;0.06931920744543862;0.9112256463250715
1470324.0;7752162.758200003;0.42882078141756497;0.15454161239962394;0.08061409295503011;0.8576415628351299
1469974.0;6413568.894300003;0.4559294372167827;0.15474286765741754;0.0666941671821451;0.9118588744335654
1467938.0;1.1060392570999993E7;0.37250287678087834;0.15591359824275408;0.11501609842938161;0.7450057535617567
1467277.0;1.0045403276000004E7;0.38639956199003855;0.15629368317247289;0.10446130953657357;0.7727991239800771
1467169.0;5436574.240100004;0.480157925329946;0.15635578479487777;0.056534481385180024;0.960315850659892
1467111.0;7814251.433599996;0.41974963831855444;0.15638913566616927;0.08125974790401262;0.8394992766371089
1466261.0;6831230.547600003;0.45327074607741336;0.1568778984350966;0.07103739582595335;0.9065414921548267
1465540.0;7105084.025800004;0.44687512309029226;0.15729248426615144;0.07388517526973779;0.8937502461805845
1464698.0;5793649.737600002;0.4689083799336193;0.15777664691490065;0.06024767965581492;0.9378167598672386
1464275.0;1.2049295324900014E7;0.3597047388203725;0.1580198782693198;0.1252996155603986;0.719409477640745
1464118.0;5667315.228;0.47770362373501885;0.15811015562781577;0.058933937643684174;0.9554072474700377
1460786.0;5647356.401599999;0.4695334562269332;0.16002610568201095;0.05872638747518686;0.9390669124538664
1459753.0;9815153.521899993;0.38549758934666206;0.16062009620001322;0.10206696157732084;0.7709951786933241
1455099.0;6261480.981599997;0.4500714548826339;0.16329621611364598;0.06511261768245664;0.9001429097652678
1448245.0;5968504.296099996;0.46640658301256677;0.16723736907626713;0.062065977603393385;0.9328131660251335
1448226.0;7269687.461700005;0.4459469059820241;0.1672482943616902;0.07559687264971399;0.8918938119640482
1447924.0;5882489.268299999;0.4661801329623545;0.16742194889841497;0.06117151451446199;0.932360265924709
1446888.0;6882043.258500004;0.450031933237787;0.16801766446148406;0.07156579296202444;0.900063866475574
1445802.0;5619032.744199997;0.47671971738010294;0.1686421307756665;0.05843185212786653;0.9534394347602059
1442012.0;5530689.416699993;0.47591366412582903;0.17082143771006017;0.057513177244846454;0.9518273282516581
1440609.0;6015856.472799996;0.46507925213231255;0.17162818378630143;0.06255838893339016;0.9301585042646251
1439385.0;9670709.744399998;0.3894275701264824;0.1723320021735568;0.10056490280103375;0.7788551402529648
1439098.0;6245027.464;0.4585501638522368;0.17249703148494755;0.06494151892735886;0.9171003277044736
1437366.0;6085661.8888;0.4606695765215579;0.1734929575035148;0.06328428962326364;0.9213391530431158
1437188.0;5031500.741500003;0.4831849155370609;0.1735953101774784;0.05232215591056088;0.9663698310741218
1435281.0;1.0180194770900004E7;0.37952976749141437;0.17469186382494242;0.10586299503239499;0.7590595349828287
1434168.0;6034214.407600001;0.4617992854035687;0.1753318555447261;0.06274929156386766;0.9235985708071374
1433097.0;5368564.411000002;0.47967710092797217;0.17594769663357454;0.055827252853487504;0.9593542018559443
1432529.0;7015166.114499996;0.44223246090626944;0.17627430516622247;0.07295012642131242;0.8844649218125389
1431126.0;5245660.3873999985;0.4765340213851254;0.1770810512424637;0.05454918417870926;0.9530680427702508
1430409.0;5620490.147399998;0.4676964737191784;0.17749333701342948;0.05844700754200094;0.9353929474383568
1428916.0;5975902.6674999995;0.4647038215041628;0.1783518344416748;0.06214291264956806;0.9294076430083256
1425271.0;6767563.096899996;0.4441618122043128;0.18044776419783967;0.07037532332450706;0.8883236244086256
1425001.0;6855856.621299998;0.4434278094100395;0.1806030182538519;0.07129348030925046;0.886855618820079
1423957.0;6727129.497399996;0.4458778268617832;0.18120333393709911;0.06995485770087816;0.8917556537235664
1420237.0;5551499.015599994;0.47241327839247776;0.18334238981993406;0.057729574525503015;0.9448265567849555
1417872.0;4958184.963199998;0.48582309205312996;0.18470230034759658;0.051559751256363535;0.9716461841062599
1417621.0;1.0987830496299999E7;0.37527770773458213;0.18484662911818572;0.11426153147596106;0.7505554154691643
1417489.0;5829344.341400001;0.4638622812191722;0.18492253110112503;0.060618864859025776;0.9277245624383444
1415185.0;5614950.277099998;0.4682795329636363;0.18624736571242922;0.05838939889351756;0.9365590659272726
1412693.0;8470187.331200004;0.4089542421730457;0.18768030314791975;0.08808077051034732;0.8179084843460914
1410432.0;5237307.605100002;0.479183316565958;0.18898041211326647;0.05446232429331112;0.958366633131916
1410373.0;1.1248534372700002E7;0.37085897035681925;0.18901433799958023;0.11697256930906332;0.7417179407136385
1409765.0;5286029.2175;0.4759539563314557;0.18936394713311885;0.05496897627075804;0.9519079126629114
1409266.0;5127227.010499999;0.47776025621364715;0.1896508796292303;0.053317605385514326;0.9555205124272943
1408795.0;4796192.9348;0.4865537668256701;0.18992171170471828;0.04987520968483911;0.9731075336513402
1408283.0;5921719.3461000025;0.4623725585372137;0.1902161193961192;0.06157946481646737;0.9247451170744274
1406278.0;3885405.686599999;0.49741879493600283;0.19136902451576548;0.04040400917231284;0.9948375898720057
1404297.0;5973870.009199999;0.4614927155364725;0.19250812927487732;0.062121775205701994;0.922985431072945
1403321.0;5851115.3248000005;0.4632549688278642;0.19306934393661035;0.06084525949678974;0.9265099376557284
1400881.0;5537896.612700004;0.4720343188276191;0.19447238059094293;0.05758812427400621;0.9440686376552382
1400492.0;5737085.208900001;0.46485136534011134;0.19469606143460497;0.05965946984691275;0.9297027306802227
1399945.0;4752757.8862;0.4822501471734388;0.19501059465178527;0.049423532242741694;0.9645002943468776
1392491.0;4719363.315900003;0.48727059390998617;0.1992967566277669;0.04907626489576686;0.9745411878199723
1392014.0;5296806.165600006;0.4756438402923834;0.19957103879338847;0.05508104485381073;0.9512876805847668
1388107.0;5578656.6910000015;0.469049670461126;0.20181762248538743;0.05801198492340429;0.938099340922252
1386976.0;4710434.555400001;0.48707886954061513;0.20246796447557192;0.04898341546118049;0.9741577390812303
1384868.0;5730217.431499999;0.4668687481184053;0.20368009614251173;0.05958805240342156;0.9337374962368106
1384460.0;5544982.1252999995;0.4671521672147045;0.20391470227159683;0.05766180592765388;0.934304334429409
1380871.0;4677182.135400003;0.4921922156885746;0.20597843118651474;0.04863762632330099;0.9843844313771491
1378744.0;4699682.3864;0.4830137922315159;0.20720148813887762;0.04887160455391885;0.9660275844630318
1376363.0;4164997.314100001;0.4965105407746049;0.20857059890689644;0.043311459151338653;0.9930210815492098
1374585.0;4439178.531299998;0.48971825760226534;0.209592975616488;0.04616264672560677;0.9794365152045307
1374407.0;5038464.405900001;0.48103695632920923;0.2096953282904516;0.05239457047495521;0.9620739126584185
1370567.0;3985675.1478999997;0.49653937152925787;0.21190338597595862;0.041446702924484;0.9930787430585157
1370175.0;4537937.9114;0.48913761737289646;0.21212879186468747;0.04718963726952193;0.9782752347457929
1368496.0;4104048.2584000006;0.49419809297641576;0.21309424208707453;0.04267765501241962;0.9883961859528315
1366124.0;4370565.7877;0.4887882686456689;0.21445817771989292;0.045449148536392515;0.9775765372913378
1361003.0;5038267.831699999;0.476310953043216;0.21740282964892457;0.052392526316269984;0.952621906086432
1360228.0;4658058.5579;0.48450130490705917;0.21784846629118185;0.04843876183834326;0.9690026098141183
1358768.0;3956437.996099998;0.49451304541268687;0.21868798822369234;0.04114266822520571;0.9890260908253737
1357406.0;3256189.6195999985;0.49786064428585763;0.21947115868402062;0.03386084385237906;0.9957212885717153
1356944.0;3238979.2567000003;0.49675597644505975;0.2197368156243082;0.03368187472622872;0.9935119528901195
1346189.0;3089072.126499999;0.49669659071153205;0.2259211021887947;0.03212300300158878;0.9933931814230641
1344448.0;2684083.7737000007;0.49322781661427473;0.22692220334256233;0.027911562951031307;0.9864556332285495
1342866.0;4111364.5597;0.49011062378173165;0.22783187710778943;0.04275373661847998;0.9802212475634633
1336387.0;5414290.620099995;0.4736392613376552;0.2315573994370603;0.056302755882235045;0.9472785226753104
1332795.0;2622295.6418000003;0.49176307181345696;0.233622853397045;0.027269033328799687;0.9835261436269139
1322605.0;2519966.2630999987;0.49337477255525103;0.23948225647395038;0.026204918667658617;0.9867495451105021
1312686.0;2516243.8060999997;0.4956758089017947;0.2451858304798213;0.026166209148266548;0.9913516178035894
1311903.0;2361925.7752;0.49703772757606124;0.2456360672422567;0.02456146883570656;0.9940754551521225
1307135.0;2306935.6489999993;0.49319743849720904;0.24837773886842793;0.02398963110688609;0.9863948769944181
1306248.0;2227328.5703;0.4925661858618592;0.24888777719317917;0.023161803745365337;0.9851323717237184
1304000.0;2176254.514899999;0.4928964453422582;0.2501804109632364;0.022630688909669856;0.9857928906845164
1300031.0;0.0;0.4525438381218855;0.25246264558661596;0.0;0.905087676243771
1293679.0;0.0;0.45225042062640164;0.2561151410080588;0.0;0.9045008412528033
1291246.0;0.0;0.4512846313982854;0.25751415255723553;0.0;0.9025692627965708
1286336.0;0.0;0.44809780365772917;0.2603374763165688;0.0;0.8961956073154583
1247490.0;0.0;0.4407830319030626;0.2826745098715704;0.0;0.8815660638061252
1246266.0;0.0;0.4401716278699134;0.28337832825882575;0.0;0.8803432557398267
1225239.0;0.0;0.4354879475793299;0.2954691691320436;0.0;0.8709758951586598
1201643.0;0.0;0.4329379337462335;0.3090372235974665;0.0;0.865875867492467
1196444.0;0.0;0.43066743877725455;0.312026726698235;0.0;0.8613348775545091
1189850.0;0.0;0.422261814715105;0.3158183757550666;0.0;0.84452362943021
1177539.0;0.0;0.4142448294190652;0.32289738569420123;0.0;0.8284896588381304
1150618.0;0.0;0.4033659060524583;0.33837736510866345;0.0;0.8067318121049166
1100855.0;0.0;0.39167753523324883;0.3669918376617589;0.0;0.7833550704664977
1078540.0;0.0;0.3869897300978988;0.3798232978836572;0.0;0.7739794601957976
1069667.0;0.0;0.3741915449785422;0.38492540617623633;0.0;0.7483830899570844
1053670.0;0.0;0.3560199898464064;0.39412392148744885;0.0;0.7120399796928129
1030053.0;0.0;0.3463453076221387;0.40770405126833936;0.0;0.6926906152442774
1015270.0;0.0;0.33884026499902603;0.4162044983425192;0.0;0.6776805299980521
988321.0;0.0;0.3371031427810218;0.4317005781776049;0.0;0.6742062855620437
975697.0;0.0;0.3328050749563351;0.43895956781870926;0.0;0.6656101499126702
956153.0;0.0;0.3274250144667272;0.45019766141390444;0.0;0.6548500289334545
953363.0;0.0;0.3123754063094948;0.4518019533260306;0.0;0.6247508126189896
918165.0;0.0;0.3089690933154793;0.4720413320798006;0.0;0.6179381866309586
902361.0;0.0;0.29942048217343065;0.48112886949171546;0.0;0.5988409643468613
866348.0;0.0;0.2923225760449208;0.5018368854886334;0.0;0.5846451520898416
852937.0;0.0;0.2923217820800594;0.5095484119522623;0.0;0.5846435641601188
837275.0;0.0;0.27475556836081444;0.5185542972310152;0.0;0.5495111367216289
811679.0;0.0;0.26998467610374516;0.533272381740973;0.0;0.5399693522074903
798859.0;0.0;0.26873846473131774;0.5406440743264418;0.0;0.5374769294626355
787329.0;0.0;0.2656235321241471;0.5472739975331855;0.0;0.5312470642482942
758020.0;0.0;0.26103242089334966;0.5641271128208224;0.0;0.5220648417866993
757361.0;0.0;0.2564941127241735;0.5645060477204967;0.0;0.512988225448347
748591.0;0.0;0.2527298575236662;0.5695489294657823;0.0;0.5054597150473324
739242.0;2963185.0400000005;0.25252891989517273;0.5749247449089607;0.03081391370490003;0.5050578397903455
733600.0;0.0;0.25095118385726084;0.5781689796645937;0.0;0.5019023677145217
719265.0;0.0;0.2447119882341104;0.5864118200087978;0.0;0.4894239764682208
719118.0;0.0;0.2308511037762124;0.586496347217071;0.0;0.4617022075524248
712226.0;0.0;0.22634807298431603;0.5904593507505383;0.0;0.45269614596863206
690633.0;0.0;0.22595895116280892;0.6028756501263596;0.0;0.45191790232561785
688772.0;0.0;0.22503681471023676;0.6039457530827993;0.0;0.4500736294204735
662526.0;0.0;0.22343136235322056;0.619037597357231;0.0;0.4468627247064411
659442.0;1760166.2361000003;0.2220109234506723;0.6208109436859038;0.018303821655857203;0.4440218469013446
656096.0;0.0;0.21964604358060427;0.6227349439504107;0.0;0.43929208716120854
655574.0;0.0;0.20312790185838728;0.6230351017920344;0.0;0.40625580371677456
654704.0;0.0;0.19670220104829295;0.623535364861407;0.0;0.3934044020965859
603160.0;0.0;0.19510816483311264;0.6531739391691608;0.0;0.39021632966622527
591023.0;0.0;0.18755556604844958;0.6601528964944209;0.0;0.37511113209689917
581339.0;0.0;0.1871189850713161;0.6657213419700589;0.0;0.3742379701426322
579230.0;0.0;0.18240317153995025;0.666934048652021;0.0;0.3648063430799005
567775.0;0.0;0.16679712772052518;0.6735208457320947;0.0;0.33359425544105037
541953.0;0.0;0.16605849502966855;0.688368883637085;0.0;0.3321169900593371
537468.0;0.0;0.1603903893714841;0.6909478260119546;0.0;0.3207807787429682
535211.0;0.0;0.1523124146981478;0.6922456349172122;0.0;0.3046248293962956
509707.0;0.0;0.1513635659258091;0.7069108180451215;0.0;0.3027271318516182
506727.0;0.0;0.1510192672544645;0.7086243628114784;0.0;0.302038534508929
503588.0;0.0;0.14437248080872167;0.710429334966376;0.0;0.28874496161744334
497273.0;0.0;0.1414746641732691;0.7140605548319949;0.0;0.2829493283465382
486832.0;0.0;0.13123112262767256;0.7200642866794895;0.0;0.2624622452553451
469741.0;0.0;0.1301437502958754;0.7298918684250626;0.0;0.2602875005917508
465111.0;0.0;0.11877463297035756;0.732554187978161;0.0;0.23754926594071513
431321.0;0.0;0.11424721726966867;0.7519839455805782;0.0;0.22849443453933735
396447.0;0.0;0.10393495766125237;0.7720370194671335;0.0;0.20786991532250473
369415.0;0.0;0.09872950680469983;0.7875808255490675;0.0;0.19745901360939966
339781.0;0.0;0.09726782197326012;0.8046208207189413;0.0;0.19453564394652023
328812.0;0.0;0.09578211395259839;0.810928160498193;0.0;0.19156422790519678
312749.0;0.0;0.09396853472705784;0.8201646268008752;0.0;0.18793706945411567
309980.0;0.0;0.09220647339407559;0.8217568433975337;0.0;0.18441294678815118
301286.0;0.0;0.08431093947193766;0.826756024001127;0.0;0.16862187894387531
267496.0;0.0;0.07864296323793289;0.8461857816035444;0.0;0.15728592647586578
233706.0;0.0;0.07548421241844233;0.8656155392059618;0.0;0.15096842483688466
193158.0;0.0;0.07282529542640578;0.8889312483288626;0.0;0.14565059085281157
