1732309.0;3.362441774930001E7;0.13671888782600228;0.003896301790884287;0.34965751140011125;0.27343777565200456
1730012.0;3.3850130600700006E7;0.128227650306718;0.005217111297032635;0.35200468048717115;0.256455300613436
1726171.0;3.165676051389999E7;0.15601551882315728;0.007425743997561936;0.3291960081750415;0.31203103764631457
1723468.0;3.2840853644E7;0.15227153173601846;0.008980009602750872;0.3415092937231714;0.3045430634720369
1723279.0;3.3586299589200005E7;0.13260247914186987;0.009088687441959422;0.34926112383738545;0.26520495828373974
1716684.0;3.1210244261099998E7;0.15606631358624964;0.012880911513813298;0.3245527229613668;0.3121326271724993
1713150.0;3.0734739167299993E7;0.1700332933802637;0.01491301460250649;0.31960798521168043;0.3400665867605274
1709848.0;3.0279522589999992E7;0.16301588090356414;0.016811714206033633;0.31487422605030113;0.3260317618071283
1707550.0;3.2320871574100003E7;0.14122574497776855;0.01813309872720425;0.3361020436143514;0.2824514899555371
1707181.0;3.011641069709999E7;0.17330898886912938;0.018345279270420938;0.3131780391013877;0.34661797773825875
1702397.0;2.9161344548000008E7;0.19757256635533849;0.021096151136948453;0.3032463859971867;0.39514513271067697
1699781.0;2.8353086626200017E7;0.18609690342426216;0.02260039043520012;0.2948413793852315;0.3721938068485243
1695823.0;2.6510455569300007E7;0.23804723867920283;0.024876299893334713;0.2756800129464735;0.47609447735840565
1692248.0;2.8333000367500003E7;0.1890848699795851;0.026931978597940873;0.2946325040588912;0.3781697399591702
1686584.0;2.7676522008400027E7;0.2173986660284097;0.030188863684063746;0.2878058404407322;0.4347973320568194
1685651.0;2.5406545805499986E7;0.25201767110682893;0.030725352699839285;0.2642005475264772;0.5040353422136579
1676999.0;2.0428653871400006E7;0.2955286223127403;0.03570038267249732;0.2124358651259226;0.5910572446254806
1676362.0;2.707587283640001E7;0.19582062250462154;0.03606666724168169;0.2815597398756024;0.3916412450092431
1674680.0;2.4110170076299984E7;0.2928206465680545;0.03703384250913555;0.2507196446096969;0.585641293136109
1668934.0;1.807643616610001E7;0.30855073854391973;0.04033787882708436;0.18797534969815435;0.6171014770878395
1661963.0;2.3458342495100006E7;0.27140819840065944;0.0443463085473108;0.2439413440424229;0.5428163968013189
1647887.0;2.4582608767900005E7;0.21976731099937324;0.05244022000074752;0.2556324950990538;0.4395346219987465
1644924.0;2.58657110237E7;0.19882838788000615;0.05414398951172599;0.26897536827473084;0.3976567757600123
1639933.0;1.5323524203800008E7;0.29921728791445423;0.05701388948786287;0.1593480481633507;0.5984345758289085
1635758.0;1.975271345459999E7;0.28496866287460276;0.0594145772058295;0.2054068171954802;0.5699373257492055
1635153.0;1.901096522300001E7;0.2882499987105363;0.059762461294301315;0.19769343929610877;0.5764999974210726
1631490.0;2.35251636854E7;0.2246232063457101;0.061868741320867005;0.24463621201852565;0.4492464126914202
1622065.0;1.379998889740001E7;0.33017738169323757;0.06728825790573778;0.14350493177876678;0.6603547633864751
1618588.0;1.3652531948300011E7;0.3249555149962225;0.06928758513816173;0.1419715392827129;0.649911029992445
1611379.0;2.3012138060399987E7;0.2329600909013003;0.07343286843368783;0.2393013013991224;0.4659201818026006
1605168.0;1.4327408074200004E7;0.3176430592158692;0.077004286736991;0.14898951974099017;0.6352861184317384
1602462.0;1.72721569499E7;0.28043329518246063;0.07856027738724675;0.17961171731337702;0.5608665903649213
1594504.0;1.649271510460001E7;0.25661425115984976;0.08313624693445117;0.1715063666738294;0.5132285023196995
1577175.0;1.2974045260500005E7;0.31441146205345283;0.09310068225532392;0.13491601289284125;0.6288229241069057
1552373.0;1.6032929165599998E7;0.2743644298515649;0.10736220483760138;0.16672509110182773;0.5487288597031298
1546593.0;1.60182862866E7;0.2838687516813445;0.11068579166630728;0.16657282102628185;0.567737503362689
1543508.0;1.2871062087900003E7;0.34614679430456247;0.11245971301000239;0.13384509948354795;0.6922935886091249
1527073.0;1.1722587958100002E7;0.37227928095739954;0.12191008490096804;0.12190221294414798;0.7445585619147991
1525841.0;8713124.694500005;0.41553012859587884;0.12261850340840154;0.09060705585782673;0.8310602571917577
1524985.0;9413898.230500001;0.4071945402644691;0.12311071626746249;0.0978943413204253;0.8143890805289382
1506443.0;9126143.080200002;0.4129886981114402;0.13377264481034568;0.09490199954973225;0.8259773962228804
1504907.0;7929242.7938000085;0.4526778706904429;0.13465586788454847;0.08245553345306908;0.9053557413808858
1494212.0;8658531.955500005;0.4255775620494583;0.14080565354769894;0.0900393505253038;0.8511551240989166
1481918.0;6520227.720399998;0.4594871948381523;0.14787488823145506;0.06780330340514358;0.9189743896763046
1476914.0;1.0890646833900003E7;0.3860356596257821;0.1507522634028814;0.1132509266887826;0.7720713192515642
1471154.0;6209138.119699996;0.4663098342296688;0.15406434993114196;0.06456830863395586;0.9326196684593376
1468007.0;1.0141787066300001E7;0.3984615686588702;0.15587392220621762;0.10546359652060047;0.7969231373177404
1466536.0;1.04697071793E7;0.3930654942863964;0.15671976930397308;0.10887361038327949;0.7861309885727928
1445495.0;5827965.813799998;0.47396879746473575;0.16881866038750262;0.06060452966566697;0.9479375949294715
1436512.0;5454762.251699998;0.48065821863816743;0.1739840203325312;0.05672361699849493;0.9613164372763349
1433248.0;7075334.474399997;0.45393524772682353;0.17586086936521217;0.07357581216982172;0.9078704954536471
1427934.0;5355109.144499999;0.48470398161637296;0.17891649919354144;0.055687332661123294;0.9694079632327459
1407898.0;5153844.1082999995;0.48447772546751605;0.1904375001796922;0.053594394362109624;0.9689554509350321
1383582.0;8093818.653300002;0.4436128353435587;0.20441956546114767;0.08416694406836515;0.8872256706871174
1378094.0;4934227.295800005;0.4893226506078123;0.20757524790335147;0.05131061747434563;0.9786453012156247
1368496.0;4104048.2584000006;0.49419809297641576;0.21309424208707453;0.04267765501241962;0.9883961859528315
1341386.0;3509774.113300001;0.4969996309155149;0.2286828993407453;0.03649784781949298;0.9939992618310298
1328119.0;2623632.7038999996;0.49374330167525704;0.23631162364116762;0.02728293732588772;0.9874866033505141
1322605.0;2519966.2630999987;0.49337477255525103;0.23948225647395038;0.026204918667658617;0.9867495451105021
1292645.0;2147270.5036999993;0.49128398060798545;0.2567097065410834;0.0223292865983452;0.9825679612159709
1291246.0;0.0;0.4512846313982854;0.25751415255723553;0.0;0.9025692627965708
1282713.0;0.0;0.4485035964242239;0.26242075574224377;0.0;0.8970071928484478
1226891.0;0.0;0.4409834058329949;0.2945192443152577;0.0;0.8819668116659898
1225239.0;0.0;0.4354879475793299;0.2954691691320436;0.0;0.8709758951586598
1182676.0;0.0;0.4299874210565842;0.31994353352481336;0.0;0.8599748421131684
1130670.0;0.0;0.41376722351339124;0.3498477647728547;0.0;0.8275344470267825
1130545.0;0.0;0.4111766055494935;0.3499196416506381;0.0;0.822353211098987
1076613.0;0.0;0.4001385507115291;0.3809313518315666;0.0;0.8002771014230582
1061241.0;0.0;0.37651583964929847;0.38977048275386195;0.0;0.7530316792985969
1022695.0;0.0;0.36470310972714576;0.41193501180218334;0.0;0.7294062194542915
1004552.0;0.0;0.35969874066014007;0.4223675093511818;0.0;0.7193974813202801
995046.0;0.0;0.3568095008186291;0.42783360215285626;0.0;0.7136190016372582
981713.0;0.0;0.3509416349938285;0.43550027744474823;0.0;0.701883269987657
947865.0;0.0;0.3402887666258455;0.45496338591845714;0.0;0.680577533251691
936571.0;0.0;0.3355121135190783;0.46145760557994575;0.0;0.6710242270381566
905802.0;0.0;0.329447761869152;0.47915024280009316;0.0;0.658895523738304
880416.0;0.0;0.32002341073388135;0.4937475741553748;0.0;0.6400468214677627
871550.0;0.0;0.3109061453991248;0.49884565734279807;0.0;0.6218122907982496
829288.0;0.0;0.3026522922630593;0.5231469422138654;0.0;0.6053045845261186
787358.0;0.0;0.28017248829857366;0.5472573220975397;0.0;0.5603449765971473
705511.0;0.0;0.26537476833809337;0.5943205766250643;0.0;0.5307495366761867
692823.0;0.0;0.24384866527487092;0.6016163672275938;0.0;0.48769733054974185
640602.0;0.0;0.21634428736263764;0.6316442267054226;0.0;0.4326885747252753
590278.0;0.0;0.20932034488014406;0.6605812826860101;0.0;0.4186406897602881
558099.0;0.0;0.20266008582185738;0.6790846910875546;0.0;0.40532017164371476
528525.0;0.0;0.19109153933570294;0.6960901853560925;0.0;0.3821830786714059
494595.0;0.0;0.1708317085991955;0.7156004450616272;0.0;0.341663417198391
440180.0;0.0;0.1501220979096823;0.7468898874983109;0.0;0.3002441958193646
410675.0;0.0;0.12824740168694623;0.7638557057303123;0.0;0.25649480337389247
375156.0;0.0;0.1245164882606508;0.78427966430623;0.0;0.2490329765213016
360776.0;0.0;0.11653932397942693;0.792548380326436;0.0;0.23307864795885386
352322.0;0.0;0.10610849779618316;0.7974095573246851;0.0;0.21221699559236631
318532.0;0.0;0.1011785504554878;0.8168393149271025;0.0;0.2023571009109756
293680.0;0.0;0.09453883854943353;0.8311295882604933;0.0;0.18907767709886705
273406.0;0.0;0.09383697838013505;0.8427874428219437;0.0;0.1876739567602701
223920.0;0.0;0.08950321503856719;0.8712426362138711;0.0;0.17900643007713438
205826.0;0.0;0.08424257873254042;0.8816469580267785;0.0;0.16848515746508083
185552.0;0.0;0.08231960570460625;0.8933048125882289;0.0;0.1646392114092125
151762.0;0.0;0.07990039450659707;0.9127345701906462;0.0;0.15980078901319414
104456.0;0.0;0.07483785481473353;0.9399362308340306;0.0;0.14967570962946705
