1736171.0;2.8585974491300005E7;0.08126225758485597;0.0016755937748873689;0.29726316084040155;0.16252451516971195
1734893.0;2.8311197461300008E7;0.08808162674223174;0.0024104629733451787;0.29440577745859675;0.1761632534844635
1727472.0;2.7943826660900008E7;0.09445956734500517;0.0066776494535919755;0.2905855191931103;0.18891913469001034
1725368.0;2.1667609963899985E7;0.14909588038109853;0.007887481060442705;0.22531966603713888;0.29819176076219706
1725195.0;2.759440295300001E7;0.10035643463907765;0.007986958659294973;0.28695189124334286;0.2007128692781553
1724796.0;2.5347328252299987E7;0.11200599029157206;0.00821638965317969;0.2635847491374167;0.22401198058314412
1721900.0;2.709976221229999E7;0.08816319645158197;0.009881633157666244;0.28180816350001636;0.17632639290316393
1719237.0;2.509274026219999E7;0.1234044636504947;0.011412898161964481;0.2609373098950651;0.2468089273009894
1718692.0;2.1189586506699976E7;0.1515210899909304;0.011726281349100245;0.22034874003682436;0.3030421799818608
1717725.0;2.4877317493499994E7;0.11261285352045625;0.012282320875632876;0.25869714651843295;0.2252257070409125
1716845.0;2.6564592455599997E7;0.08136688626324985;0.012788334095228239;0.27624297790484814;0.1627337725264997
1716190.0;2.0722076819399983E7;0.17516547851582615;0.013164968934813422;0.2154871458514451;0.3503309570316523
1715290.0;2.0251168024599988E7;0.17924223787877758;0.013682482454854133;0.21059020463111364;0.35848447575755515
1714183.0;1.99586867908E7;0.18017909363689483;0.014319024084504207;0.20754871671289188;0.36035818727378965
1713642.0;1.9260967957300004E7;0.18198442961246256;0.014630107211550902;0.20029319684641994;0.3639688592249251
1711294.0;2.4160926742499996E7;0.1088432846944161;0.01598024248383489;0.25124745894161443;0.2176865693888322
1708588.0;1.8405511358900018E7;0.16927814435484054;0.01753623313409063;0.19139737513918548;0.3385562887096811
1708003.0;2.376525004799999E7;0.13212373737454447;0.017872616922117092;0.2471328500478805;0.26424747474908894
1702924.0;2.6248461373099998E7;0.10065250424213547;0.020793118220213503;0.2729555571855563;0.20130500848427094
1701679.0;2.5641651882599995E7;0.10599162439168128;0.021509011922936486;0.26664539598293985;0.21198324878336255
1701356.0;2.3400642847599987E7;0.13149033623210626;0.021694741775128874;0.2433413302279401;0.26298067246421253
1692158.0;1.8023934827200007E7;0.19629330428774028;0.026983729949944944;0.18742939266056874;0.39258660857548056
1689576.0;2.5952957006099995E7;0.09547619916746276;0.028468418737439515;0.26988263195772133;0.19095239833492553
1687509.0;1.7391765895000003E7;0.16383505157465442;0.02965697478846635;0.18085552074208414;0.32767010314930883
1686552.0;1.707163141350001E7;0.15973945665350078;0.030207264164776305;0.17752646901101043;0.31947891330700157
1680054.0;2.3152390109099995E7;0.11619224840530382;0.03394371177947024;0.2407597707377694;0.23238449681060763
1675926.0;2.2893543384999994E7;0.11739069296257032;0.0363173737913903;0.2380680452762999;0.23478138592514064
1673674.0;1.679517305220001E7;0.18263053755946576;0.03761230762153661;0.17465160160546483;0.3652610751189315
1672521.0;2.2629188214399997E7;0.1199159037432058;0.03827529994221099;0.23531903793981834;0.2398318074864116
1672300.0;2.2334213304399997E7;0.12191779064379826;0.0384023782621321;0.23225161849109885;0.24383558128759653
1659986.0;2.1974198786999997E7;0.12367988368981346;0.04548311324633356;0.2285078575980313;0.24735976737962692
1656002.0;1.6386332764600012E7;0.2641245148156469;0.047773973095047106;0.17040010560668886;0.5282490296312938
1644594.0;1.4968035263600005E7;0.2745975968144457;0.054333744469074255;0.15565134836954733;0.5491951936288914
1639200.0;2.09544193425E7;0.1343121388011236;0.05743537549918492;0.21790325634071198;0.2686242776022472
1634111.0;2.0499597437299997E7;0.1355169482195956;0.060361626947504;0.21317360134153207;0.2710338964391912
1633116.0;1.5617844997000014E7;0.25652883330410314;0.060933766894660124;0.1624086655061079;0.5130576666082063
1631624.0;1.5896214238800006E7;0.2322943701589991;0.06179168930788317;0.16530340399834983;0.4645887403179982
1628784.0;1.4037944076100005E7;0.2681348356371786;0.06342473197112275;0.14597940780477145;0.5362696712743572
1624829.0;2.1447385089999996E7;0.12582095382517852;0.06569891638419054;0.22302956596967002;0.25164190765035704
1619658.0;1.4405176301500011E7;0.24813046924155616;0.06867231906433556;0.14979822504040863;0.4962609384831123
1605478.0;1.3601949466500014E7;0.2715793099866585;0.07682603208008809;0.14144553627982082;0.543158619973317
1570436.0;1.2204621959400015E7;0.36907828907085266;0.09697570849038431;0.12691484425754251;0.7381565781417053
1561078.0;1.1923976714300012E7;0.36924321086334444;0.10235669906876317;0.12399643779710695;0.7384864217266889
1553860.0;1.1156529600000015E7;0.3801406609046634;0.10650715749948968;0.11601581936326298;0.7602813218093268
1552502.0;1.0800599005500017E7;0.3994257628475419;0.10728802789972888;0.11231452684328702;0.7988515256950838
1549007.0;1.0346719410100011E7;0.39459676995927595;0.10929770540255364;0.10759467084500259;0.7891935399185519
1548954.0;1.1470427492200011E7;0.3732619232868625;0.10932818119873382;0.11928001732317194;0.746523846573725
1541377.0;9123869.290800007;0.4061338827586114;0.11368507002245434;0.09487835460369994;0.8122677655172228
1539769.0;9416052.180000009;0.4014792715417447;0.1146096941782604;0.09791674006134832;0.8029585430834894
1531388.0;1.0034211333700014E7;0.3839603424043596;0.11942889507988397;0.10434492546350126;0.7679206848087192
1528232.0;9722081.988600014;0.38580412876201997;0.12124364249016005;0.10109911847715174;0.7716082575240399
1522178.0;8200570.9810000025;0.4157444242723022;0.12472478343496723;0.08527705260669155;0.8314888485446044
1517620.0;8779513.742999997;0.40936110211118193;0.1273457019064623;0.09129743002744968;0.8187222042223639
1517221.0;8405591.8215;0.40238172134102396;0.12757513290034703;0.08740904720088435;0.8047634426820479
1501540.0;7671748.292399999;0.4269625399742097;0.136591943464523;0.07977786964250051;0.8539250799484194
1497141.0;7158871.179700004;0.444131020566752;0.13912143454747755;0.07444450339009936;0.888262041133504
1493459.0;1.2855805028000005E7;0.3204092279818929;0.14123863985946633;0.1336864425921278;0.6408184559637858
1478223.0;6240592.354599997;0.4513557560882141;0.1499995687387333;0.06489539859518971;0.9027115121764282
1478129.0;6540063.509199998;0.4465306559296215;0.15005362015082643;0.06800957411591628;0.893061311859243
1438544.0;5979121.318699997;0.4645153978248785;0.1728155898072837;0.062176383134530715;0.929030795649757
1421437.0;5717078.144699999;0.4765095517139225;0.1826523717932131;0.05945141805756272;0.953019103427845
1417595.0;1.2450208286800006E7;0.31572814186470616;0.18486157950876467;0.12946867596141973;0.6314562837294123
1371929.0;1.1798260072200013E7;0.34315115508502614;0.21112021551563034;0.12268912093749593;0.6863023101700523
1365569.0;4687156.210999999;0.49116078519669565;0.21477731105725137;0.04874134590229307;0.9823215703933913
1335856.0;1.1355993569000008E7;0.3522370316004688;0.2318627324138843;0.11809002851491375;0.7044740632009376
1331901.0;1.1590131739800008E7;0.34881706737787993;0.2341369168269521;0.12052481179461551;0.6976341347557599
1327851.0;3637936.0801999997;0.4968925800297456;0.2364657276671353;0.03783059340743197;0.9937851600594912
1321216.0;1.1031033979200004E7;0.36209846431989196;0.24028095233987987;0.11471080088568779;0.7241969286397839
1317188.0;3849864.732700001;0.4952233959742823;0.2425971128495732;0.040034421761577135;0.9904467919485646
1312823.0;3261127.9412999987;0.49604880356325803;0.24510705342177064;0.033912197047220656;0.9920976071265161
1306094.0;1.3478418502800008E7;0.3126003876845553;0.24897632950660836;0.14016094810731333;0.6252007753691106
1306003.0;1.3161540433200004E7;0.3116939142763913;0.2490286558736347;0.1368657595315672;0.6233878285527826
1303307.0;2798703.0354000004;0.4954792787250426;0.25057889637366776;0.02910347907886892;0.9909585574500852
1299388.0;4420640.748099999;0.4933465744171905;0.2528323802459339;0.045969873866641156;0.986693148834381
1297168.0;4124922.6543999994;0.4943136691670795;0.2541089135953677;0.04289472611270632;0.988627338334159
1278611.0;5212358.700200003;0.4904188186100491;0.2647794673635849;0.05420288271533246;0.9808376372200982
1273226.0;2316939.3307000007;0.4939832657878946;0.26787592325849513;0.024093658557239016;0.9879665315757892
1268728.0;4930949.820900002;0.4903448331346873;0.27046234082865417;0.051276535286640376;0.9806896662693746
1265833.0;9318387.636200001;0.4010297892986318;0.27212700931811845;0.09690113462866097;0.8020595785972636
1260046.0;1910251.2366000002;0.4922638002076873;0.2754546212519802;0.01986454303888864;0.9845276004153746
1254591.0;0.0;0.45578641145273585;0.2785913281984492;0.0;0.9115728229054717
1250571.0;1.2070984508000016E7;0.3396121083691687;0.28090288858796436;0.12552515956367596;0.6792242167383374
1248043.0;1.0657512182000011E7;0.3633932255565757;0.28235652656425647;0.11082657891829431;0.7267864511131514
1245325.0;1.0368414844100006E7;0.357477199449816;0.28391941739477944;0.10782027985086683;0.714954398899632
1209176.0;7447458.996800002;0.42365755255964266;0.30470563543472573;0.07744550399328978;0.8473151051192853
1204456.0;1.0103064890000004E7;0.3587750794293535;0.3074197063398281;0.10506092784386674;0.717550158858707
1200693.0;7933014.477100003;0.41582029666503806;0.30958348786862055;0.08249475487264274;0.8316405933300761
1200209.0;7064694.058800001;0.4374409562213385;0.30986179513939804;0.07346516337683154;0.874881912442677
1168188.0;9696286.365600007;0.36795594536579257;0.32827435116742426;0.10083087194838068;0.7359118907315851
1151623.0;6612301.486499998;0.432260857701472;0.33779947501128466;0.06876077080754736;0.864521715402944
1142946.0;9017422.777000006;0.3876415791664896;0.3427888803594994;0.09377142619857386;0.7752831583329792
1115752.0;6234254.466499999;0.4385597145175802;0.3584258388750406;0.06482949142626561;0.8771194290351604
827648.0;0.0;0.35463359969275726;0.524089966850384;0.0;0.7092671993855145
577356.0;0.0;0.2904746369040053;0.6680116268037503;0.0;0.5809492738080106
219303.0;2800066.4444999998;0.24011985161108318;0.8738974805716799;0.02911765705620909;0.48023970322216636
205787.0;2320262.0245000008;0.22172065877290328;0.8816693836126469;0.02412821097250803;0.44344131754580657
194761.0;1923714.4245000004;0.19653939534629003;0.8880094992481679;0.02000454560522971;0.39307879069258006
187203.0;1599801.5717;0.19192789992001433;0.8923554627864653;0.016636202906628882;0.38385579984002866
180445.0;1361999.1618000001;0.18130262557401122;0.8962414143069488;0.014163315510614;0.36260525114802244
142614.0;0.0;0.11444300663435866;0.9179948076143489;0.0;0.22888601326871733
