1737141.0;3.31137916768E7;0.07634545298618323;0.0011178292032879358;0.34434755352671187;0.15269090597236645
1735217.0;3.26168434336E7;0.06005416968010985;0.0022241581061305227;0.3391798302576424;0.1201083393602197
1730221.0;3.2235403324499995E7;0.08341957153230804;0.0050969331573787365;0.33521326642624727;0.16683914306461609
1723255.0;3.0694384381800003E7;0.12932503362046116;0.00910248780249384;0.319188339168254;0.2586500672409223
1722190.0;3.1710107546299998E7;0.09689853213955181;0.009714878801208682;0.3297507595086897;0.19379706427910362
1719402.0;3.01576553125E7;0.1252778298493659;0.011318020683290351;0.3136069384116136;0.2505556596987318
1718549.0;3.1891125339200005E7;0.06010144125675313;0.011808508497284492;0.33163314841595565;0.12020288251350626
1715818.0;3.141672493369999E7;0.09078661017577967;0.013378874523096915;0.32669989822762213;0.18157322035155934
1713434.0;2.98756567608E7;0.1495696224809263;0.014749710336182532;0.31067445902889146;0.2991392449618526
1712060.0;2.9636956857900016E7;0.1191901476431832;0.01553978097677802;0.3081922386781407;0.2383802952863664
1708282.0;2.8710958010900002E7;0.13617744509896618;0.01771218773090447;0.2985628540203755;0.27235489019793235
1704150.0;2.85689328653E7;0.1817649090292131;0.0200881498029136;0.297085946395179;0.3635298180584262
1691947.0;2.8236456351099975E7;0.21722881620217577;0.027105058119643376;0.2936285508970344;0.43445763240435153
1689299.0;2.7987154410999987E7;0.2142926296284154;0.028627697898607602;0.29103608084706906;0.4285852592568308
1685998.0;2.7321144899300005E7;0.1562419792104445;0.030525822487112476;0.28411030356919587;0.312483958420889
1677214.0;2.5529730812799968E7;0.23512848317234;0.035576754442709815;0.26548153812727987;0.47025696634468
1672822.0;2.6561191327599984E7;0.23218362893629732;0.03810222042050849;0.2762076098588851;0.46436725787259464
1664278.0;2.5062627500699997E7;0.1909623595919481;0.04301514877076164;0.2606241698036596;0.3819247191838962
1663315.0;2.587603286970001E7;0.18755806012065418;0.0435688882372052;0.2690827042890621;0.37511612024130836
1658439.0;2.6544992485499997E7;0.16443348188720927;0.046372661485781314;0.27603915945303786;0.32886696377441854
1654242.0;2.39620605324E7;0.19677133765476618;0.04878599953423783;0.24917946583483166;0.39354267530953235
1645778.0;2.448956897969999E7;0.19449154035919464;0.05365292668270959;0.2546649821135274;0.3889830807183893
1643554.0;2.049274396669999E7;0.2920772257627884;0.05493176009223241;0.21310233267325895;0.5841544515255768
1640004.0;1.8976190321300004E7;0.3002179482721291;0.05697306342128188;0.19733181799820956;0.6004358965442582
1639434.0;2.3029232889999982E7;0.2521263032230027;0.057300821983974334;0.23947906910413694;0.5042526064460054
1631308.0;2.100123180779998E7;0.2832327335480396;0.06197339405491969;0.21839005525694408;0.5664654670960791
1630261.0;2.2314877290499993E7;0.2466925954278824;0.06257543478323371;0.2320505448977631;0.4933851908557648
1628424.0;1.8636088239999995E7;0.31796255116554833;0.06363173737913903;0.19379512486478467;0.6359251023310967
1617547.0;2.1816480316599973E7;0.2628628345981835;0.06988617577634215;0.22686775639916212;0.525725669196367
1609183.0;1.40417402942E7;0.3048603248453608;0.07469560142258716;0.14601888435968083;0.6097206496907216
1607521.0;1.9959460268099982E7;0.29867768300728353;0.07565127638959568;0.2075567600387229;0.5973553660145671
1593405.0;1.4435948026699996E7;0.29039918883629257;0.0837681884439231;0.1501182176402846;0.5807983776725851
1588228.0;1.5813459299599992E7;0.27313309940322034;0.08674504121420172;0.1644428422984421;0.5462661988064407
1574543.0;1.5471060976800002E7;0.2567975840906448;0.09461412179393186;0.16088227074147265;0.5135951681812896
1573429.0;1.3480575845599992E7;0.337248995713993;0.09525468852873781;0.14018338213487938;0.674497991427986
1569910.0;1.724294100330002E7;0.238122504968112;0.09727816639209699;0.1793079031252024;0.476245009936224
1534979.0;1.2938401298899991E7;0.43268169771005194;0.11736401613492152;0.1345453543136377;0.8653633954201039
1528011.0;1.4941522311600005E7;0.2790416360738511;0.12137072081008117;0.15537564239642654;0.5580832721477021
1508792.0;1.1602161511699993E7;0.37586449045161063;0.1324219345230394;0.12064990838771107;0.7517289809032213
1493819.0;8811265.879799992;0.4233957940910537;0.14103163445145003;0.09162761784565669;0.8467915881821074
1491130.0;9228662.706699995;0.4024953140030852;0.14257784984632724;0.09596809258185332;0.8049906280061704
1490276.0;8980701.189699993;0.4212127329771004;0.14306891267534363;0.09338956147973416;0.8424254659542008
1488606.0;1.0275911604399998E7;0.3783573375628319;0.1440291877625303;0.1068583463883721;0.7567146751256638
1472340.0;8088757.263;0.41553806829316786;0.15338238211473273;0.08411431109343252;0.8310761365863357
1470578.0;6666002.912000003;0.45561282316253576;0.154395558583968;0.06931920744543862;0.9112256463250715
1459753.0;9815153.521899993;0.38549758934666206;0.16062009620001322;0.10206696157732084;0.7709951786933241
1442075.0;1.2141305656700006E7;0.35880316669088436;0.17078521176365732;0.12625642331481549;0.7176063333817687
1439578.0;6287933.9355;0.4635915493965029;0.17222102427425917;0.06538769974034743;0.9271830987930058
1439385.0;9670709.744399998;0.3894275701264824;0.1723320021735568;0.10056490280103375;0.7788551402529648
1432192.0;6052720.389200003;0.46889012584682555;0.1764680852287266;0.0629417337206514;0.9377802516936511
1418972.0;7767357.1733;0.44952963542899127;0.18406978382310238;0.08077209840840799;0.8990592708579825
1415100.0;7891161.938599999;0.4473664665667627;0.18629624198932196;0.08205953382088212;0.8947329331335254
1412180.0;5787007.751100004;0.47489071534594623;0.18797528585434295;0.0601786101930317;0.9497814306918925
1404661.0;5266509.143200001;0.48918205226034456;0.19229882380677196;0.054765988648698014;0.9783641045206891
1401419.0;7281660.058299999;0.4523248788327441;0.19416302250896306;0.07572137468164102;0.9046497576654882
1384187.0;5159888.240700006;0.4830026325226004;0.20407168137267587;0.05365724679004804;0.9660052650452008
1368645.0;4959092.316899999;0.4902614372592332;0.2130085648487567;0.05156918675169516;0.9805228745184664
1346686.0;4605605.323100001;0.4972970903532986;0.22563531972272777;0.047893305031275264;0.9945941807065972
1338753.0;4074258.294600001;0.49723379615094365;0.2301969138943755;0.04236787166733184;0.9944675923018873
1319795.0;4141214.409900002;0.4959961986323442;0.24109804868652193;0.04306414271723886;0.9919923972646884
1294239.0;2834136.2275000014;0.4943783124211114;0.25579313259558906;0.029471945883648206;0.9887566248422228
1284150.0;2594025.7990000006;0.49534153523234736;0.26159445915524543;0.026975057595009438;0.9906830704646947
1259378.0;2065687.9168000007;0.49487812822574373;0.2758387312868549;0.02148091609207433;0.9897562564514875
1257821.0;0.0;0.45638182153927415;0.2767340296765253;0.0;0.9127636430785483
1230960.0;0.0;0.45329474781929824;0.29217950818965144;0.0;0.9065894956385965
1189564.0;0.0;0.4385962601932999;0.31598283005143507;0.0;0.8771925203865998
1182240.0;0.0;0.4379542940316591;0.32019424007452196;0.0;0.8759085880633182
1155529.0;0.0;0.4276217063225529;0.335553466334308;0.0;0.8552434126451058
1118002.0;0.0;0.40981101923945545;0.35713205507493884;0.0;0.8196220384789109
1082762.0;0.0;0.39564045954718813;0.377395584459644;0.0;0.7912809190943763
1049632.0;0.0;0.37838184449737583;0.39644583214736484;0.0;0.7567636889947517
1012551.0;0.0;0.3685445104318102;0.4177679641880644;0.0;0.7370890208636204
1008992.0;0.0;0.36641379058394985;0.41981444265231427;0.0;0.7328275811678997
980924.0;0.0;0.345708928023369;0.43595396429731725;0.0;0.691417856046738
979279.0;0.0;0.3437105611093521;0.43689986400894726;0.0;0.6874211222187042
941414.0;0.0;0.3322877080233376;0.45867280782710446;0.0;0.6645754160466752
908285.0;0.0;0.3160992796871265;0.47772248049980304;0.0;0.632198559374253
882392.0;0.0;0.3107680576664529;0.49261134447137434;0.0;0.6215361153329058
869446.0;0.0;0.3088173021487568;0.5000554889496488;0.0;0.6176346042975136
825649.0;0.0;0.29616054637681394;0.5252394218798966;0.0;0.5923210927536279
805980.0;0.0;0.2854221365342216;0.5365493923528752;0.0;0.5708442730684432
778660.0;0.0;0.26864936967503716;0.5522588027612222;0.0;0.5372987393500743
749873.0;0.0;0.2668113536063139;0.5688117602072355;0.0;0.5336227072126278
748591.0;0.0;0.2527298575236662;0.5695489294657823;0.0;0.5054597150473324
718770.0;0.0;0.2437014263942915;0.5866964524448202;0.0;0.487402852788583
688772.0;0.0;0.22503681471023676;0.6039457530827993;0.0;0.4500736294204735
636192.0;0.0;0.2063833633784763;0.6341800429536222;0.0;0.4127667267569526
581339.0;0.0;0.1871189850713161;0.6657213419700589;0.0;0.3742379701426322
550800.0;0.0;0.18151482338976957;0.6832817257350848;0.0;0.36302964677953914
526362.0;0.0;0.17631064695470747;0.697333942849257;0.0;0.35262129390941493
520356.0;0.0;0.17260895846390997;0.7007874830729953;0.0;0.34521791692781995
477855.0;0.0;0.17055336430568466;0.7252261965343845;0.0;0.3411067286113693
467105.0;0.0;0.153308637926516;0.7314076080237596;0.0;0.306617275853032
423905.0;0.0;0.1462731245543714;0.7562482569857137;0.0;0.2925462491087428
417267.0;0.0;0.13822382492637011;0.7600652067035252;0.0;0.27644764985274023
385470.0;0.0;0.13337651654340757;0.7783489593665635;0.0;0.26675303308681514
357694.0;0.0;0.12265916923853841;0.7943205766250643;0.0;0.24531833847707682
347954.0;0.0;0.11400494707052454;0.7999212229419493;0.0;0.22800989414104908
320735.0;0.0;0.1115846578085871;0.8155725568330473;0.0;0.2231693156171742
299334.0;0.0;0.10199587285832827;0.8278784533245931;0.0;0.20399174571665654
