1735311.0;2.4422327579700034E7;0.09638797712490503;0.0021701066940373816;0.2539657444118565;0.19277595424981006
1731856.0;2.2395118067399997E7;0.13018532921358758;0.004156783595971445;0.23288496203393053;0.26037065842717516
1730140.0;2.21008307095E7;0.12462835545824032;0.0051435093741824004;0.22982469238206513;0.24925671091648063
1723003.0;2.1858406549000006E7;0.13335050053124456;0.009247391588105239;0.2273037437876332;0.2667010010624891
1722672.0;2.4117361930600025E7;0.11786057931723518;0.009437721560475768;0.2507944321018002;0.23572115863447035
1722590.0;1.7818337082600012E7;0.16077837709297066;0.009484872792301698;0.18529139888883106;0.3215567541859413
1721163.0;2.3758078309400033E7;0.10765023337187676;0.01030541922907736;0.24705827173726203;0.21530046674375353
1721001.0;1.738365404240001E7;0.16745917824011666;0.010398571662684687;0.18077116626451054;0.3349183564802333
1718957.0;1.7185386618100014E7;0.15602596666404545;0.011573902368199369;0.17870939988124315;0.3120519333280909
1716245.0;2.1564230967900004E7;0.13335879848665472;0.013133343108588711;0.22424463649337384;0.26671759697330943
1707613.0;2.088255075939999E7;0.11262630139883827;0.0180968727808014;0.2171559009485097;0.22525260279767653
1706725.0;2.11931169621E7;0.11202094653806194;0.0186074861205749;0.22038545294761688;0.22404189307612388
1705192.0;1.690633892780002E7;0.17709689197360126;0.01948898414971091;0.17580760625972305;0.3541937839472025
1705140.0;1.6518709549700016E7;0.15955420040827098;0.01951888493086882;0.17177668073701;0.31910840081654196
1701025.0;2.059552471869998E7;0.13612807148912784;0.021885071747499405;0.21417114112764166;0.2722561429782557
1695838.0;2.3514138478700012E7;0.10235820949290109;0.024867674668000703;0.2445215618150297;0.20471641898580217
1693569.0;2.03608473325E7;0.15325538851552628;0.026172383753525562;0.21173075059203822;0.30651077703105256
1693549.0;1.973096521679999E7;0.1485968500696835;0.02618388405397091;0.2051806590873106;0.297193700139367
1692454.0;2.3293849631200016E7;0.10238120881004151;0.026813525503353777;0.2422307964914383;0.20476241762008301
1692430.0;1.952057049809999E7;0.15367388607623508;0.026827325863888193;0.20299278198261636;0.30734777215247017
1691487.0;1.6266812916700013E7;0.1741328553643393;0.027369565029886404;0.16915722869232197;0.3482657107286786
1688545.0;1.9977459049399994E7;0.13888172431745735;0.029061259225397262;0.20774392786195542;0.2777634486349147
1685575.0;2.301031287530002E7;0.1055218776680217;0.03076905384153161;0.23928232145173248;0.2110437553360434
1685365.0;1.6051594518300017E7;0.1893017354819676;0.030889806996207775;0.1669191905453677;0.3786034709639352
1683401.0;2.015600513009999E7;0.12522554091324264;0.032019136499941064;0.20960061364052487;0.2504510818264853
1679896.0;1.925174244869998E7;0.13797146054570705;0.0340345641529885;0.20019726155312995;0.2759429210914141
1679388.0;1.5727991486800017E7;0.17914541649590815;0.034326671784300364;0.163554069652585;0.3582908329918163
1675321.0;1.901774137479998E7;0.14233241386727272;0.03666525787986211;0.1977639039326391;0.28466482773454543
1671698.0;1.4956041537500005E7;0.21689594657939845;0.03874853730553711;0.15552662661371475;0.4337918931587969
1669459.0;1.5389891491600018E7;0.17297738992984846;0.04003599594039394;0.1600381960452723;0.3459547798596969
1666047.0;1.874726785779998E7;0.13839437673473468;0.041997947196370504;0.1949512724230325;0.27678875346946935
1650429.0;1.4689408159200005E7;0.22385258335400518;0.05097853181414364;0.15275392838566818;0.44770516670801036
1639201.0;1.4210944474400006E7;0.21825244530246812;0.05743480048416265;0.14777842449531522;0.43650489060493625
1623957.0;1.23406348849E7;0.35894217572365544;0.06620032948360775;0.12832923130814247;0.7178843514473109
1612918.0;1.1800290083999997E7;0.3533594465249875;0.07254792031441822;0.12271023086062939;0.706718893049975
1610290.0;1.1142830118E7;0.367853333101956;0.07405905979293709;0.11587335959431441;0.735706666203912
1606160.0;1.1526187020999994E7;0.35336004159899176;0.07643387183490169;0.1198598560053585;0.7067200831979835
1593656.0;1.0497842378599996E7;0.3653550291382169;0.08362385967333397;0.10916618597056046;0.7307100582764338
1593229.0;1.0853283890099997E7;0.36465556366249174;0.08386939108784217;0.11286239255727443;0.7293111273249835
1574000.0;1.3685681348400002E7;0.24892280954862175;0.0949263549510231;0.14231625712525783;0.4978456190972435
1573356.0;9933607.969600001;0.37059898813933523;0.09529666462536333;0.10329875948400494;0.7411979762786705
1572028.0;1.3339531061800001E7;0.2505542867355604;0.09606028457493453;0.1387166692101478;0.5011085734711208
1569802.0;9567448.444499997;0.3783998734235534;0.09734026801450188;0.0994910971691808;0.7567997468471068
1569326.0;1.4473495804000003E7;0.2143386927905868;0.09761397516510119;0.15050867383991945;0.4286773855811736
1567397.0;1.296291235280001E7;0.25397481702880137;0.09872317914305512;0.1348002427156429;0.5079496340576027
1566503.0;9302917.031699996;0.3823276849256141;0.09923724257296222;0.09674025710478355;0.7646553698512282
1559405.0;1.3945686015299996E7;0.2350733021431834;0.10331869920101662;0.1450200239371771;0.4701466042863668
1531366.0;8279409.408899994;0.4209518916131373;0.11944154541037384;0.08609688683275132;0.8419037832262746
1527598.0;7832497.733799996;0.43082559720373176;0.12160820201427762;0.08144948965560991;0.8616511944074635
1524941.0;8028744.097299994;0.4202176916164502;0.12313601692844225;0.08349023919644499;0.8404353832329003
1520529.0;7635230.307299996;0.43001368180948557;0.12567298320668627;0.07939812216593108;0.8600273636189711
1505315.0;1.0220996767699998E7;0.3702241085511077;0.13442126175546337;0.10628729158877294;0.7404482171022154
1503099.0;7083715.103599995;0.4284237674179895;0.13569549504480805;0.07366296163280683;0.856847534835979
1502828.0;7295031.250599997;0.4241884320303109;0.13585132411584253;0.0758604205934224;0.8483768640606218
1490478.0;6632586.1159;0.43666525454882815;0.1429527596408456;0.06897170897422612;0.8733305090976563
1476892.0;6860984.786899999;0.4303650878896068;0.15076491373337128;0.0713468076749498;0.8607301757792136
1472478.0;1.2697683635300001E7;0.29435950166136143;0.15330303004165985;0.13204215143791878;0.5887190033227229
1469104.0;1.2482033069799997E7;0.29629954037027467;0.15524313072679025;0.12979961922139208;0.5925990807405493
1460603.0;6142736.386800003;0.4481537508490261;0.16013133343108588;0.06387780256031687;0.8963075016980522
1440111.0;9002063.096999992;0.3743040446802672;0.1719145412673906;0.0936117021693059;0.7486080893605344
1439234.0;5877461.627700004;0.45330103314222037;0.17241882944191916;0.06111923249984049;0.9066020662844407
1434129.0;6397685.3909;0.43924600001416636;0.17535428113059454;0.06652899595709763;0.8784920000283327
1415483.0;1.1704959600800006E7;0.30498886523801705;0.18607601123579354;0.1217188971291487;0.6099777304760341
1395359.0;1.2218862225199997E7;0.29840276453729675;0.19764761354390384;0.12706292759205323;0.5968055290745935
1385221.0;1.1944401491900004E7;0.29909164571723007;0.2034771158396513;0.12420883335321031;0.5981832914344601
1376650.0;8703046.968;0.39637750127041627;0.20840556959550569;0.0905022584217838;0.7927550025408325
1365925.0;8412192.747999998;0.40978215245826066;0.21457260570932415;0.08747768968415746;0.8195643049165213
1353098.0;1.1467639279399997E7;0.3183582927390895;0.22194832339994883;0.11925102293117455;0.636716585478179
1342117.0;1.1235852683799993E7;0.3202545523060255;0.22826256335946776;0.11684069348554159;0.640509104612051
1336828.0;1.1041222602899995E7;0.32670963133962055;0.23130381781224035;0.1148167515324497;0.6534192626792411
1332246.0;5030436.713100001;0.4868773001714171;0.23393853664426983;0.05231109116811158;0.9737546003428342
1325421.0;4678772.356500002;0.4869033283377666;0.23786301417124522;0.04865416289968269;0.9738066566755332
1323621.0;8126313.236199994;0.40714488595725135;0.23889804121132666;0.08450485252154669;0.8142897719145027
1322852.0;1.0804550133100001E7;0.32137286687943184;0.23934022776345032;0.11235561428914662;0.6427457337588637
1322437.0;1.0615682442400003E7;0.3120346547990996;0.23957885899769132;0.11039159495039028;0.6240693095981992
1300514.0;3093083.811900002;0.49622145625460856;0.2521849133308608;0.03216472018295215;0.9924429125092171
1298531.0;1.0384672440699996E7;0.32999783918057524;0.25332516812001715;0.10798934123985156;0.6599956783611505
1296877.0;7835970.886800001;0.409837674481091;0.25427624296684753;0.08148560668353136;0.819675348962182
1283913.0;4122628.4913999997;0.4929976782587057;0.2617307377155228;0.04287086930330944;0.9859953565174114
1283692.0;7548064.201899995;0.4100471953830068;0.26185781603544395;0.07849168911719111;0.8200943907660136
1277513.0;2597771.4672000017;0.4951207619206797;0.26541083385803454;0.027014008485731413;0.9902415238413594
1269094.0;7297790.352400004;0.4158870177439894;0.27025188533050426;0.07588911226256247;0.8317740354879788
1264955.0;1.0096786482399998E7;0.33048097941123644;0.27263187250766924;0.10499563920769342;0.6609619588224729
1262630.0;9857556.278500002;0.3389592242619043;0.2739687824344411;0.10250790430114161;0.6779184485238086
1254538.0;9565490.813400002;0.3447296583856379;0.2786218039946294;0.09947073992690028;0.6894593167712758
1252993.0;3853839.4214;0.4929847027890886;0.27951020220403255;0.04007575421734764;0.9859694055781772
1251514.0;7011056.438700004;0.4179000291638273;0.28036064942196615;0.07290739024596506;0.8358000583276546
1249331.0;3619644.0977;0.4931092472168445;0.281615907215576;0.03764037660941299;0.986218494433689
1243863.0;4345017.973799999;0.48930615394714205;0.28476008935733443;0.04518347895375198;0.9786123078942841
1239016.0;2193304.0071000005;0.49463341991371246;0.28754718717026484;0.022807985154849067;0.9892668398274249
1237038.0;5780997.3431;0.48521601341943243;0.2886845668843099;0.060116108462311794;0.9704320268388649
1235864.0;0.0;0.45527424194468125;0.2893596345204518;0.0;0.9105484838893625
1227470.0;6208047.2304;0.4435378270085137;0.2941863106173649;0.06455696456725132;0.8870756540170274
1199454.0;6671908.991;0.42539046019811433;0.31029593148120993;0.06938062426760247;0.8507809203962287
1192231.0;6001086.9142;0.44865304913314924;0.3144492649870478;0.062404801527265935;0.8973060982662985
1172489.0;5541763.690700003;0.45072922609605265;0.3258012115566519;0.05762833769509654;0.9014584521921053
911689.0;0.0;0.40323956098681835;0.4757651293640046;0.0;0.8064791219736367
656176.0;0.0;0.3411099294994782;0.6226889427486293;0.0;0.6822198589989564
385879.0;0.0;0.2716660585407978;0.7781137782224561;0.0;0.5433321170815956
84050.0;0.0;0.10612060845139254;0.9516699873784202;0.0;0.21224121690278508
