1735177.0;3.0362973669299986E7;0.10899968734812734;0.002247158707021221;0.3157420268529573;0.2179993746962547
1734873.0;3.3285191729599983E7;0.10899902015545831;0.0024219632737905276;0.3461299283580838;0.21799804031091663
1727086.0;3.2106562447099984E7;0.1076660914805662;0.0068996052521872134;0.3338734609047306;0.2153321829611324
1721546.0;3.0025785085699994E7;0.1274398627806626;0.010085188475548923;0.3122356309387394;0.2548797255613252
1720804.0;3.276684335349999E7;0.09793747053296978;0.010511849622071377;0.34073966689462143;0.19587494106593956
1716311.0;2.9592517995799992E7;0.11449687622690183;0.01309539211711906;0.3077301226633089;0.22899375245380366
1715456.0;2.9133109783899993E7;0.12924663857451316;0.013587029961157735;0.3029527750438673;0.2584932771490263
1707093.0;3.185067061339999E7;0.09818109085905452;0.018395880592380474;0.3312124631016976;0.19636218171810904
1696176.0;2.8147141475099992E7;0.20786362130063096;0.0246733195904743;0.29269977296232014;0.4157272426012619
1692718.0;2.758136492209999E7;0.18654148763102266;0.026661721537475168;0.28681630984912965;0.3730829752620453
1691501.0;2.8284807057199977E7;0.16482000590572754;0.02736151481957466;0.2941313458508508;0.3296400118114551
1686736.0;2.8495193661299992E7;0.1249457597645764;0.030101461400679094;0.2963191385724977;0.2498915195291528
1684557.0;2.79833733943E7;0.16096005784839093;0.03135441913419988;0.2909967623702485;0.32192011569678186
1684061.0;3.078373401219999E7;0.10157216395082506;0.03163962658524454;0.3201174785110707;0.20314432790165013
1672589.0;2.68056997157E7;0.19391867803693777;0.0382361989206968;0.2787502321620262;0.38783735607387554
1672012.0;2.5885023651800014E7;0.24038236689856474;0.03856798258854512;0.26917619868108594;0.4807647337971295
1671662.0;2.46221681081E7;0.24941663326383112;0.03876923784633873;0.25604386937325213;0.49883326652766224
1669203.0;2.482474488849999E7;0.24671869159497564;0.040183199786094415;0.2581504483906265;0.4934373831899513
1662516.0;2.522482598859999E7;0.23623184473467207;0.0440283252399969;0.2623108583302781;0.47246368946934414
1659080.0;2.6270806158799984E7;0.17054844831158583;0.046004076856507876;0.2731879187455059;0.34109689662317166
1651306.0;2.4118350140399985E7;0.2668558369282603;0.050474243639615085;0.2508047084129611;0.5337116738565206
1648327.0;2.35404084606E7;0.29991401419252917;0.05218721339094984;0.24479474116237668;0.5998280283850583
1643988.0;2.607083701809999E7;0.17622621889934786;0.05468220357256833;0.27110845635554576;0.35245243779869573
1636691.0;2.2600708071600005E7;0.3380439260103958;0.05887808819005397;0.23502287531389532;0.6760878520207916
1627040.0;2.1013459432000007E7;0.2950437989305338;0.0644275581699572;0.21851720929958046;0.5900875978610676
1626669.0;2.0062992760600023E7;0.2972294343707577;0.06464088874321841;0.20863338577976992;0.5944588687415154
1625173.0;1.919360353160002E7;0.30991010499549204;0.06550111121653053;0.19959267981077122;0.6198202099909841
1622832.0;2.308484351329999E7;0.2750326386305856;0.06684722138365864;0.24005735933046793;0.5500652772611712
1619332.0;2.2570647432000004E7;0.2667823666678714;0.06885977396159475;0.2347102772337739;0.5335647333357428
1617931.0;2.382281922879998E7;0.2289875099554272;0.06966537000779145;0.24773150715004807;0.4579750199108544
1615686.0;2.0807297725000005E7;0.2939565263875219;0.07095627873278189;0.216373350929955;0.5879130527750438
1609020.0;2.0592998393000003E7;0.26974283787029096;0.07478932887121675;0.21414487007772115;0.5394856757405819
1604249.0;1.8434201137000006E7;0.28717504456361986;0.0775327255424548;0.1916957177450815;0.5743500891272397
1597953.0;1.8953977125100005E7;0.28573660443940546;0.0811530201226507;0.19710082482647812;0.5714732088788109
1583507.0;1.7951524437600005E7;0.30245244426020534;0.08945968713432638;0.1866764030678322;0.6049048885204107
1579928.0;1.72974466075E7;0.2568302039535079;0.0915176658990216;0.17987470235021863;0.5136604079070158
1566923.0;1.6752667275100004E7;0.2607950455854633;0.09899573626360988;0.1742095875800703;0.5215900911709266
1564543.0;1.61158975153E7;0.31115425616540854;0.10036427201660643;0.16758787203969783;0.6223085123308171
1551908.0;1.5985832961100005E7;0.3171194305907396;0.10762958682295574;0.1662353416053565;0.6342388611814792
1547862.0;1.5278331306099998E7;0.30340654128968236;0.10995609760304988;0.15887809099530206;0.6068130825793647
1543963.0;1.4998319433799999E7;0.32033594869675197;0.11219808117487069;0.15596627092570572;0.6406718973935039
1533070.0;1.4840962385599997E7;0.3299267445576664;0.1184617198124301;0.1543299281261036;0.6598534891153328
1525963.0;1.341265970250001E7;0.32329895461848285;0.12254835157568492;0.1394771278360751;0.6465979092369657
1512758.0;1.3244100726800002E7;0.3458497601444299;0.1301414249447267;0.13772429712813983;0.6916995202888598
1486206.0;1.2914157608099995E7;0.35530644809564643;0.14540922381597218;0.1342932461981758;0.7106128961912929
1471494.0;1.2213690041399999E7;0.36717793586614705;0.15386884482357102;0.12700914248476913;0.7343558717322941
1464425.0;1.0427215688300004E7;0.3972649667913172;0.15793362601597966;0.10843174491784557;0.7945299335826344
1457489.0;9152955.562300002;0.4060224449327291;0.16192193021042675;0.09518082031134206;0.8120448898654582
1453702.0;9950355.804500004;0.3966086904924575;0.1640995120997536;0.10347291882012004;0.793217380984915
1445088.0;8114788.522500005;0.4246040854095779;0.1690526915015655;0.08438500798648345;0.8492081708191558
1434227.0;8495902.504800003;0.41710464430166777;0.17529792965841232;0.08834818045252794;0.8342092886033355
1434213.0;1.1365615682100002E7;0.3921438602594621;0.17530597986872407;0.11819008806526907;0.7842877205189241
1414449.0;7784319.692000002;0.4484356046717249;0.1866705767688181;0.08094849022342593;0.8968712093434498
1404811.0;6641002.089400001;0.4583945519142841;0.19221257155343183;0.06905922597963453;0.9167891038285682
1387750.0;6179303.781900002;0.4711231749102282;0.2020229028483369;0.06425806384734886;0.9422463498204564
1382145.0;5960804.380800001;0.4690988369930502;0.20524586204814602;0.0619859068273918;0.9381976739861004
1356387.0;5248703.896100003;0.48106028376554666;0.22005709899171116;0.054580833371444815;0.9621205675310933
1343819.0;4892721.099599999;0.4881184640661657;0.22728388779156855;0.05087899800723141;0.9762369281323314
1341600.0;5538706.263900001;0.47939569393996495;0.22855984612598004;0.057596543769201744;0.9587913878799299
1288508.0;4065037.9601999996;0.4977170198748102;0.25908854368820383;0.04227199018011565;0.9954340397496204
1269099.0;3554941.8534000004;0.4980257996940646;0.27024901025539294;0.036967543375760616;0.9960515993881291
1251084.0;3126021.8664000016;0.49693817349138597;0.28060790588154116;0.03250724026025731;0.9938763469827719
1218184.0;2314149.521800001;0.4945592491520317;0.2995259001141405;0.024064647567531215;0.9891184983040634
1195365.0;1918660.4416000003;0.49136274595605106;0.3126471679072616;0.019951989659230927;0.9827254919121021
1190943.0;0.0;0.4623742152532911;0.31518988433572825;0.0;0.9247484305065822
1152496.0;0.0;0.4559965738241725;0.3372974868968452;0.0;0.911993147648345
1131212.0;0.0;0.4459163242737699;0.3495361066307857;0.0;0.8918326485475399
1126903.0;0.0;0.44029261295815514;0.3520138463617362;0.0;0.8805852259163103
1083800.0;0.0;0.4290581065613685;0.3767987188665304;0.0;0.858116213122737
1064232.0;0.0;0.4221228094603192;0.38805061282226;0.0;0.8442456189206384
1040668.0;0.0;0.4157157800804388;0.4016002668069703;0.0;0.8314315601608776
1007312.0;0.0;0.4022971134555135;0.4207804678897236;0.0;0.804594226911027
983726.0;0.0;0.3964172016953151;0.43434277220492384;0.0;0.7928344033906302
961525.0;0.0;0.38462041675253916;0.44710868071428367;0.0;0.7692408335050783
953239.0;0.0;0.37872386025786775;0.4518732551887918;0.0;0.7574477205157355
935056.0;0.0;0.36879515826240183;0.46232875333868095;0.0;0.7375903165248037
918157.0;0.0;0.3609115691577393;0.4720459321999787;0.0;0.7218231383154786
873479.0;0.0;0.3403232082078669;0.4977364533648442;0.0;0.6806464164157338
852162.0;0.0;0.3350909172353327;0.5099940485945196;0.0;0.6701818344706654
815958.0;0.0;0.3282448052285584;0.5308118924606905;0.0;0.6564896104571168
776272.0;0.0;0.31359086842243783;0.5536319386343969;0.0;0.6271817368448757
744421.0;0.0;0.30614318093744874;0.5719467421086376;0.0;0.6122863618748975
704303.0;0.0;0.28063695291116825;0.5950151947719634;0.0;0.5612739058223365
637828.0;0.0;0.2541044823218481;0.6332393183771926;0.0;0.5082089646436962
597264.0;0.0;0.2377229733233336;0.6565642277404498;0.0;0.4754459466466672
557588.0;0.0;0.22896093984590182;0.6793785237639334;0.0;0.45792187969180365
544817.0;0.0;0.22280597994554457;0.686722040613311;0.0;0.44561195989108915
520915.0;0.0;0.20120640095220718;0.7004660496755478;0.0;0.40241280190441436
496654.0;0.0;0.1885102332919155;0.7144164891307785;0.0;0.377020466583831
448300.0;0.0;0.17857599045968453;0.7422207655174992;0.0;0.35715198091936906
423167.0;0.0;0.1530125167243663;0.7566726180721471;0.0;0.3060250334487326
390213.0;0.0;0.14878500298876693;0.7756216631159489;0.0;0.29757000597753386
381922.0;0.0;0.1418723510304311;0.7803891126655684;0.0;0.2837447020608622
343441.0;0.0;0.1360896287668851;0.8025162657374424;0.0;0.2721792575337702
309336.0;0.0;0.13433722060114633;0.822127153071874;0.0;0.26867444120229267
296588.0;0.0;0.11858905067939263;0.8294574445757396;0.0;0.23717810135878525
263193.0;0.0;0.1123650428802018;0.8486600712443613;0.0;0.2247300857604036
222374.0;0.0;0.10411248807969047;0.8721316094382966;0.0;0.20822497615938093
221626.0;0.0;0.09849749330320821;0.8725617206749526;0.0;0.19699498660641643
171160.0;0.0;0.09843175449478431;0.9015804287887021;0.0;0.19686350898956861
