1738251.0;2.8194351548600007E7;0.05919991171372858;4.7956252857105894E-4;0.29319070657301066;0.11839982342745715
1738240.0;2.88913119436E7;0.059199806529674055;4.8588769381600097E-4;0.3004383395008763;0.11839961305934811
1738221.0;2.870655052989999E7;0.05919979230230467;4.968129792390826E-4;0.29851702099363;0.11839958460460934
1737927.0;2.781435582989998E7;0.05920013032083502;6.658673957857149E-4;0.2892391628367295;0.11840026064167004
1737584.0;2.725928777930002E7;0.05919985848755893;8.630975484234525E-4;0.2834670565454753;0.11839971697511786
1737268.0;2.722038642370001E7;0.07050428903938447;0.0010448022954599688;0.2830625245981683;0.14100857807876893
1736585.0;2.5328324223200016E7;0.08454715183888462;0.0014375375556686418;0.2633871278262846;0.16909430367776923
1736283.0;2.670018461130002E7;0.0835766936321789;0.0016111920923934137;0.2776529894054468;0.1671533872643578
1735886.0;2.290553549630002E7;0.08357665173740803;0.001839473056233594;0.23819275023996245;0.16715330347481605
1735794.0;2.12729408865E7;0.08352567707228885;0.0018923744382822;0.22121553526945803;0.1670513541445777
1735541.0;2.1253366370700024E7;0.07829021253504712;0.0020378532389158668;0.22101198151478746;0.15658042507009423
1734797.0;2.650730411600002E7;0.05920042082821952;0.0024656644154828545;0.27564724124685974;0.11840084165643903
1734707.0;2.0963708847100005E7;0.08821443822309563;0.0025174157674869254;0.21799985712305994;0.17642887644619126
1734654.0;2.094829747399999E7;0.08553618597722575;0.002547891563667101;0.2178395955415632;0.1710723719544515
1734622.0;2.0746387231900003E7;0.08861059934915841;0.0025662920443796596;0.21573994780029207;0.17722119869831682
1734505.0;2.06513194014E7;0.08763193198958094;0.0026335688019849517;0.21475134537229817;0.17526386397916188
1734243.0;2.044006562220001E7;0.1003922740323504;0.0027842227378190253;0.21255453496922508;0.2007845480647008
1733574.0;1.8415548589500014E7;0.10282537894888917;0.003168907787715954;0.19150175146174697;0.20565075789777834
1732736.0;2.0154540927800015E7;0.09488246862717548;0.003650770376376083;0.20958538752311778;0.18976493725435095
1732345.0;1.8594568461900007E7;0.09832205465527122;0.0038756012500826584;0.19336336416062708;0.19664410931054244
1731871.0;1.8198304019600015E7;0.10824676038900645;0.004148158370637433;0.18924264332661792;0.2164935207780129
1731288.0;2.515720993570003E7;0.07746663453090322;0.00448339212861936;0.2616077246443962;0.15493326906180643
1730465.0;2.5687276861000013E7;0.06934747911311752;0.004956629491945477;0.2671198463220945;0.13869495822623504
1729958.0;2.0635975253500022E7;0.08602755080286306;0.005248162108235078;0.21459178286004105;0.17205510160572612
1728897.0;1.6638699305799989E7;0.12861083635670714;0.005858253046860849;0.1730244441874952;0.2572216727134143
1728783.0;2.095977118570002E7;0.07829640206269448;0.005923804759399339;0.21795890971108928;0.15659280412538895
1725121.0;2.497266290550003E7;0.07746893393132204;0.008029509770942765;0.2596886354932582;0.15493786786264407
1725033.0;1.80695502182E7;0.12313246511545146;0.008080111092902301;0.18790374330115142;0.24626493023090293
1724526.0;1.7753084182800002E7;0.11797818908527409;0.008371643709191903;0.18461283943463241;0.23595637817054818
1721822.0;1.774119258939999E7;0.12271917245032232;0.009926484329403105;0.18448917974821546;0.24543834490064464
1721281.0;2.5987249839900017E7;0.05924261968473753;0.0102375674564498;0.2702392402717976;0.11848523936947505
1720177.0;1.6473773643899988E7;0.1722129107762212;0.010872384041033072;0.17130939600626177;0.3444258215524424
1720110.0;2.543224005850001E7;0.07013328873729086;0.010910910047524992;0.2644677399170863;0.1402665774745817
1719921.0;1.6260518561899992E7;0.14507331217292632;0.011019587886733542;0.16909177422254784;0.29014662434585264
1718613.0;1.9035784050700016E7;0.08672053861935929;0.011771707535859374;0.19795152821215056;0.17344107723871857
1716665.0;2.4171927201599993E7;0.07644912953685268;0.01289183679923638;0.2513618517968853;0.15289825907370536
1715520.0;1.7498332637499988E7;0.12272752824934215;0.013550228999732619;0.1819636993954182;0.2454550564986843
1715002.0;1.5917133506599987E7;0.19908654353621028;0.013848086781267161;0.16552094171673623;0.39817308707242055
1714738.0;1.5689896820899988E7;0.14504431304886897;0.01399989074714577;0.16315792640408222;0.29008862609773794
1713977.0;1.661973580250002E7;0.13822432657569247;0.014437477179091303;0.17282724430077204;0.27644865315138495
1712148.0;1.959581014080002E7;0.08540881311750102;0.015489179654818483;0.2037751927420019;0.17081762623500205
1711855.0;1.8790480810800016E7;0.08675112524421934;0.015657659056342848;0.1954006403115384;0.17350225048843868
1710144.0;1.7011874466199994E7;0.10827775287531201;0.016641509759442466;0.1769050615077615;0.21655550575062402
1709715.0;1.5565965393700002E7;0.19100725081930736;0.016888191203995203;0.16186917384509067;0.3820145016386147
1709476.0;1.6114505564899987E7;0.1332468022013326;0.017025619794317128;0.16757339726376297;0.2664936044026652
1708190.0;1.8317705484200004E7;0.10652849240987498;0.017765089112953075;0.19048428918293703;0.21305698481974997
1708110.0;1.686688353229999E7;0.12303838404037784;0.017811090314734473;0.17539731289777677;0.24607676808075568
1707109.0;1.5259087320299987E7;0.1528338604060987;0.018386680352024197;0.15867797439449072;0.3056677208121974
1704066.0;1.7300456492399987E7;0.10405583150919545;0.020136451064784067;0.1799060018918665;0.2081116630183909
1701438.0;1.5040407407299992E7;0.22981326819899925;0.021647590543302942;0.15640394024636445;0.4596265363979985
1698888.0;1.79309225149E7;0.09691657157431897;0.023113878850084958;0.1864621653946314;0.19383314314863795
1698632.0;1.945474604270002E7;0.08550284865702672;0.023261082695785428;0.20230827896947792;0.17100569731405343
1698067.0;1.517541414580001E7;0.19601136667647942;0.02358596618336654;0.15780786404240235;0.39202273335295884
1695617.0;1.4780828377300007E7;0.2109658617978094;0.02499475298792181;0.1537045995970133;0.4219317235956188
1694521.0;1.6438098632600024E7;0.13265708868754444;0.02562496945232694;0.17093841454382214;0.2653141773750889
1690878.0;1.4201195186799996E7;0.2076220995934033;0.027719749178447287;0.1476770424679576;0.4152441991868066
1687569.0;1.6099048500700025E7;0.13798415528439079;0.0296224738871303;0.16741266054433462;0.27596831056878157
1685349.0;1.4450890413599983E7;0.1530258494926457;0.030899007236564056;0.15027360227346345;0.3060516989852914
1678303.0;1.36885118576E7;0.2420995329735127;0.034950563083460555;0.14234569135398548;0.4841990659470254
1676515.0;1.3882491053199988E7;0.21971243373278224;0.035978689943274765;0.14436286480521346;0.4394248674655645
1673735.0;1.4003139298599988E7;0.20208049420547958;0.0375772317051783;0.14561747583092355;0.40416098841095915
1667118.0;1.5473887773499982E7;0.14546213394155563;0.041382106107522056;0.16091166636422274;0.29092426788311126
1666771.0;1.3491334801699996E7;0.21213897099937798;0.04158163632024887;0.140295263620627;0.42427794199875596
1663658.0;1.3281997273399984E7;0.22388289453952903;0.04337165808456746;0.1381183801505911;0.44776578907905806
1663506.0;1.3096326932899991E7;0.21494535568113912;0.043459060367952114;0.13618760978947786;0.42989071136227824
1656946.0;1.3927444073100006E7;0.21021917708639223;0.04723115891402663;0.1448303275040579;0.42043835417278447
1651903.0;1.2938120780499985E7;0.22215475533214923;0.05013095967132141;0.1345424372262288;0.44430951066429847
1650813.0;1.2895808283300003E7;0.24588242407712058;0.05075772604559294;0.1341024331023692;0.49176484815424115
1649166.0;1.2618237538400007E7;0.2528432090994827;0.05170477578726744;0.1312159981126889;0.5056864181989654
1647765.0;1.409549694780003E7;0.18311972104457713;0.05251037183346415;0.14657789530997084;0.36623944208915427
1643493.0;1.2771652590799991E7;0.2357921083110436;0.05496683600859072;0.13281134842725642;0.4715842166220872
1640032.0;1.5045011112799997E7;0.15297226011702894;0.05695696300065839;0.15645181379529405;0.3059445202340579
1638680.0;1.2574384092999993E7;0.24636119403324688;0.05773438331076399;0.13075996979721838;0.49272238806649377
1636284.0;1.3838468281200022E7;0.2051250832037161;0.05911211930411682;0.14390507567657457;0.4102501664074322
1634516.0;1.11707734286E7;0.36917494609738105;0.06012874586348568;0.11616393974703333;0.7383498921947621
1631447.0;1.0960038716099996E7;0.3669257424461852;0.06189346696682451;0.11397252707521381;0.7338514848923704
1629609.0;1.0729612497999992E7;0.3740170035625961;0.06295034457775209;0.11157634408156587;0.7480340071251922
1628695.0;1.2385202225199979E7;0.25360366107858495;0.06347590830810455;0.12879268335704336;0.5072073221571699
1623957.0;1.23406348849E7;0.35894217572365544;0.06620032948360775;0.12832923130814247;0.7178843514473109
1622948.0;1.2207041690799985E7;0.27105982386275523;0.06678051964107562;0.1269400068422415;0.5421196477255105
1622872.0;1.4298374437699998E7;0.16135498169982196;0.06682422078276795;0.14868760138031614;0.3227099633996439
1622710.0;1.0525416500799993E7;0.37601717354898956;0.06691737321637528;0.10945292696394747;0.7520343470979791
1622667.0;1.033454572159999E7;0.37324908219686387;0.06694209886233278;0.10746807767520514;0.7464981643937277
1619837.0;1.1083415326499995E7;0.3609979189107552;0.06856939137534968;0.11525551014064823;0.7219958378215104
1619120.0;1.3837152470000003E7;0.19777295946251644;0.06898167714631545;0.14389139266582024;0.3955459189250329
1618852.0;1.1928393985299988E7;0.27632850246613805;0.06913578117228313;0.12404237262924434;0.5526570049322761
1616307.0;1.4052612985699996E7;0.1614411423175229;0.0705991944039538;0.14613194857035225;0.3228822846350458
1615425.0;1.0938136620500002E7;0.37223372396851306;0.0711063576535937;0.1137447690126344;0.7444674479370261
1615083.0;9844826.061299996;0.37299318774324414;0.07130301279120917;0.10237552383588197;0.7459863754864883
1612918.0;1.1800290083999997E7;0.3533594465249875;0.07254792031441822;0.12271023086062939;0.706718893049975
1612362.0;1.3674530947400004E7;0.19783496743900833;0.07286762866679893;0.14220030503669404;0.39566993487801666
1611923.0;9585341.359399999;0.37090370909383;0.07312006026157433;0.099677164096563;0.74180741818766
1611238.0;1.0105502976899998E7;0.370561419805097;0.07351394555182754;0.10508628130587715;0.741122839610194
1610389.0;1.3884515268499985E7;0.19776228160935128;0.07400213330573262;0.14438391445102777;0.39552456321870255
1609201.0;1.3511809833E7;0.2083240721662621;0.07468525115218635;0.14050818176075888;0.4166481443325242
1609063.0;1.0457712946699988E7;0.3675949921052309;0.07476460322525925;0.10874888336039559;0.7351899842104618
1608356.0;1.1446323122999996E7;0.35896867940723237;0.07517113884600235;0.11902935800139015;0.7179373588144647
1607909.0;1.3662430869899988E7;0.1615442204295275;0.07542817056095591;0.14207447734153666;0.323088440859055
1606160.0;1.1526187020999994E7;0.35336004159899176;0.07643387183490169;0.1198598560053585;0.7067200831979835
1603483.0;1.0694883487299988E7;0.3675904331106079;0.07797318704951167;0.11121520000034221;0.7351808662212158
1603027.0;1.1697323256799992E7;0.34979944923021283;0.07823539389966563;0.12163948742578527;0.6995988984604257
1600211.0;9422442.891999997;0.3749692170810628;0.0798546362023708;0.09798319654159583;0.7499384341621256
1598533.0;1.11938484894E7;0.3600995965909707;0.08081951140973558;0.11640389537674538;0.7201991931819414
1598013.0;1.3477957559399992E7;0.18126637612534854;0.08111851922131466;0.14015615479540092;0.3625327522506971
1597947.0;9145550.7856;0.38749985689194016;0.08115647021278431;0.09510381865698775;0.7749997137838803
1596970.0;1.2249658223899996E7;0.26898103041091753;0.08171825988953961;0.1273831726100282;0.5379620608218351
1593656.0;1.0497842378599996E7;0.3653550291382169;0.08362385967333397;0.10916618597056046;0.7307100582764338
1593229.0;1.0853283890099997E7;0.36465556366249174;0.08386939108784217;0.11286239255727443;0.7293111273249835
1591745.0;1.3159203124399982E7;0.18384137164168413;0.08472271338088708;0.13684145405260004;0.36768274328336825
1591486.0;9252822.9018;0.3835133759140018;0.08487164227165435;0.09621933243250573;0.7670267518280036
1590495.0;8976537.0443;0.38803712918227523;0.0854414821587214;0.09334625887956646;0.7760742583645505
1586752.0;1.0873227410599992E7;0.35121828304212616;0.0875937633870685;0.11306978356099613;0.7024365660842523
1586421.0;1.2713709664999994E7;0.24543787756065838;0.08778409335943901;0.1322088047820541;0.49087575512131676
1586316.0;8763037.3855;0.39271358434787734;0.0878444699367771;0.09112609376213972;0.7854271686957547
1585936.0;9470205.606;0.3700477284197221;0.08806297564523873;0.09847987701468162;0.7400954568394442
1582666.0;1.1474189598500008E7;0.35061499679912406;0.08994327476805332;0.11931913915232262;0.7012299935982481
1581425.0;8546577.752000002;0.39545477056287076;0.09065686841068724;0.08887514811506557;0.7909095411257415
1576662.0;8370408.820499995;0.39990184591124356;0.09339566496174713;0.08704318211245451;0.7998036918224871
1576479.0;1.0734116589700004E7;0.36100605489078047;0.09350089271082207;0.11162318175491047;0.7220121097815609
1576167.0;8204894.801899993;0.405794571206161;0.09368029739776952;0.08532201565904543;0.811589142412322
1575218.0;9878966.037600007;0.3601093367318023;0.09422598665390133;0.10273054259758437;0.7202186734636046
1574117.0;1.0368389275600003E7;0.3599620392300383;0.09485907819341781;0.10782001396617112;0.7199240784600766
1573588.0;1.1080193976900004E7;0.34899651845421037;0.09516326114019728;0.11522201159524945;0.6979930369084207
1573579.0;1.2621918844200019E7;0.23251483481217913;0.0951684362753977;0.1312542797041898;0.46502966962435827
1573417.0;8603761.105599992;0.39483774689079143;0.09526158870900503;0.08946979303240994;0.7896754937815829
1570607.0;8341155.544600001;0.39516879520561965;0.09687738092157658;0.08673897974000731;0.7903375904112393
1570283.0;1.1324838509600004E7;0.3485792899425997;0.09706368578879124;0.11776604965471313;0.6971585798851994
1569582.0;9160336.865899999;0.37711594278864663;0.09746677131940072;0.0952575778708902;0.7542318855772933
1569524.0;1.1857259249599993E7;0.3373096272632895;0.09750012219069223;0.12330264845485377;0.674619254526579
1569321.0;9632720.3356;0.3657211670347133;0.09761685024021252;0.10016985411232164;0.7314423340694266
1568956.0;1.0528252481299995E7;0.35546906376772097;0.09782673072334015;0.1094824180882668;0.7109381275354419
1568365.0;8858743.256399993;0.3818639891748115;0.09816656460150021;0.09212133111895517;0.763727978349623
1567493.0;1.0025600848599998E7;0.35539236158716725;0.09866797770091744;0.1042553857482126;0.7107847231743345
1565938.0;1.1735705409199994E7;0.3007654535347493;0.09956212606054334;0.12203862022238646;0.6015309070694986
1563915.0;9124604.5817;0.3815429683589144;0.1007253814505904;0.09488600083234734;0.7630859367178288
1563912.0;1.2968037540199978E7;0.22117054384901763;0.10072710649565719;0.13485353911128886;0.44234108769803526
1563561.0;1.1183297496699994E7;0.3378640405777549;0.10092893676847307;0.11629417648502237;0.6757280811555098
1563294.0;1.0209359213799998E7;0.3545957601584979;0.10108246577941848;0.10616627363789576;0.7091915203169958
1560076.0;1.2357152055599993E7;0.25558527983726004;0.10293286412107516;0.12850099198650994;0.5111705596745201
1558775.0;1.0802698111900002E7;0.3441612694132679;0.10368095866504512;0.11233635527539416;0.6883225388265358
1557879.0;1.2529515958799992E7;0.2489177370464446;0.10419617212499677;0.1302933898176776;0.4978354740928892
1556971.0;1.2828190583500018E7;0.2232384156391075;0.10471828576521562;0.1333992822905115;0.446476831278215
1556680.0;7374522.396999995;0.4408700283057865;0.10488561513669545;0.0766870423846397;0.881740056611573
1556362.0;1.1993110290099993E7;0.2636201544856918;0.1050684699137765;0.12471535207686175;0.5272403089713836
1555300.0;1.2192801581200017E7;0.23388461986660553;0.10567913586742454;0.12679192513204166;0.46776923973321105
1554833.0;9173547.826900013;0.3453848806598238;0.10594766788282343;0.09539495755076778;0.6907697613196476
1553551.0;7248977.432199996;0.44095514094821836;0.10668483714137032;0.07538151078293052;0.8819102818964367
1552949.0;1.2425654133600015E7;0.2237553840030289;0.10703099618477532;0.12921333937339435;0.4475107680060578
1552155.0;8202079.882900001;0.40148933994806835;0.1074875581124557;0.08529274355150535;0.8029786798961367
1552013.0;1.0943888353499994E7;0.3309456485616026;0.10756921024561766;0.11380458080363728;0.6618912971232052
1550809.0;9566754.47890001;0.34319893213935326;0.10826152833242768;0.09948388067887609;0.6863978642787065
1550650.0;7765055.808399998;0.4108748072971249;0.10835295572096822;0.08074816670705459;0.8217496145942498
1549841.0;8019641.261299997;0.40929262946426864;0.10881814287398259;0.08339557956527537;0.8185852589285373
1548966.0;1.2177512329099994E7;0.2587379212468244;0.10932128101846661;0.1266329334766226;0.5174758424936488
1548143.0;8965946.03490001;0.3559775835187506;0.10979451838179273;0.09323612385752306;0.7119551670375012
1548044.0;1.1529998211499998E7;0.3083785653808971;0.1098514448689972;0.11989948825700489;0.6167571307617942
1547270.0;1.1323020606899992E7;0.3129201399717301;0.11029650649623221;0.11774714543639199;0.6258402799434603
1547084.0;7499949.2125999965;0.43343013489547366;0.11040345929037396;0.07799134536268756;0.8668602697909473
1545593.0;7113140.055799997;0.4419304385229446;0.11126080668857474;0.07396894925275704;0.8838608770458892
1545421.0;7288890.380899997;0.4274574923680137;0.11135970927240474;0.07579656220238219;0.8549149847360275
1542462.0;7882506.224299995;0.40676615288798673;0.11306117872329415;0.08196952377092095;0.8135323057759735
1541886.0;7637889.392499996;0.4074924253069601;0.1133923873761202;0.07942577377080243;0.8149848506139202
1540621.0;1.0324800001800003E7;0.34291240556629665;0.11411978137928853;0.10736673274910191;0.6858248111325933
1534592.0;8755357.058200007;0.36154649887334983;0.11758654694853903;0.09104622668011389;0.7230929977466997
1534118.0;8569721.442000004;0.35951757089193226;0.1178591040690938;0.08911581741409558;0.7190351417838645
1532354.0;9360263.534199998;0.3436626914718837;0.1188734305683736;0.09733659859391071;0.6873253829437674
1531804.0;7149292.4947;0.4342670299176023;0.1191896888306207;0.07434489544492813;0.8685340598352046
1531614.0;1.1981870289600015E7;0.26980979929924026;0.11929894168485151;0.12459846825058225;0.5396195985984805
1530379.0;6962134.362099999;0.43546625712297016;0.12000908523735182;0.0723986536580478;0.8709325142459403
1528952.0;1.1792375049700014E7;0.26630048310886845;0.12082963167412748;0.12262792308011664;0.5326009662177369
1527903.0;8224701.661199998;0.39211428370875534;0.12143282243248604;0.08552798553436426;0.7842285674175107
1526860.0;6657480.114799997;0.44474442132418474;0.122032563100711;0.06923057958929726;0.8894888426483695
1524479.0;6573902.678499997;0.446315890340151;0.12340167386872981;0.0683614648107531;0.892631780680302
1522212.0;6802757.238999995;0.43590083650337585;0.12470523292421014;0.07074130426830509;0.8718016730067517
1518389.0;8161790.975300006;0.37903558270722265;0.12690351535433864;0.08487378256685792;0.7580711654144453
1518107.0;6345141.922699998;0.4507955496087465;0.12706566959061805;0.06598260082044055;0.901591099217493
1518047.0;8372973.869700004;0.3754520480214078;0.1271001704919541;0.08706985584481715;0.7509040960428156
1514375.0;7438147.586200007;0.4114168368688393;0.1292116256537202;0.0773486754122778;0.8228336737376786
1511416.0;6483870.926099995;0.44532635971337525;0.1309130951046096;0.06742523213823846;0.8906527194267505
1509140.0;7263417.3416;0.43276530331302737;0.13222182929529033;0.07553167019456089;0.8655306066260547
1508642.0;7920895.344300005;0.3868824709131104;0.13250818677637954;0.08236872902301258;0.7737649418262208
1507637.0;6779232.954100002;0.44063303650768537;0.1330860768737583;0.0704966771947026;0.8812660730153707
1504075.0;6109583.199999994;0.4451464774680543;0.135134280383075;0.06353304534019473;0.8902929549361086
1503099.0;7083715.103599995;0.4284237674179895;0.13569549504480805;0.07366296163280683;0.856847534835979
1502828.0;7295031.250599997;0.4241884320303109;0.13585132411584253;0.0758604205934224;0.8483768640606218
1500866.0;7273556.555800008;0.41207306099596774;0.1369795035895313;0.07563710703605984;0.8241461219919355
1498716.0;7026689.134400007;0.4123229093795694;0.1382157858874063;0.07306995334269117;0.8246458187591388
1496906.0;6967171.589799996;0.43517930577532976;0.1392565630777104;0.07245103536812139;0.8703586115506595
1496266.0;6746251.353099997;0.4338061476489634;0.13962457269196157;0.0701537042809815;0.8676122952979268
1495898.0;6922294.3454;0.4315203096441568;0.139836178220156;0.07198436065237188;0.8630406192883135
1494311.0;6339603.610499996;0.44174201760520015;0.14074872706049446;0.0659250083745089;0.8834840352104003
1491661.0;7635666.932300007;0.39835166558972934;0.1422725168695032;0.07940266259283325;0.7967033311794587
1490478.0;6632586.1159;0.43666525454882815;0.1429527596408456;0.06897170897422612;0.8733305090976563
1489502.0;5776556.813399999;0.45532880708420365;0.14351397430257865;0.06006993176489574;0.9106576141684073
1488687.0;6808128.883900009;0.41846345028384013;0.14398261154572664;0.0707971635549065;0.8369269005676803
1485769.0;6021713.753199998;0.4552519240229835;0.14566050538070308;0.062619298302989;0.910503848045967
1476388.0;5570455.228599998;0.46508651061481115;0.15105472130459408;0.057926698601005855;0.9301730212296223
1475495.0;7615818.874699999;0.4102011253687675;0.15156820971947893;0.07919626429983412;0.820402250737535
1474692.0;5431959.6883;0.4654461022712962;0.15202994678235968;0.05648649504648276;0.9308922045425924
1469364.0;6268489.275700006;0.43586017409683;0.1550936268210007;0.0651854963473733;0.87172034819366
1465388.0;6591493.90320001;0.4330050557274286;0.1573798865495361;0.06854439448694696;0.8660101114548572
1465091.0;6465380.941400006;0.42865641563967355;0.15755066601114953;0.06723295633188169;0.8573128312793471
1463062.0;5230957.0675;0.4667938556225495;0.15871737149133022;0.05439628558329313;0.933587711245099
1461990.0;7581683.2722000005;0.40600183594317296;0.15933378759520092;0.0788412910209127;0.8120036718863459
1461534.0;6065436.201200008;0.4405862955644155;0.15959599444535488;0.06307396438743956;0.881172591128831
1457387.0;5111243.2928;0.4685611435373994;0.16198058174269803;0.053151392040332465;0.9371222870747988
1456530.0;7308137.864899998;0.4047930994389105;0.16247336961678124;0.07599671518068302;0.809586198877821
1455140.0;5988060.689199993;0.45185200379115303;0.163272640497733;0.062269342901620735;0.9037040075823061
1450998.0;5920947.659999999;0.4546668035056655;0.16565435271996481;0.0615714401171753;0.909333607011331
1449772.0;5917487.291099999;0.45370101881382635;0.1663593211372647;0.06153545603004191;0.9074020376276527
1446550.0;6738930.752500001;0.42786507879071906;0.16821201953901047;0.07007757796685961;0.8557301575814381
1446155.0;4948213.5771;0.4724639558950815;0.1684391504728061;0.05145605964525728;0.944927911790163
1444776.0;1.1415848024799997E7;0.3127465743131825;0.16923209618851293;0.11871245000090865;0.625493148626365
1442080.0;4785127.500500001;0.4803426760912379;0.17078233668854598;0.04976014115789103;0.9606853521824757
1439234.0;5877461.627700004;0.45330103314222037;0.17241882944191916;0.06111923249984049;0.9066020662844407
1438713.0;5767757.826199994;0.45799804854242165;0.17271841226852053;0.05997843183201558;0.9159960970848433
1437812.0;4635600.9975;0.48148525029551353;0.1732365008035835;0.048205227543708665;0.9629705005910271
1435318.0;5595107.892400001;0.45905642160582005;0.17467058826911852;0.05818305959253178;0.9181128432116401
1433359.0;5824592.737800001;0.44764320864226154;0.1757970426977405;0.060569453330108804;0.8952864172845231
1432676.0;5613648.610700007;0.45672573513625564;0.17618977795794916;0.05837586297335717;0.9134514702725113
1427936.0;5860801.4779;0.4437504526769167;0.17891534916349688;0.060945984993755614;0.8875009053538334
1427241.0;4418548.876699998;0.4863322434701706;0.17931498460397277;0.04594812067069449;0.9726644869403412
1426730.0;5462815.325400006;0.46151941278054387;0.17960881728035144;0.056807360239197593;0.9230388255610877
1424408.0;6669565.9843;0.4280690011271164;0.18094400216205647;0.06935625953664938;0.8561380022542328
1423799.0;1.1049798425399996E7;0.3245848172379004;0.18129418631061736;0.11490593079425632;0.6491696344758008
1417738.0;5608351.215599992;0.4566794565298514;0.1847793523605804;0.05832077580422359;0.9133589130597028
1415557.0;5504026.4957;0.45175675877208604;0.18603346012414573;0.05723591175662222;0.9035135175441721
1415483.0;1.1704959600800006E7;0.30498886523801705;0.18607601123579354;0.1217188971291487;0.6099777304760341
1410977.0;6417519.803899998;0.4261077584409368;0.1886670289261307;0.06673525236104103;0.8522155168818736
1393904.0;4258324.006400001;0.49551402858952964;0.198484260401303;0.04428195562863457;0.9910280571790593
1389169.0;4200403.061899999;0.4947515311533366;0.2012069565317394;0.043679640565134736;0.9895030623066732
1382080.0;5491781.750099998;0.4603957148914775;0.2052832380245934;0.05710857966997773;0.920791429782955
1376905.0;5225647.0639999965;0.4668377286816846;0.20825894076482748;0.05434106730046128;0.9336754573633692
1375516.0;3595421.101999999;0.49743622229690965;0.20905763663075697;0.03738848370056718;0.9948724445938193
1373812.0;4072287.5983;0.4947607619936334;0.21003746222870073;0.04234737856112785;0.9895215239872668
1371515.0;3728108.3377999994;0.4971639429211162;0.21135827173484908;0.03876828718178445;0.9943278858422324
1369233.0;3530508.7295999983;0.49434621600545686;0.21267045601566342;0.03671346536235569;0.9886924320109137
1367151.0;3388346.4601999996;0.49680030007171133;0.21386763729202427;0.03523513179821745;0.9936006001434227
1359649.0;4356209.486699997;0.4923322203669938;0.2181813999890747;0.04529985856152964;0.9846644407339876
1357772.0;3374087.9821000006;0.4951663914865826;0.21926070318587074;0.03508685907552019;0.9903327829731652
1356389.0;4171214.257799998;0.4936951404107502;0.22005594896166664;0.04337610862955009;0.9873902808215004
1354486.0;4770251.023199997;0.47122989193591863;0.22115020254904158;0.04960544191313673;0.9424597838718373
1351076.0;2784517.6350000002;0.4962141493137687;0.22311100377497362;0.028955966285069495;0.9924282986275375
1351009.0;2740937.8765999996;0.4969335984247609;0.22314952978146554;0.028502784017850027;0.9938671968495219
1347952.0;3266532.1508;0.4958982372469556;0.22490735070453716;0.0339683949703771;0.9917964744939112
1346413.0;3034720.139999999;0.4961152798498081;0.22579229882380678;0.031557801234202404;0.9922305596996162
1345858.0;4358047.5106;0.4826426573284503;0.22611143216116522;0.04531897201852867;0.9652853146569006
1345238.0;1.0768685686500002E7;0.32379377591960706;0.22646794147497104;0.11198266290484617;0.6475875518392141
1345084.0;2909243.9468999994;0.49587190729457625;0.22655649378840023;0.03025298478365675;0.9917438145891525
1344600.0;3731247.6555000013;0.49367922022162725;0.22683480105917767;0.03880093268430768;0.9873584404432545
1343693.0;1.1145514029499998E7;0.31638371408003496;0.22735633968437424;0.11590126936580561;0.6327674281600699
1340319.0;4129018.524699998;0.4883770258925066;0.22929644036950467;0.04293731872581246;0.9767540517850132
1336311.0;2577575.2663;0.4949879676694478;0.23160110057875263;0.02680398987963738;0.9899759353388956
1333903.0;4326971.091400003;0.4820614223588938;0.23298573675237266;0.0449958109311988;0.9641228447177876
1332082.0;1.0485786958800001E7;0.3246952115537611;0.2340328391079217;0.10904082266709517;0.6493904231075222
1331686.0;2484142.1680999994;0.49544211917062897;0.2342605450567396;0.025832386896275848;0.9908842383412579
1327639.0;3634926.7013000003;0.49413935344743654;0.236587630851856;0.03779929912763568;0.9882787068948731
1327123.0;3948269.301299998;0.4921571543758157;0.236884338603346;0.0410577226503425;0.9843143087516314
1325795.0;2311474.6416999986;0.4945863908995042;0.2376479585529172;0.024036831712814146;0.9891727817990084
1323374.0;1991830.7377000002;0.49371546745990585;0.23904006992182672;0.020712881456183094;0.9874309349198117
1322852.0;1.0804550133100001E7;0.32137286687943184;0.23934022776345032;0.11235561428914662;0.6427457337588637
1322437.0;1.0615682442400003E7;0.3120346547990996;0.23957885899769132;0.11039159495039028;0.6240693095981992
1314016.0;4259439.156699998;0.4879354481508336;0.24442106050020557;0.04429355198345152;0.9758708963016672
1308376.0;4119413.2532000006;0.4911658346481056;0.24766414522579402;0.04283743430984866;0.9823316692962112
1305787.0;3705893.4540000004;0.4931429180449304;0.24915285911844448;0.03853727646084157;0.9862858360898608
1300895.0;1704346.4363000004;0.49192294120865143;0.25196583260737687;0.01772335622057612;0.9838458824173029
1299034.0;0.0;0.4526646536346574;0.2530359355638166;0.0;0.9053293072693148
1298531.0;1.0384672440699996E7;0.32999783918057524;0.25332516812001715;0.10798934123985156;0.6599956783611505
1289198.0;0.0;0.4517969731952662;0.2586917833228393;0.0;0.9035939463905324
1264955.0;1.0096786482399998E7;0.33048097941123644;0.27263187250766924;0.10499563920769342;0.6609619588224729
1262630.0;9857556.278500002;0.3389592242619043;0.2739687824344411;0.10250790430114161;0.6779184485238086
1251514.0;7011056.438700004;0.4179000291638273;0.28036064942196615;0.07290739024596506;0.8358000583276546
1214704.0;0.0;0.45167194888775436;0.30152695239163124;0.0;0.9033438977755087
1199454.0;6671908.991;0.42539046019811433;0.31029593148120993;0.06938062426760247;0.8507809203962287
1172489.0;5541763.690700003;0.45072922609605265;0.3258012115566519;0.05762833769509654;0.9014584521921053
1156251.0;5661594.808099999;0.45022425825414486;0.33513830548823087;0.05887445147499239;0.9004485165082897
1143679.0;0.0;0.43796489691275836;0.34236739434817737;0.0;0.8759297938255167
1054425.0;0.0;0.43692612185322954;0.3936897851456369;0.0;0.8738522437064591
1032547.0;0.0;0.42336660629608985;0.40626996380280433;0.0;0.8467332125921797
981352.0;0.0;0.419179351950689;0.4357078578677868;0.0;0.838358703901378
950175.0;0.0;0.41847863758248954;0.4536351012170193;0.0;0.8369572751649791
937298.0;0.0;0.4073092723790855;0.4610395696587573;0.0;0.814618544758171
933981.0;0.0;0.3925208757610968;0.4629468944876185;0.0;0.7850417515221936
901291.0;0.0;0.39090467916391286;0.48174413556554163;0.0;0.7818093583278257
835740.0;0.0;0.3900245917539261;0.5194369452901957;0.0;0.7800491835078522
832097.0;0.0;0.38218972550018415;0.5215317250163161;0.0;0.7643794510003683
827648.0;0.0;0.35463359969275726;0.524089966850384;0.0;0.7092671993855145
810723.0;8434440.782100001;0.3413646263354434;0.5338220961022607;0.08770904513230092;0.6827292526708868
805331.0;8173401.299600003;0.34607178172197295;0.5369225771023268;0.08499451735939927;0.6921435634439459
781510.0;7582112.610700001;0.3416372212569049;0.5506200099477598;0.07884575567610994;0.6832744425138098
781405.0;7559232.606199998;0.35448508775029147;0.550680386525098;0.07860782842056777;0.7089701755005829
781295.0;8907502.137999998;0.3385376148140108;0.5507436381775473;0.09262837065569972;0.6770752296280216
774454.0;7263872.420200001;0.3412722578388738;0.554677315944879;0.07553640251890786;0.6825445156777477
763039.0;6977208.157400002;0.3405547193476793;0.561241112424062;0.07255540479620137;0.6811094386953586
760894.0;6695055.4958000025;0.3412721931563398;0.5624745196468258;0.06962132283750255;0.6825443863126796
756736.0;7447610.522500002;0.3292120949294783;0.5648654321094139;0.07744707969638658;0.6584241898589566
753202.0;0.0;0.34450515482798755;0.566897535198107;0.0;0.6890103096559751
750733.0;6269881.725600002;0.3364237434966583;0.5683172472880854;0.06519997631756676;0.6728474869933166
721955.0;0.0;0.34183200633178396;0.5848650295988983;0.0;0.6836640126635679
713919.0;7164137.8156;0.32783583230833335;0.5894858503178395;0.0744992706968814;0.6556716646166667
712582.0;7957327.1179;0.326651901111589;0.5902546454026112;0.08274757999339502;0.653303802223178
710394.0;7128358.697999998;0.3229763585282261;0.5915127782713323;0.07412720664172408;0.6459527170564522
703854.0;6925669.541499998;0.33174929165980366;0.5952733765169615;0.07201945903467286;0.6634985833196073
702424.0;7012005.243900003;0.31470001415090393;0.596095647998804;0.07291725679198256;0.6294000283018079
698808.0;6695771.095099998;0.33169864276226746;0.5981749023193231;0.06962876429484649;0.6633972855245349
694385.0;5430672.689000001;0.3235442262680795;0.6007181937628121;0.05647311164826999;0.647088452536159
691621.0;6699870.628200004;0.30399553382513766;0.6023075352843593;0.06967139499710394;0.6079910676502753
685164.0;0.0;0.3402498901129089;0.6060204072831402;0.0;0.6804997802258178
679133.0;6422580.9416000005;0.3193187117689799;0.6094883228824353;0.06678788270920737;0.6386374235379598
670580.0;6446670.364500003;0.3010232686209817;0.6144064263678889;0.06703838660566384;0.6020465372419634
665805.0;6169467.119700002;0.2943964588884063;0.617152123099216;0.06415577321882468;0.5887929177768126
661772.0;5775138.457400004;0.30309075802700025;0.6194711586840206;0.060055182399332434;0.6061815160540005
654568.0;0.0;0.3113475064488405;0.6236135669044354;0.0;0.622695012897681
643421.0;5263143.487400001;0.30737896389236574;0.6300232593576507;0.054730989475179785;0.6147579277847315
637498.0;5787792.853999997;0.3005040683437431;0.6334290733345409;0.06018677441250612;0.6010081366874862
635509.0;5009243.557100001;0.3101684620201537;0.6345727782138308;0.052090705309212094;0.6203369240403074
623172.0;4896269.927900001;0.30050226416157416;0.6416667385435445;0.05091590197627607;0.6010045283231483
622151.0;5453486.1879;0.2911244981526775;0.6422538288812796;0.05671034731763319;0.582248996305355
615508.0;4408186.576300001;0.30771794833485805;0.6460736536742022;0.04584036397443708;0.6154358966697161
613697.0;5204428.7868;0.2902307320328344;0.6471150058795286;0.05412042020830151;0.5804614640656688
612780.0;4970656.735300002;0.29096746232705917;0.6476422946549478;0.05168944417261715;0.5819349246541183
591937.0;4391059.364099999;0.300734680309237;0.6596273327640685;0.04566225952547011;0.601469360618474
586827.0;4690366.4756000005;0.2867340946000532;0.6625656595278552;0.048774729175702934;0.5734681892001064
585400.0;0.0;0.3010587225547717;0.6633862059646308;0.0;0.6021174451095433
577670.0;5677953.2975;0.2719053634571889;0.6678310720867583;0.059044562039776476;0.5438107269143778
577356.0;0.0;0.2904746369040053;0.6680116268037503;0.0;0.5809492738080106
573035.0;3714614.3757999996;0.28845078822466913;0.670496266714968;0.038627964598148164;0.5769015764493383
567821.0;5341989.086600002;0.2722852601430892;0.6734943950410704;0.05555089827498932;0.5445705202861784
566277.0;3499916.0583999995;0.28608517300363834;0.6743822182354514;0.0363953347300685;0.5721703460072767
566055.0;4920132.2638;0.2820776006136819;0.6745098715703948;0.05116404441398894;0.5641552012273638
560926.0;4288015.687500001;0.2845760163101303;0.6774591236196046;0.044590716940134986;0.5691520326202606
559150.0;4375734.475700001;0.28250352890706576;0.6784803502991515;0.045502897291144456;0.5650070578141315
559150.0;4632918.381700002;0.2815444257442878;0.6784803502991515;0.04817733124609353;0.5630888514885756
548353.0;4402305.3482;0.28236343585694657;0.6846887874945733;0.04577920557470641;0.5647268717138931
541211.0;4113932.012700001;0.27037013839084906;0.6887955447836075;0.042780435347757925;0.5407402767816981
534453.0;3796476.3582000006;0.26796542703391546;0.6926814963040909;0.03947924051488459;0.5359308540678309
528123.0;3764187.3082000003;0.27120157115585;0.696321341395044;0.03914346938116113;0.5424031423117
527695.0;3514554.8215000005;0.2623254721376451;0.6965674478245745;0.03654756200471413;0.5246509442752902
502995.0;3298265.5496;0.27645783109847505;0.7107703188745806;0.03429838793368741;0.5529156621969501
499743.0;0.0;0.2566942646190174;0.7126402677269944;0.0;0.5133885292380348
475429.0;4675511.4633;0.25432325353441004;0.7266211829784053;0.048620253143690624;0.5086465070688201
466113.0;0.0;0.2560452941019654;0.7319780229258489;0.0;0.5120905882039308
456488.0;4145314.2712000003;0.2521602861163612;0.7375125425151732;0.04310677683242061;0.5043205722327224
449156.0;4212499.221499999;0.24120034900588067;0.7417285526584382;0.04380542751837715;0.48240069801176133
433036.0;0.0;0.22764241239383168;0.7509977948173896;0.0;0.45528482478766336
415310.0;0.0;0.22122683271539206;0.7611905111021026;0.0;0.4424536654307841
371635.0;2415859.7843999993;0.21200396785831585;0.7863042921996337;0.02512232409206546;0.4240079357166317
367898.0;0.0;0.19453230821956902;0.7884531233378472;0.0;0.38906461643913803
277150.0;0.0;0.18972652524234862;0.8406345865785744;0.0;0.37945305048469724
244545.0;0.0;0.15017323788307466;0.8593829513796047;0.0;0.3003464757661493
167112.0;0.0;0.125474755540858;0.9039080895988407;0.0;0.250949511081716
146735.0;0.0;0.11547318686767534;0.9156251707075848;0.0;0.23094637373535068
142614.0;0.0;0.11444300663435866;0.9179948076143489;0.0;0.22888601326871733
100285.0;0.0;0.10608936067832456;0.9423346184919081;0.0;0.2121787213566491
84785.0;0.0;0.08888813988500606;0.9512473513370536;0.0;0.17777627977001212
