1737671.0;3.2024742694600012E7;0.06831794740601903;8.130712414861839E-4;0.33302262413319694;0.13663589481203806
1736944.0;3.1672794163299993E7;0.06832335064876441;0.0012311071626746248;0.32936274075580074;0.13664670129752882
1734883.0;3.1370667759200003E7;0.060011344986581096;0.0024162131235678534;0.32622095351732683;0.12002268997316219
1733590.0;3.1079206076200012E7;0.0783682804456612;0.003159707547359675;0.32319006782270726;0.1567365608913224
1732500.0;3.080852723320001E7;0.09797705141301043;0.0037864739216312026;0.32037530114517837;0.19595410282602085
1725780.0;3.05140526863E7;0.10905354387022076;0.007650574871268512;0.3173130849305384;0.21810708774044152
1724765.0;3.0285852926200006E7;0.09962451534787671;0.008234215118869981;0.31494005468764813;0.19924903069575342
1724487.0;2.360348415770001E7;0.15589157669850887;0.008394069295060333;0.245450660067568;0.31178315339701773
1723288.0;2.3369730312599994E7;0.14784630190868708;0.009083512306759014;0.24301987335871622;0.29569260381737417
1722487.0;3.0010678123299997E7;0.12368612954236613;0.009544099339595246;0.3120785348986836;0.24737225908473226
1721066.0;2.2871326393199995E7;0.1455996678646098;0.010361195686237303;0.23783701263444113;0.2911993357292196
1721029.0;2.714854507479998E7;0.1370171946246636;0.010382471242061198;0.2823154524121366;0.2740343892493272
1720966.0;2.9445739932799976E7;0.09745862337738816;0.01041869718846405;0.3062037898470988;0.1949172467547763
1719226.0;2.2229489104699995E7;0.14400944496758641;0.011419223327209424;0.23116260028642724;0.28801888993517283
1717542.0;2.25911433572E7;0.135985894002302;0.01238754862470782;0.23492341264782649;0.271971788004604
1715398.0;2.19314629551E7;0.1449550704813347;0.013620380832449248;0.22806345125198899;0.2899101409626694
1714088.0;2.048299763259999E7;0.15869610788956154;0.014373650511619616;0.2130009813591012;0.3173922157791231
1714037.0;2.779671249419999E7;0.09855694912979054;0.014402976277755256;0.28905569126259995;0.1971138982595811
1712911.0;2.1501851899600003E7;0.14495580238379854;0.015050443192828413;0.22359596177288177;0.2899116047675971
1710748.0;1.9914995313299984E7;0.17620687657199258;0.01629420068599292;0.20709437268808364;0.35241375314398515
1709016.0;1.968184861579999E7;0.16684349788554478;0.017290126704560156;0.20466989965640717;0.33368699577108957
1707466.0;1.946842460959999E7;0.18386508441790275;0.018181399989074715;0.20245052124404825;0.3677301688358055
1701263.0;2.8942022598199993E7;0.09051787474103476;0.021748218172199747;0.30096567536200874;0.18103574948206952
1696116.0;1.9120353743299987E7;0.18757078811986136;0.024707820491810348;0.1988309613810712;0.3751415762397227
1695101.0;2.648979041569998E7;0.1239674691519449;0.025291460739411818;0.2754651177404253;0.2479349383038898
1690750.0;2.1040538535099983E7;0.152673136070403;0.02779335110129752;0.21879880263069715;0.305346272140806
1687965.0;1.8532664569800004E7;0.23714548414756145;0.02939476793831239;0.19271963075774554;0.4742909682951229
1686931.0;2.742656714419998E7;0.12098192316835331;0.029989333471336938;0.28520658068759164;0.24196384633670662
1685902.0;2.6754448025399998E7;0.12122674594949814;0.03058102392925015;0.27821727011584413;0.2424534918989963
1685252.0;1.882029107749999E7;0.1782517669701248;0.030954783693723998;0.19571063478478704;0.3565035339402496
1681649.0;2.0681683450399995E7;0.1473175039904756;0.03302656281895364;0.2150670985814252;0.2946350079809512
1681606.0;2.5995537998099986E7;0.13104680163606497;0.03305128846491114;0.27032542813657784;0.26209360327212994
1679474.0;1.8195541544099998E7;0.21812426805561633;0.034277220492385366;0.18921391657465328;0.43624853611123265
1678293.0;2.547461449759999E7;0.10964915130985718;0.03495631323368323;0.26490838816958967;0.21929830261971436
1670602.0;2.5797219479299985E7;0.10669517037112079;0.03937875376994224;0.26826313042587296;0.21339034074224159
1668302.0;1.764787729729999E7;0.2747239518206114;0.04070128832115739;0.18351880182064703;0.5494479036412228
1666546.0;2.02603189766E7;0.15647897010830591;0.04171101470025904;0.2106853646165481;0.31295794021661183
1663904.0;1.7447476047000017E7;0.23539160825188102;0.043230204389089665;0.18143484595905246;0.47078321650376204
1662735.0;2.5182713962799992E7;0.1218750413284598;0.04390239695012032;0.26187293889176083;0.2437500826569196
1660716.0;2.49851518494E7;0.12881905360255413;0.045063352280078316;0.25981850697762526;0.25763810720510827
1657549.0;1.7243519816200014E7;0.23943173980235266;0.04688442485559935;0.17931392215219902;0.4788634796047053
1654819.0;2.454796349769999E7;0.09966925397682637;0.04845421586638951;0.25527222182829434;0.19933850795365274
1650136.0;1.6031178930999987E7;0.2072018944213136;0.05114701121566801;0.16670689055842594;0.4144037888426272
1648817.0;2.4080507999599997E7;0.11452258175142936;0.05190545603003879;0.25041119115187926;0.22904516350285872
1645149.0;1.5555595997799985E7;0.18538962306339624;0.054014611131715816;0.1617613433633213;0.37077924612679247
1644892.0;2.378302608029998E7;0.11704269332912115;0.05416238999243855;0.24731770152286886;0.2340853866582423
1644572.0;1.5106865609100001E7;0.1824032833634356;0.054346394799564136;0.15709503353537765;0.3648065667268712
1642258.0;1.7894065902100008E7;0.1788520516493049;0.055676979561091036;0.18607889655689663;0.3577041032986098
1637567.0;1.4779555096400004E7;0.19347201492976043;0.058374375030547675;0.15369135885529614;0.38694402985952087
1636702.0;1.7045215949100006E7;0.1703395295902456;0.05887176302480902;0.17725177680329848;0.3406790591804912
1631100.0;1.6814950466700014E7;0.1796899691906383;0.062092997179551315;0.17485726528676812;0.3593799383812766
1623598.0;1.6612131663400011E7;0.17446481751898274;0.06640675987660177;0.17274816949347355;0.3489296350379655
1621577.0;1.4428165090500006E7;0.24975819728446527;0.06756886523660431;0.15003728353687903;0.49951639456893054
1620492.0;1.641245615100001E7;0.17636092137903514;0.0681927565357645;0.1706717605196771;0.3527218427580703
1616330.0;1.4105800144900002E7;0.24333338125730092;0.07058596905844165;0.1466850373959484;0.48666676251460184
1603164.0;1.3833627433600007E7;0.2370051203018462;0.07815661684161498;0.1438547361067563;0.4740102406036924
1599258.0;1.355451699450001E7;0.22818029859675848;0.08040262551859167;0.14095228996570666;0.45636059719351696
1562460.0;1.00922493406E7;0.3630848730207834;0.10156202830798955;0.10494845784911987;0.7261697460415668
1556099.0;9850585.6003;0.36618171467778815;0.10521969886463284;0.1024354168008269;0.7323634293555763
1549300.0;9594996.837900005;0.3696019711700551;0.10912922600102928;0.09977757061092592;0.7392039423401102
1537452.0;1.3097791660400001E7;0.2901648098069984;0.1159420039848541;0.13620284136839622;0.5803296196139968
1531293.0;1.2867833847900003E7;0.2822572500445255;0.11948352150699937;0.13381152928545506;0.564514500089051
1526232.0;9340563.1962;0.3748789818415748;0.12239367253469496;0.09713173642469251;0.7497579636831496
1525487.0;1.3387248869700005E7;0.2821117954014388;0.12282205872628423;0.1392128827084509;0.5642235908028777
1516132.0;8996962.360699998;0.3874089210889775;0.1282013242595963;0.09355866003860606;0.774817842177955
1493877.0;7852222.945400006;0.4214182359231578;0.14099828358015853;0.08165461048331685;0.8428364718463156
1491189.0;7514132.991900004;0.4267375223563059;0.14254392396001345;0.07813884129880358;0.8534750447126118
1488219.0;8111379.728800009;0.4074930211803111;0.1442517185761478;0.08434956022554664;0.8149860423606222
1480104.0;8353105.302300004;0.3956782013311245;0.1489179654818482;0.08686324427212117;0.791356402662249
1479476.0;7223120.899600004;0.4293898749619996;0.14927907491583217;0.07511263086031722;0.8587797499239992
1479120.0;1.2566817336800005E7;0.3091868101867311;0.14948378026375939;0.13068128373157448;0.6183736203734622
1478602.0;1.2290832777399998E7;0.3090966784000344;0.14978163804529393;0.12781134335240846;0.6181933568000688
1475411.0;8604269.663;0.38776315211317425;0.1516165109813494;0.0894750814783309;0.7755263042263485
1466664.0;8768145.4177;0.38252502302744634;0.15664616738112283;0.09117921176229425;0.7650500460548927
1449435.0;6704888.177200004;0.44804909977209717;0.16655310119976885;0.06972357207002008;0.8960981995441943
1449336.0;1.2040029346600015E7;0.32321309298271306;0.16661002768697333;0.12520325942607913;0.6464261859654261
1444479.0;1.1805236546200015E7;0.3303762535419496;0.16940287565012635;0.12276166870785067;0.6607525070838992
1443999.0;6924082.873600008;0.4411821283767272;0.16967888286081473;0.07200295940772124;0.8823642567534544
1413520.0;6190167.170400004;0.4424878198498519;0.18720476572450456;0.06437103131690043;0.8849756396997038
1405092.0;6425117.603000003;0.44126955862496897;0.19205099233217468;0.06681426123920907;0.8825391172499379
1336292.0;4823906.6561;0.4879105964497264;0.2316120258641757;0.0501634023576058;0.9758211928994528
1323708.0;5111299.462500002;0.4860173078557422;0.23884801490438937;0.05315197614435072;0.9720346157114844
1322447.0;5314861.5172000015;0.4859574266932726;0.23957310884746863;0.055268800946867244;0.9719148533865452
1314016.0;4259439.156699998;0.4879354481508336;0.24442106050020557;0.04429355198345152;0.9758708963016672
1312277.0;4507988.374999999;0.48750731988723744;0.24542101162392868;0.046878194542296435;0.9750146397744749
1289851.0;3989628.4955999968;0.4908253947032417;0.2583162985132987;0.04148781345697817;0.9816507894064834
1288013.0;3723420.011799998;0.4920725156240961;0.2593731761242262;0.03871953367134405;0.9841450312481922
1286185.0;3219635.1328999996;0.4957430282898315;0.2604243035849312;0.033480716798720375;0.991486056579663
1277247.0;2897476.1934;0.49587063640560464;0.2655637878539577;0.030130612898015243;0.9917412728112093
1277208.0;2592390.4779000003;0.49505904128681544;0.26558621343982614;0.026958052027495096;0.9901180825736309
1275326.0;3478690.252499999;0.49367475964857427;0.26666839171173345;0.03617460934758628;0.9873495192971485
1269670.0;2285200.5290999995;0.49413261665973535;0.2699206766776782;0.02376360941066281;0.9882652333194707
1254057.0;5884420.941300004;0.48351384068950654;0.27889838622034;0.06119160182062909;0.9670276813790131
1249113.0;5564222.664000003;0.4848085034889164;0.2817412604904303;0.057861886682360204;0.9696170069778328
1223507.0;1968744.5179000003;0.4923535022438553;0.2964650951506108;0.0204728097849622;0.9847070044877106
1223419.0;0.0;0.4559597895396855;0.29651569647257037;0.0;0.911919579079371
812472.0;0.0;0.3780148857046148;0.5328163948283149;0.0;0.7560297714092296
530297.0;0.0;0.3361165275292953;0.6950712587366344;0.0;0.6722330550585905
358179.0;0.0;0.2642248841519389;0.7940416943392646;0.0;0.5284497683038778
47798.0;0.0;0.10693100487821508;0.9725154319656601;0.0;0.21386200975643016
