1737584.0;2.725928777930002E7;0.05919985848755893;8.630975484234525E-4;0.2834670565454753;0.11839971697511786
1734797.0;2.650730411600002E7;0.05920042082821952;0.0024656644154828545;0.27564724124685974;0.11840084165643903
1733576.0;2.498734174309999E7;0.08772806714679442;0.0031677577576714193;0.2598412794992814;0.17545613429358883
1730496.0;2.469240615900001E7;0.10774130987266059;0.004938804026255186;0.2567742689973111;0.21548261974532118
1730465.0;2.5687276861000013E7;0.06934747911311752;0.004956629491945477;0.2671198463220945;0.13869495822623504
1724247.0;2.4421692950699996E7;0.08366966183621402;0.008532072900404523;0.253959144957898;0.16733932367242804
1723319.0;2.1772014148700014E7;0.147713744592266;0.009065686841068723;0.22640535643359774;0.295427489184532
1721281.0;2.5987249839900017E7;0.05924261968473753;0.0102375674564498;0.2702392402717976;0.11848523936947505
1720110.0;2.543224005850001E7;0.07013328873729086;0.010910910047524992;0.2644677399170863;0.1402665774745817
1719853.0;2.34410819335E7;0.10872475826653549;0.011058688908247728;0.24376185290418445;0.21744951653307099
1718707.0;2.2785686008199997E7;0.12266129520396203;0.011717656123766233;0.2369464454246916;0.24532259040792406
1716665.0;2.4171927201599993E7;0.07644912953685268;0.01289183679923638;0.2513618517968853;0.15289825907370536
1714193.0;2.32034401032E7;0.10334114340291058;0.014313273934281534;0.24129063536201617;0.20668228680582115
1708759.0;2.3920468262899995E7;0.08095259099493053;0.017437905565282893;0.24874695129866078;0.16190518198986106
1704873.0;2.1192399916400023E7;0.15914835299959962;0.01967241394181423;0.22037799644928038;0.31829670599919924
1704217.0;2.30352426231E7;0.12261185205112399;0.02004962379642168;0.2395415638166283;0.24522370410224797
1704171.0;2.097120741410002E7;0.16150829298878844;0.020076074487445986;0.21807783409490944;0.3230165859775769
1703429.0;2.031016972090003E7;0.21679950846398222;0.020502735633968438;0.2112037583423028;0.43359901692796443
1701211.0;2.2255826628400005E7;0.12299970971127647;0.021778118953357656;0.2314364819953106;0.24599941942255293
1695544.0;2.2529725833599992E7;0.10314024535366279;0.025036729084547335;0.23428473695034815;0.20628049070732557
1693056.0;2.2008976907500006E7;0.13050328645574374;0.026467366459948766;0.22886951236796288;0.2610065729114875
1692626.0;2.1402604186699998E7;0.14371273662564374;0.026714622919523773;0.22256389309697164;0.2874254732512875
1680768.0;1.9990445629700016E7;0.20012865618941292;0.033533151053571277;0.20787897422567714;0.40025731237882584
1675307.0;2.071026730640001E7;0.13633313225923183;0.036673308090173856;0.2153643397122517;0.27266626451846365
1661614.0;1.8731532294900015E7;0.2638251111161462;0.04454698879008214;0.1947876396188869;0.5276502222322924
1658877.0;1.6447875572600026E7;0.25985606311821047;0.04612080490602817;0.17104008412617736;0.5197121262364209
1657845.0;2.055609539230001E7;0.1380901197811329;0.04671422040900818;0.2137611188560892;0.2761802395622658
1646850.0;1.90472884075E7;0.18262557112184147;0.053036510578838875;0.19807116105751113;0.36525114224368294
1645741.0;1.8150218421400007E7;0.20604238969107863;0.05367420223853348;0.18874260520770803;0.41208477938215726
1644501.0;1.679327564320001E7;0.2298080264487122;0.05438722086614513;0.1746318706077716;0.4596160528974244
1644122.0;1.9680062406299993E7;0.16123822331984686;0.054605151559584494;0.20465132501302555;0.3224764466396937
1643595.0;1.5024812453000015E7;0.2754483121319172;0.05490818447631944;0.15624176961930453;0.5508966242638343
1641904.0;1.6293652832400002E7;0.24662933901092668;0.055880534878973716;0.16943633473364642;0.49325867802185336
1641843.0;1.6121819249200009E7;0.21225139501997523;0.05591561079533203;0.16764945165585918;0.42450279003995045
1616185.0;1.949913629289999E7;0.1624013342750828;0.07066934623667043;0.20276988947322183;0.3248026685501656
1607728.0;1.7439446000800014E7;0.19130735463342338;0.07553224827998631;0.18135134217939877;0.38261470926684676
1607469.0;1.3947163871899998E7;0.29748399576048934;0.07568117717075358;0.14503539204450958;0.5949679915209787
1605925.0;1.4187936806300001E7;0.2974698576993345;0.07656900036513455;0.14753916967666084;0.594939715398669
1604059.0;1.3782399490300009E7;0.2775009053495047;0.07764197839668562;0.1433220210036436;0.5550018106990094
1599027.0;1.5341426872300008E7;0.25785368520400465;0.08053545398873546;0.15953421651760455;0.5157073704080093
1595134.0;1.76649271382E7;0.19120760917348215;0.08277398747042267;0.18369610169192854;0.3824152183469643
1594776.0;1.713514240030001E7;0.19475996984257188;0.08297984284839441;0.17818691445743057;0.38951993968514376
1590366.0;1.5863368952099992E7;0.23488269682543725;0.0855156590965939;0.16496184860564747;0.4697653936508745
1589972.0;1.9312948837900013E7;0.1605597958087239;0.08574221501536727;0.20083374168161977;0.3211195916174478
1587008.0;1.4581573026100008E7;0.2538716320475261;0.08744655954136801;0.15163255984443805;0.5077432640950522
1582643.0;1.5579922657399995E7;0.2179429366046846;0.08995650011356547;0.16201431426440385;0.4358858732093692
1581129.0;1.84324212463E7;0.1746682584970327;0.0908270728572784;0.19167720881037315;0.3493365169940654
1578440.0;1.7906323415000007E7;0.18329791002245194;0.09237328825215559;0.1862063614096273;0.3665958200449039
1569493.0;1.3339445215800019E7;0.27848686382826915;0.09751794765638253;0.13871577650476505;0.5569737276565383
1568210.0;1.3547087060900005E7;0.2683869816534058;0.09825569192995166;0.14087502670685068;0.5367739633068116
1539063.0;1.2848242254300015E7;0.28419600612705825;0.11501565478398124;0.13360779794016872;0.5683920122541165
1536858.0;9972182.822100006;0.3770043167262011;0.11628356290808098;0.10369989615284908;0.7540086334524022
1535031.0;1.3076404210100006E7;0.2774937097868792;0.11733411535376362;0.13598043505930124;0.5549874195737584
1534572.0;1.1782182026800014E7;0.3451590950217969;0.11759804724898439;0.12252192668644131;0.6903181900435938
1528890.0;1.1610894891500013E7;0.34485220753077905;0.12086528260550806;0.12074072607471922;0.6897044150615581
1527502.0;1.0680362454700006E7;0.3657375097486569;0.1216634034564153;0.11106419699533181;0.7314750194973137
1526688.0;1.1362064159300013E7;0.3542928515883394;0.122131465684541;0.11815315607634412;0.7085857031766788
1518305.0;1.2572335124600006E7;0.28719248402656505;0.1269518166162091;0.130738662745985;0.5743849680531301
1518234.0;9294514.151200002;0.4024878004057209;0.1269926426827901;0.09665287625238853;0.8049756008114418
1516547.0;8476712.1741;0.409513584400906;0.1279626930253553;0.08814862180661956;0.819027168801812
1513148.0;9725785.064200005;0.37995093498927174;0.12991716908604237;0.10113762645098413;0.7599018699785435
1513030.0;8251801.454999997;0.4129239415692583;0.12998502085866992;0.08580979402634213;0.8258478831385166
1512862.0;1.041986617910001E7;0.3644971789198543;0.13008162338241086;0.10835531798560714;0.7289943578397086
1511300.0;1.2297311356799997E7;0.31045226857138697;0.13097979684719263;0.1278787135584088;0.6209045371427739
1508644.0;1.2056942860500008E7;0.3010388571070357;0.132507036746335;0.12537914164427533;0.6020777142140714
1504575.0;9533286.866200007;0.4004960807149264;0.13484677287194127;0.0991358537700851;0.8009921614298527
1496532.0;8017364.923899996;0.45177409833965404;0.13947161869603844;0.08337190812280383;0.9035481966793081
1492585.0;8876777.636200005;0.40641879211842796;0.1417412029889281;0.0923088691280155;0.8128375842368559
1489261.0;7490540.449099993;0.44739355024498006;0.1436525529229451;0.07789350441700064;0.8947871004899601
1485122.0;1.1198554431800019E7;0.3523696358700023;0.1460325401001101;0.116452832078658;0.7047392717400046
1484291.0;8623841.853500005;0.40440985080922637;0.14651037758361438;0.08967861105240131;0.8088197016184527
1481331.0;7748630.412499996;0.44731998401983747;0.14821242204952603;0.08057736038716594;0.8946399680396749
1480514.0;1.0973590550600018E7;0.3569554224619873;0.14868220932271856;0.11411345147014353;0.7139108449239746
1477753.0;6730854.155799996;0.4535623886498874;0.150269825799199;0.06999359011244494;0.9071247772997748
1465039.0;1.0157963671500009E7;0.3744641354283344;0.15758056679230745;0.1056318156867823;0.7489282708566688
1462514.0;7229155.548799994;0.44423964532283183;0.15903247972353277;0.07517538467325084;0.8884792906456637
1461376.0;9079148.240500007;0.4031374785635037;0.15968684681887313;0.0944133041373488;0.8062749571270074
1435491.0;6941061.249999994;0.44627815309048724;0.17457111067026626;0.07217951612563665;0.8925563061809745
1434757.0;5963281.108999994;0.4672520473291258;0.17499317169661058;0.06201166211705304;0.9345040946582516
1415659.0;5733067.071999992;0.46799071797233627;0.18597480859187446;0.059617685576939736;0.9359814359446725
1401658.0;5453227.140899994;0.47328594066227914;0.19402559391864113;0.056707653509519305;0.9465718813245583
1399292.0;6292932.254599992;0.46695313785830045;0.19538607946132594;0.06543967684313974;0.9339062757166009
1362357.0;5180886.2356;0.48643392256163703;0.21662425930877444;0.05387560318497111;0.9728678451232741
1352563.0;4744151.734199996;0.4894909594311695;0.2222559564368619;0.0493340375869981;0.978981918862339
1313501.0;4449757.2779;0.4955051976661317;0.24471719323667332;0.046272654227817456;0.9910103953322634
1306024.0;4157391.604399998;0.495495008574672;0.24901658055816708;0.04323236801150204;0.990990017149344
1301642.0;3821840.0923000025;0.49577043017644873;0.2515362963857431;0.03974299586706182;0.9915408603528975
1301234.0;3556783.536600001;0.4951750186120563;0.2517709025148282;0.036986694885514655;0.9903500372241126
1290159.0;3228908.0164000015;0.4948386625191304;0.2581391938864403;0.03357714473963784;0.9896773250382608
1269444.0;2831947.8563000006;0.49441868161479946;0.27005063007271063;0.029449189194342324;0.9888373632295989
1262414.0;2163865.3458;0.49098493774622604;0.2740929856792509;0.022501854975113145;0.9819698754924521
1253958.0;2460887.1402000003;0.48897881685279815;0.2789553127075445;0.025590559803724242;0.9779576337055963
1226010.0;1675669.639599999;0.48888819924533394;0.29502583254987536;0.017425148607174153;0.9777763984906679
1225485.0;0.0;0.4543395320218003;0.2953277154365658;0.0;0.9086790640436005
1026268.0;0.0;0.42484127808749234;0.4098804831276217;0.0;0.8496825561749847
859485.0;0.0;0.3990326779576294;0.505783213586455;0.0;0.7980653559152588
635205.0;0.0;0.34440206934070466;0.6347475827806002;0.0;0.6888041386814093
484128.0;0.0;0.27858213432902706;0.7216191272997007;0.0;0.5571642686580541
268824.0;0.0;0.196249252481007;0.8454221616539732;0.0;0.392498504962014
17233.0;0.0;0.11282448431169383;0.9900907661212649;0.0;0.22564896862338765
