1732000.0;2.9337742311000016E7;0.1298766540143153;0.004073981432764931;0.30508073159945104;0.2597533080286306
1731893.0;2.9438869171800006E7;0.12987658138408756;0.004135508040147549;0.30613234137740075;0.2597531627681751
1730472.0;2.9182584412599992E7;0.14617607927716195;0.004952604386789605;0.3034672575749156;0.2923521585543239
1729889.0;2.88451067172E7;0.15362523770174427;0.005287838144771532;0.29995785521124013;0.30725047540348854
1722485.0;2.8503021418400005E7;0.15719605677131449;0.009545249369639781;0.2964005387646985;0.31439211354262897
1719464.0;2.8113165088800006E7;0.18099861924946525;0.01128236975190977;0.2923464553593627;0.3619972384989305
1711929.0;2.7342936265499994E7;0.18833475143633832;0.015615107944695054;0.28433691016599427;0.37666950287267664
1706146.0;2.7742495731900025E7;0.1501120927699661;0.01894041981846776;0.2884918956803739;0.3002241855399322
1705042.0;2.5608827588900007E7;0.21747686358788168;0.01957523640305103;0.26630405889469116;0.43495372717576336
1704662.0;2.693532305510001E7;0.1738917342846686;0.019793742111512663;0.2800981744405188;0.3477834685693372
1703936.0;2.643219822920002E7;0.1706802018818914;0.020211203017678838;0.2748662214039055;0.3413604037637828
1694774.0;2.452940901880001E7;0.22434267364942026;0.025479490651693276;0.25507927535213926;0.4486853472988405
1690522.0;2.42375143204E7;0.22968689021458547;0.0279244545263745;0.2520438867665463;0.45937378042917093
1684187.0;2.383424991250001E7;0.23444901552677125;0.03156717469243884;0.2478503738749964;0.4688980310535425
1677703.0;2.625009728530001E7;0.21563965379658867;0.03529557209682103;0.27297256889987026;0.43127930759317734
1676157.0;2.4997195217600018E7;0.21794516326137808;0.03618454532124652;0.2599437449575091;0.43589032652275617
1665882.0;2.155227151200002E7;0.27618704058112253;0.04209282467504463;0.22412027111048852;0.5523740811622451
1665425.0;2.125639351450001E7;0.2685997296775732;0.042355606540220865;0.22104346053029475;0.5371994593551463
1658239.0;2.25946724715E7;0.24677399956431917;0.04648766449023481;0.23496011161263192;0.49354799912863834
1656855.0;2.0240952943100005E7;0.27388605891296386;0.047283485281052966;0.21048397885189973;0.5477721178259277
1654252.0;2.22120555091E7;0.25274674066490843;0.04878024938401516;0.23098130978207712;0.5054934813298169
1651733.0;2.3215168290800013E7;0.23589263688953996;0.05022871222510688;0.2414125958051688;0.4717852737790799
1646742.0;1.9386569446099993E7;0.2793877699159364;0.053098612201243754;0.20159931623648336;0.5587755398318728
1640535.0;1.88413620333E7;0.30512681903743644;0.05666773044445786;0.19592974989401468;0.6102536380748729
1631787.0;1.7908243874399997E7;0.2732128303634744;0.061697961859253574;0.18622633210650455;0.5464256607269488
1626007.0;1.860359761650001E7;0.2612120330875513;0.06502154868795948;0.19345725758507307;0.5224240661751026
1609199.0;1.6740575531900011E7;0.30882171291519483;0.07468640118223088;0.17408384655260264;0.6176434258303897
1597677.0;1.7561898324199982E7;0.2655025296293437;0.08131172426879653;0.18262471366152908;0.5310050592586874
1593195.0;1.5966857695399998E7;0.28808373342093596;0.08388894159859926;0.16603801940241786;0.5761674668418719
1582759.0;1.5581703833300002E7;0.3026565523797442;0.08988979837098245;0.16203283656379966;0.6053131047594884
1576521.0;1.5165701338599991E7;0.3005076899839752;0.09347674207988683;0.15770686137167692;0.6010153799679504
1569569.0;1.4484005521499991E7;0.2990225893228582;0.0974742465146902;0.15061796351428536;0.5980451786457164
1550474.0;1.3957492428799998E7;0.30737008443885294;0.10845415836488728;0.14514279784492923;0.6147401688777059
1526725.0;1.2898618079399996E7;0.3368431008234034;0.12211019012871711;0.13413165193730012;0.6736862016468068
1509839.0;1.3701486475099994E7;0.3122305993382461;0.1318198937947254;0.14248061331754902;0.6244611986764922
1502362.0;1.13174836673E7;0.3827480240002257;0.13611928111621915;0.11768956726401321;0.7654960480004513
1493445.0;9925711.554500008;0.4135368795962513;0.14124669006977808;0.10321664532299754;0.8270737591925026
1489425.0;8147319.821499999;0.4255590043440555;0.14355825045929324;0.08472329824732187;0.851118008688111
1488583.0;7720510.431600001;0.4321925806696036;0.14404241310804244;0.08028494305475531;0.8643851613392072
1486067.0;9377247.13830001;0.40295244181556494;0.14548915090406736;0.097513209674242;0.8059048836311299
1482570.0;1.050550979100001E7;0.4023300114854607;0.14749997843693666;0.10924591875162025;0.8046600229709214
1470831.0;8478085.450100001;0.4159463569865554;0.15425007978333433;0.08816290238902863;0.8318927139731108
1463211.0;9042035.670300005;0.41257870565881677;0.15863169425301235;0.09402737361999242;0.8251574113176335
1459920.0;7465559.0598;0.4406250525528884;0.16052406869129457;0.07763372503646;0.8812501051057768
1451117.0;1.10279663585E7;0.39908945145794783;0.16558592593231497;0.11467890095427842;0.7981789029158957
1446888.0;6882043.258500004;0.450031933237787;0.16801766446148406;0.07156579296202444;0.900063866475574
1436715.0;7213905.473100001;0.44757397022904805;0.1738672922830109;0.07501680040994314;0.8951479404580961
1428303.0;6527486.643999999;0.45251523731130566;0.17870431865032474;0.06787878834529464;0.9050304746226113
1415185.0;5614950.277099998;0.4682795329636363;0.18624736571242922;0.05838939889351756;0.9365590659272726
1409730.0;5482746.687300002;0.4778292465648861;0.1893840726588982;0.05701462480665356;0.9556584931297722
1406245.0;1.263435598110001E7;0.3651816682980033;0.1913880000115003;0.13138361245189167;0.7303633365960066
1399773.0;5274320.581200004;0.4844252452815193;0.19510949723561527;0.05484721913994107;0.9688504905630386
1392803.0;1.2505733933600005E7;0.37159739850128853;0.19911735194081945;0.1300460825242255;0.7431947970025771
1386149.0;1.200199081520001E7;0.37197532174380926;0.2029435018989871;0.12480769991555296;0.7439506434876185
1376393.0;4960719.2834;0.4834043510230159;0.20855334845622842;0.051586105440422;0.9668087020460318
1374007.0;4467699.569599998;0.49084165934133783;0.20992533429935856;0.04645923462041821;0.9816833186826757
1352959.0;4756353.637099996;0.4888007486215536;0.222028250488044;0.049460924155984076;0.9776014972431072
1335231.0;3587051.8190999995;0.49834939988945304;0.23222211680280147;0.03730145222680796;0.9966987997789061
1329896.0;3767589.760699999;0.4974581450520893;0.23528982194659837;0.03917885120048888;0.9949162901041786
1298105.0;3086313.499099999;0.49798075460525315;0.25357012451950306;0.03209431626569477;0.9959615092105063
1279271.0;2464142.226499999;0.49516194836204763;0.26439995744888833;0.025624409174248252;0.9903238967240953
1252901.0;2226553.408999999;0.49499550433711126;0.27956310358608116;0.023153742907758786;0.9899910086742225
1246556.0;0.0;0.45761941723183586;0.2832115739023682;0.0;0.9152388344636717
1235957.0;0.0;0.4550840961109949;0.28930615812338095;0.0;0.9101681922219897
1208292.0;0.0;0.448110577411203;0.30521394871441015;0.0;0.896221154822406
1172294.0;0.0;0.4365077779360076;0.32591333948599405;0.0;0.8730155558720152
1134884.0;0.0;0.4234030881295455;0.34742465146901963;0.0;0.846806176259091
1078814.0;0.0;0.42174312715505413;0.3796657437675559;0.0;0.8434862543101083
1039764.0;0.0;0.405626654805322;0.4021200803871001;0.0;0.811253309610644
1031441.0;0.0;0.39386582907444884;0.40690593041743217;0.0;0.7877316581488977
989312.0;0.0;0.3877411590943456;0.43113073829053783;0.0;0.7754823181886912
970342.0;0.0;0.37630543708368774;0.4420387732629515;0.0;0.7526108741673755
937084.0;0.0;0.35897054551489055;0.46116262287352255;0.0;0.7179410910297811
933191.0;0.0;0.3512958304443434;0.4634011563552098;0.0;0.7025916608886869
901868.0;0.0;0.3438267981695782;0.4814123518976933;0.0;0.6876535963391563
878780.0;0.0;0.3343903463813539;0.49468829873180437;0.0;0.6687806927627078
852494.0;0.0;0.33083237273511296;0.5098031436071268;0.0;0.6616647454702259
833816.0;0.0;0.3252666995689248;0.5205432741930383;0.0;0.6505333991378496
817030.0;0.0;0.31635495277496095;0.5301954763568199;0.0;0.6327099055499219
780943.0;0.0;0.2987775008177331;0.5509460434653856;0.0;0.5975550016354662
765157.0;0.0;0.2840765490708426;0.5600232306068996;0.0;0.5681530981416852
723663.0;0.0;0.26327593725778453;0.5838829039408655;0.0;0.5265518745155691
682528.0;0.0;0.2538811246889324;0.6075361468818373;0.0;0.5077622493778648
668451.0;0.0;0.2391578287847307;0.6156306333502963;0.0;0.4783156575694614
595689.0;0.0;0.210834297314577;0.657469876400521;0.0;0.421668594629154
576025.0;0.0;0.20530797384415836;0.6687769717983882;0.0;0.4106159476883167
563244.0;0.0;0.20434240457102648;0.6761262387979886;0.0;0.40868480914205296
518408.0;0.0;0.19354341925620933;0.7019076123363723;0.0;0.38708683851241865
508431.0;0.0;0.18328858357790945;0.7076445372135347;0.0;0.3665771671558189
437729.0;0.0;0.16621738565713348;0.7482992493178884;0.0;0.33243477131426696
394180.0;0.0;0.13588614965650003;0.773340578522614;0.0;0.27177229931300007
353245.0;0.0;0.13382504202118006;0.7968788184591322;0.0;0.2676500840423601
316954.0;0.0;0.1266292216039194;0.8177466886322405;0.0;0.2532584432078388
279122.0;0.0;0.12470131310141842;0.8395006569546629;0.0;0.24940262620283685
272157.0;0.0;0.11940419167713372;0.8435056365847557;0.0;0.23880838335426743
245816.0;0.0;0.11568276847646375;0.8586521072863028;0.0;0.2313655369529275
244151.0;0.0;0.10544507888757194;0.8596095072983782;0.0;0.2108901577751439
210361.0;0.0;0.101872078108463;0.8790392649007955;0.0;0.203744156216926
178706.0;0.0;0.09695084164730154;0.8972413654306719;0.0;0.19390168329460308
144916.0;0.0;0.09441627214550473;0.9166711230330893;0.0;0.18883254429100946
