1735493.0;2.792967088989997E7;0.07829052574192895;0.0020654539599847047;0.29043831451296603;0.1565810514838579
1733218.0;2.853387789889998E7;0.07829028970700017;0.0033736131356431687;0.2967214127278592;0.15658057941400033
1727309.0;2.9064083485899962E7;0.07051665345837681;0.006771376902221571;0.30223497633699287;0.14103330691675361
1727272.0;2.744537337889998E7;0.14093755425156468;0.006792652458045467;0.285402145151281;0.28187510850312936
1725562.0;2.7095325868299983E7;0.13174554516912093;0.0077759281461228175;0.2817620303293449;0.26349109033824186
1720006.0;2.591098739059994E7;0.13311838174366397;0.010970711609840807;0.26944619343201703;0.26623676348732794
1716522.0;2.5593021616199963E7;0.13367478815200068;0.012974063947420626;0.2661396939049161;0.26734957630400136
1715904.0;1.989684632990001E7;0.15962465764482858;0.013329423231181914;0.2069056429257606;0.31924931528965717
1715102.0;2.29934677769E7;0.13741593861612833;0.013790585279040415;0.23910715068060548;0.27483187723225666
1713839.0;2.669517377299996E7;0.10841823497334517;0.014516829252164213;0.2776008821165387;0.21683646994669034
1712463.0;2.6251355578899972E7;0.11321989233980272;0.015308049922804233;0.27298565378990625;0.22643978467960543
1712394.0;2.5245672682199962E7;0.1283520298921747;0.015347725959340688;0.262527641355621;0.2567040597843494
1711452.0;2.2715289764199987E7;0.13613549194513486;0.01588939011031663;0.23621440076380015;0.2722709838902697
1703188.0;2.4820944969099972E7;0.11801360919995328;0.020641314254334894;0.2581109333462074;0.23602721839990656
1703107.0;1.9367804017200008E7;0.15612554575336088;0.02068789047113856;0.2014041761088997;0.31225109150672176
1701226.0;2.1669555982099988E7;0.13852685571201515;0.021769493728023646;0.22533990251784244;0.2770537114240303
1698065.0;2.210061958119999E7;0.13519486701498334;0.023587116213411075;0.22982249687650966;0.2703897340299667
1695492.0;2.446335645449996E7;0.11847222005401845;0.02506662986570524;0.2543924002536037;0.2369444401080369
1694834.0;2.1309529693999987E7;0.1425408143871144;0.02544498975035723;0.22159601922224884;0.2850816287742288
1690114.0;1.90162856853E7;0.15256362725154615;0.028159060655459624;0.19774876633912805;0.3051272545030923
1683883.0;1.8674271468200002E7;0.19283797862554206;0.031741979259208145;0.194192189065247;0.3856759572510841
1681976.0;2.4077514467399966E7;0.11855711257723679;0.032838532906672185;0.2503800616605922;0.23711422515447358
1678043.0;1.8331105957099997E7;0.15619979773591994;0.03510006698925009;0.19062363958123182;0.3123995954718399
1677172.0;2.0816683141599987E7;0.13630830304073624;0.03560090507364505;0.21647094909317882;0.2726166060814725
1674859.0;1.8065087038500004E7;0.1960226556282264;0.03693091482014968;0.18785733106827746;0.3920453112564528
1674237.0;1.7780248158000004E7;0.19874340505369162;0.037288574164000034;0.18489531534362758;0.39748681010738324
1674185.0;2.377320118699996E7;0.12734483639669444;0.03731847494515794;0.2472155332781525;0.2546896727933889
1671485.0;1.7404229381700013E7;0.1832824510519642;0.03887101550528008;0.18098512749915532;0.3665649021039284
1666841.0;2.331904788779996E7;0.12593141659112553;0.04154138526869015;0.2424928310569154;0.25186283318225106
1654402.0;2.0296202528099988E7;0.14218455091058585;0.048693997130675036;0.21105851467110764;0.2843691018211717
1652712.0;1.7059031789800003E7;0.2073114884940231;0.04966577251830704;0.1773954465766483;0.4146229769880462
1648712.0;1.6715542374899998E7;0.19571691553970663;0.05196583260737687;0.17382352884407384;0.39143383107941326
1627572.0;1.60539865709E7;0.23175701942305346;0.0641216501781109;0.1669440653005377;0.4635140388461069
1627350.0;1.6375054977299998E7;0.21597806695404212;0.06424930351305427;0.17028282883863227;0.43195613390808424
1622845.0;1.5770804427E7;0.2023093531152571;0.06683974618836917;0.16399927784139773;0.4046187062305142
1602263.0;1.52024760196E7;0.23776935156143877;0.07867470537667796;0.15808927820746774;0.47553870312287755
1593114.0;1.4902309681099996E7;0.22573271214611407;0.08393551781540293;0.15496787352743635;0.45146542429222813
1584700.0;1.4505127789800001E7;0.23863348405298968;0.08877369421276131;0.15083761221791414;0.47726696810597935
1573635.0;1.4121772361700015E7;0.25444790988947863;0.09513623543415071;0.14685113114423204;0.5088958197789573
1566071.0;1.3760049590800004E7;0.24256899578306107;0.09948564906258175;0.14308960626571474;0.48513799156612214
1563591.0;1.1424048540100006E7;0.37874462911627527;0.10091168631780505;0.11879772647449337;0.7574892582325505
1558018.0;1.1102956880900003E7;0.38652034895313186;0.10411624503690159;0.11545872113247393;0.7730406979062637
1556852.0;1.3472156412900005E7;0.2640420790715917;0.10478671255286544;0.14009582915753926;0.5280841581431834
1552448.0;1.3082701003300004E7;0.2448507234956685;0.10731907871093133;0.13604591488579304;0.489701446991337
1542262.0;1.07529237499E7;0.4021917603401533;0.11317618172774764;0.11181875584279696;0.8043835206803066
1539641.0;1.0398080206000008E7;0.3806720218639429;0.11468329610111064;0.10812876747120499;0.7613440437278858
1527142.0;9928296.08300001;0.3908058253496445;0.12187040886443158;0.10324352161897363;0.781611650699289
1509481.0;9529761.133000009;0.39363124822286477;0.13202574917269713;0.09909918996505616;0.7872624964457295
1503108.0;1.2825551806899996E7;0.29013895602480133;0.13569031990960764;0.13337184187307488;0.5802779120496027
1502387.0;9134146.828500008;0.39640145558444456;0.13610490574066247;0.09498522985972063;0.7928029111688891
1496364.0;1.2246393596999995E7;0.30120502311985065;0.13956822121977935;0.12734922402760174;0.6024100462397013
1494659.0;8876777.750300005;0.3992456230040205;0.14054862183274539;0.09230887031453186;0.798491246008041
1493422.0;1.2439429448299998E7;0.29613607627697225;0.14125991541529023;0.12935658772025532;0.5922721525539445
1486666.0;8485400.393800003;0.4012539688634662;0.14514471690572917;0.08823896987752003;0.8025079377269324
1473857.0;8121894.522000005;0.4345272915141362;0.152510084325953;0.08445890268169293;0.8690545830282724
1465282.0;7823670.9706000015;0.4361970405382757;0.15744083814189647;0.08135770088242611;0.8723940810765514
1448153.0;7169075.706500005;0.44553761847066814;0.1672902704583157;0.07455061941186984;0.8910752369413363
1444227.0;7524545.761800003;0.4354336386535727;0.16954777943573776;0.0782471228231756;0.8708672773071454
1430821.0;6386594.026700006;0.44449329263853926;0.1772564308242553;0.06641365778728552;0.8889865852770785
1425782.0;6839133.524000008;0.44294634469120453;0.180153931521461;0.07111957821737147;0.8858926893824091
1329696.0;5562428.589700004;0.49255637709599803;0.23540482495105183;0.05784323025358033;0.9851127541919961
1326733.0;5886099.013200003;0.48605948661426823;0.2371085944620303;0.06120905195014148;0.9721189732285365
1322892.0;5215248.0489;0.4875441863203442;0.23931722716255963;0.0542329288111055;0.9750883726406884
1316811.0;4905668.155700005;0.49459775698119557;0.24281389351296803;0.05101363336209878;0.9891955139623911
1291248.0;3730698.777199998;0.49415365137083794;0.257513002527191;0.03879522494471583;0.9883073027416759
1278652.0;4613009.162300001;0.4898150686453138;0.2647558917476719;0.04797029693664536;0.9796301372906276
1268156.0;4160666.2392999986;0.492068588718009;0.27079124942139116;0.0432664206662845;0.984137177436018
1266568.0;3192211.284099999;0.4961119483266544;0.27170437327675184;0.03319553848586704;0.9922238966533088
1243822.0;2895868.084200002;0.4960251787812216;0.2847836649732474;0.030113890304775907;0.9920503575624432
1232798.0;2626787.0615;0.49539591441248393;0.2911226305787239;0.027315739227074694;0.9907918288249679
1230938.0;2337838.2867000005;0.49432110843573424;0.29219215852014135;0.024310985054914133;0.9886422168714685
1199119.0;1897339.1745000004;0.4912234848993214;0.31048856151366955;0.019730271583704155;0.9824469697986428
1189887.0;0.0;0.4572950647575659;0.31579710019924273;0.0;0.9145901295151317
857665.0;0.0;0.3926848185693418;0.5068297409269817;0.0;0.7853696371386836
825897.0;1.2047175190200003E7;0.37324067124842886;0.5250968181543743;0.12527756845675606;0.7464813424968577
821864.0;1.1173003462599998E7;0.3790383978670347;0.527415853739179;0.11618712968431613;0.7580767957340694
820508.0;1.1586560092999998E7;0.3736915672667124;0.5281955741093736;0.12048767053789537;0.7473831345334248
808430.0;1.0749119772799999E7;0.3640217152507935;0.53514060554832;0.11177919860269465;0.728043430501587
771485.0;9680005.940199997;0.35719184367208323;0.5563845355459911;0.10066157316461152;0.7143836873441665
760431.0;9367219.449499998;0.35110690328856853;0.5627407516021357;0.09740893257606148;0.7022138065771371
730549.0;1.0203566058400001E7;0.35083577557304096;0.5799233504975317;0.10610603109881538;0.7016715511460819
727142.0;9057166.277;0.3453523222624788;0.581882426678397;0.09418471553514884;0.6907046445249576
706915.0;8648580.3817;0.3456950191154466;0.5935132555338009;0.08993586494065017;0.6913900382308932
700157.0;8222396.3979;0.3398891455774007;0.5973992070542843;0.08550401329387496;0.6797782911548014
678943.0;7702721.6127;0.3412566361315336;0.6095975757366662;0.08009995861298157;0.6825132722630672
665179.0;7355292.468299998;0.3265657035986628;0.6175120825031554;0.07648707196243716;0.6531314071973257
660708.0;7009364.407499999;0.3315476991148723;0.6200829746677132;0.07288979495485798;0.6630953982297446
641129.0;0.0;0.3357410297946214;0.6313411937886877;0.0;0.6714820595892428
618247.0;6580650.621099999;0.33112482796151116;0.6444986875282117;0.06843163610216935;0.6622496559230223
601276.0;6333428.378599997;0.30823196580510476;0.6542572674711127;0.06586079265382129;0.6164639316102095
564271.0;5240910.9124;0.3016345534523854;0.67553569837012;0.0544997947849259;0.6032691069047708
562988.0;6043968.4085;0.29572863524721155;0.676273442643689;0.06285072260443814;0.5914572704944231
533878.0;5749010.058199999;0.2876335140785556;0.6930121299418948;0.059783475358655636;0.5752670281571112
532262.0;5557907.471299999;0.2832316859548887;0.693941354217879;0.057796215521004814;0.5664633719097774
528111.0;4992756.720899999;0.29111183075440056;0.6963282415753111;0.051919260076776094;0.5822236615088011
513800.0;4753957.071899998;0.2879631006025512;0.7045572815589807;0.049436002474663454;0.5759262012051024
456488.0;4145314.2712000003;0.2521602861163612;0.7375125425151732;0.04310677683242061;0.5043205722327224
452741.0;3852450.8396000005;0.25695412225866554;0.7396671238036093;0.04006131447120294;0.5139082445173311
336486.0;0.0;0.2151029782068675;0.8065154952173126;0.0;0.430205956413735
17710.0;0.0;0.11777133275380104;0.9898164839556434;0.0;0.23554266550760208
