1726199.0;2.770882307680001E7;0.15938573094010322;0.007409643576938447;0.2881417365527932;0.31877146188020644
1720138.0;2.8773852691500023E7;0.15585710227732824;0.010894809626901503;0.2992168905501045;0.3117142045546565
1714188.0;2.682630598750001E7;0.17583681931714776;0.01431614900939287;0.2789645150611546;0.3516736386342955
1713944.0;2.60606055763E7;0.20715903491760115;0.01445645267482613;0.2710020604469387;0.4143180698352023
1710127.0;2.827852111540001E7;0.15665867203372288;0.01665128501482101;0.29406597886716146;0.31331734406744577
1707294.0;2.7182785938900016E7;0.16698228338563154;0.01828030257290472;0.2826715202976439;0.33396456677126307
1703000.0;2.370450394580001E7;0.22089944085419425;0.020749417078521175;0.24650115640545472;0.4417988817083885
1699366.0;2.2955022416900005E7;0.2459249358485471;0.022839021669441115;0.23870736059345193;0.4918498716970942
1696816.0;2.179366953699999E7;0.2566505412603885;0.024305309976223127;0.22663054900757265;0.513301082520777
1696395.0;2.56377769902E7;0.18838478225653216;0.02454739130059773;0.26660510130055676;0.3767695645130643
1695873.0;2.1481084185599994E7;0.25183324107136174;0.02484754914222134;0.2233800000498014;0.5036664821427235
1691339.0;2.1245105539300002E7;0.2689534525717081;0.027454667253181988;0.22092607781911713;0.5379069051434162
1690011.0;2.4977971980500013E7;0.18428520633385842;0.028218287202753174;0.2597438441206959;0.36857041266771684
1688118.0;2.2911262474900004E7;0.23977073373648047;0.029306790639905468;0.23825230461202748;0.47954146747296095
1687687.0;2.034063893389999E7;0.26990406380672216;0.02955462211450274;0.21152060514308074;0.5398081276134443
1675393.0;1.9550330044E7;0.30561935448315863;0.03662385679825885;0.20330224901450308;0.6112387089663173
1674766.0;2.434215873030001E7;0.19351017665255138;0.03698439121722055;0.253132075243753;0.38702035330510276
1660764.0;1.93155799479E7;0.3043160390469103;0.045035751559009476;0.20086110237472307;0.6086320780938206
1657372.0;1.800541745589999E7;0.3268957509513636;0.04698620251454069;0.18723683206324598;0.6537915019027272
1653641.0;1.66772268485E7;0.3234453136189352;0.049131583562620575;0.1734250888856812;0.6468906272378704
1651995.0;1.9893536024599995E7;0.30192450866441234;0.05007805828927281;0.20687121933746808;0.6038490173288247
1648468.0;1.5696564945199994E7;0.30789503727066203;0.052106136272810126;0.16322726767166432;0.6157900745413241
1641985.0;1.4729034708099991E7;0.31059168887437083;0.05583395866217005;0.15316600155752352;0.6211833777487417
1633577.0;2.240977156070001E7;0.22088249150336306;0.06066868496939483;0.2330373424866956;0.4417649830067261
1625993.0;1.8371845596699975E7;0.2801784881288678;0.06502959889827122;0.19104728769029575;0.5603569762577356
1618829.0;1.8867100051999994E7;0.2570538533818662;0.06914900651779528;0.19619739740048178;0.5141077067637324
1616249.0;1.5507917342599995E7;0.2797550003231935;0.07063254527524532;0.1612655370106751;0.559510000646387
1611372.0;1.4295648569600005E7;0.3333408152879595;0.07343689353884371;0.1486592553056464;0.666681630575919
1610177.0;2.1431310679E7;0.23369504764121096;0.07412403649045331;0.22286240951243744;0.4673900952824219
1601284.0;1.756888010619998E7;0.2656600387152434;0.0792376450834778;0.18269731662933236;0.5313200774304868
1583402.0;1.3299205639899995E7;0.3530872157953914;0.08952006371166446;0.13829732851634474;0.7061744315907827
1582093.0;1.7764050313799992E7;0.2640401798943139;0.09027275837581257;0.18472687531485887;0.5280803597886278
1580053.0;1.6325697633999994E7;0.2660754382488489;0.09144578902123818;0.16976956594866122;0.5321508764976978
1576160.0;1.3902279944899995E7;0.3153487248147686;0.09368432250292538;0.14456864783696083;0.6306974496295372
1575685.0;1.3124606194799999E7;0.3390746135722854;0.09395745463850243;0.13648168347170225;0.6781492271445708
1561886.0;1.1704588541899996E7;0.4477787953769553;0.10189208693077106;0.12171503851864346;0.8955575907539106
1559867.0;1.18973638805E7;0.42504155522486176;0.10305304226072906;0.12371969316149134;0.8500831104497235
1553104.0;1.1219567673799997E7;0.42047939102407983;0.10694186885632387;0.11667134702690014;0.8409587820481597
1543671.0;1.2543962988299996E7;0.4050849683757391;0.1123659855613728;0.1304436232706331;0.8101699367514782
1543217.0;1.0729375225300014E7;0.46175333547245373;0.11262704238148222;0.11157387670257908;0.9235066709449075
1531927.0;1.22943655323E7;0.4008912910481952;0.1191189619828818;0.1278480801755092;0.8017825820963904
1511079.0;8043384.493600003;0.43584328745995865;0.13110687516711375;0.0836424834546011;0.8716865749199173
1501868.0;8024988.300000006;0.4411137725211047;0.13640333853721928;0.08345118297405839;0.8822275450422093
1494411.0;8500618.634200005;0.41253233104242787;0.1406912255582677;0.08839722308820243;0.8250646620848557
1487680.0;8961553.714500008;0.3946596397679342;0.14456165167314997;0.09319044848459059;0.7893192795358684
1482195.0;6415053.199600004;0.46405978062667363;0.14771560907028697;0.06670960234897018;0.9281195612533473
1471717.0;7041492.601000007;0.4571330105854498;0.15374061647360537;0.07322389335527497;0.9142660211708996
1440052.0;5676537.1593;0.4708759784671711;0.1719484671537044;0.05902983573693006;0.9417519569343422
1433097.0;5368564.411000002;0.47967710092797217;0.17594769663357454;0.055827252853487504;0.9593542018559443
1410432.0;5237307.605100002;0.479183316565958;0.18898041211326647;0.05446232429331112;0.958366633131916
1392170.0;4900140.763899998;0.4839167357664647;0.19948133644991475;0.05095615447649446;0.9678334715329294
1387992.0;4728607.406800003;0.4889433067470077;0.2018837492129482;0.04917239342484206;0.9778866134940154
1374585.0;4439178.531299998;0.48971825760226534;0.209592975616488;0.04616264672560677;0.9794365152045307
1370567.0;3985675.1478999997;0.49653937152925787;0.21190338597595862;0.041446702924484;0.9930787430585157
1357406.0;3256189.6195999985;0.49786064428585763;0.21947115868402062;0.03386084385237906;0.9957212885717153
1353839.0;3308514.578699999;0.4974250371198104;0.22152223726844864;0.034404966731158115;0.9948500742396208
1332992.0;2693637.759599999;0.49614605704369774;0.2335095754376583;0.02801091405232479;0.9922921140873955
1312686.0;2516243.8060999997;0.4956758089017947;0.2451858304798213;0.026166209148266548;0.9913516178035894
1304000.0;2176254.514899999;0.4928964453422582;0.2501804109632364;0.022630688909669856;0.9857928906845164
1274006.0;2011110.4689;0.4916518082252476;0.26742741154112654;0.020913369770422983;0.9833036164504952
1269221.0;1785924.2543;0.4908663286171174;0.2701788584226763;0.01857167713545426;0.9817326572342348
1266878.0;0.0;0.45304255722962256;0.27152611861984893;0.0;0.9060851144592451
1238163.0;0.0;0.4483135410299529;0.288037674984259;0.0;0.8966270820599058
1208839.0;0.0;0.4417760199122013;0.3048994154972299;0.0;0.8835520398244026
1177656.0;0.0;0.4365303084457447;0.32283010893659597;0.0;0.8730606168914894
1161184.0;0.0;0.4315655690639929;0.3323017563833855;0.0;0.8631311381279858
1148261.0;0.0;0.41961049951995694;0.3397326755161479;0.0;0.8392209990399139
1093861.0;0.0;0.39617580902269867;0.3710134927274975;0.0;0.7923516180453973
1065919.0;0.0;0.38448220107881026;0.3870805624796948;0.0;0.7689644021576205
1048920.0;0.0;0.3761796082833189;0.39685524284321927;0.0;0.7523592165666378
1033876.0;0.0;0.3679422026135819;0.4055057688382109;0.0;0.7358844052271638
1020708.0;0.0;0.3611902582777888;0.41307756665142875;0.0;0.7223805165555776
988030.0;0.0;0.3479243115167941;0.4318679075490847;0.0;0.6958486230335882
938614.0;0.0;0.32122128111902853;0.46028284988945334;0.0;0.6424425622380571
865538.0;0.0;0.2949661633313964;0.50230264765667;0.0;0.5899323266627928
835094.0;0.0;0.27854116976138144;0.5198084049945805;0.0;0.5570823395227629
822830.0;0.0;0.27690779009317495;0.5268603892276685;0.0;0.5538155801863499
811679.0;0.0;0.26998467610374516;0.533272381740973;0.0;0.5399693522074903
757361.0;0.0;0.2564941127241735;0.5645060477204967;0.0;0.512988225448347
715229.0;0.0;0.23663315656083678;0.5887325806386692;0.0;0.47326631312167355
690633.0;0.0;0.22595895116280892;0.6028756501263596;0.0;0.45191790232561785
655574.0;0.0;0.20312790185838728;0.6230351017920344;0.0;0.40625580371677456
654704.0;0.0;0.19670220104829295;0.623535364861407;0.0;0.3934044020965859
603160.0;0.0;0.19510816483311264;0.6531739391691608;0.0;0.39021632966622527
571296.0;0.0;0.1833920265601858;0.6714962178386911;0.0;0.3667840531203716
541953.0;0.0;0.16605849502966855;0.688368883637085;0.0;0.3321169900593371
535211.0;0.0;0.1523124146981478;0.6922456349172122;0.0;0.3046248293962956
503588.0;0.0;0.14437248080872167;0.710429334966376;0.0;0.28874496161744334
497273.0;0.0;0.1414746641732691;0.7140605548319949;0.0;0.2829493283465382
486832.0;0.0;0.13123112262767256;0.7200642866794895;0.0;0.2624622452553451
465111.0;0.0;0.11877463297035756;0.732554187978161;0.0;0.23754926594071513
431321.0;0.0;0.11424721726966867;0.7519839455805782;0.0;0.22849443453933735
392593.0;0.0;0.10929535835540133;0.7742531273629524;0.0;0.21859071671080266
385835.0;0.0;0.10532481840520569;0.7781390788834358;0.0;0.21064963681041138
352045.0;0.0;0.10038466165011728;0.7975688364858532;0.0;0.20076932330023456
325013.0;0.0;0.09855391273569399;0.813112642567787;0.0;0.19710782547138797
311497.0;0.0;0.09615574432464476;0.820884545608754;0.0;0.1923114886492895
277707.0;0.0;0.09373409925547066;0.8403143032111714;0.0;0.18746819851094132
237159.0;0.0;0.08952269493636403;0.8636300123340722;0.0;0.17904538987272806
189853.0;0.0;0.0881033657217687;0.8908316729774566;0.0;0.1762067314435374
