1733793.0;2.4645839859699965E7;0.08535343556804763;0.003042979497839381;0.2562900299407492;0.17070687113609526
1728972.0;2.4424025560499966E7;0.11418589047192357;0.00581512692019079;0.2539834015723562;0.22837178094384714
1727823.0;2.417740390239997E7;0.08535519996593077;0.006475819180776098;0.2514188035510147;0.17071039993186155
1720849.0;2.3766608771499973E7;0.14440009281348953;0.010485973946069342;0.24714697930005752;0.28880018562697907
1720556.0;2.2941054582399987E7;0.16874513109557626;0.010654453347593705;0.23856211024927232;0.3374902621911525
1717642.0;1.8007041529600006E7;0.17022917401968113;0.012330047122481074;0.1872537206699874;0.34045834803936226
1717611.0;1.86642305562E7;0.16351962559241995;0.012347872588171367;0.19408777446011438;0.3270392511848399
1716797.0;1.822994970770001E7;0.16017993270551623;0.012815934816297076;0.1895717241936857;0.32035986541103245
1715147.0;2.3521982468399968E7;0.13367378433854857;0.01376470960303838;0.2446031308086814;0.26734756867709714
1714546.0;2.397304773459997E7;0.08538921879539521;0.014110293631421121;0.24929372083270657;0.17077843759079042
1714020.0;2.3253026544499986E7;0.13893323983973366;0.014412751533133802;0.24180628062295162;0.2778664796794673
1708443.0;2.259276999209999E7;0.15960782684038588;0.01761961031231941;0.2349403278882725;0.31921565368077176
1705892.0;2.241154243149997E7;0.09823289682309169;0.01908647363412369;0.23305575762421685;0.19646579364618338
1705141.0;1.7808041755200006E7;0.16019291605979596;0.019518309915846552;0.18518433863920605;0.32038583211959193
1703763.0;1.7314532049599998E7;0.17882444494115393;0.02031068061653111;0.18005237243540487;0.35764888988230786
1700976.0;1.7565100039100006E7;0.16745542033495642;0.021913247483590508;0.18265800802732307;0.33491084066991283
1694087.0;2.1453230845699985E7;0.11422630649292007;0.025874525971991018;0.2230903554948761;0.22845261298584013
1687252.0;1.7010466774100006E7;0.20568028834409507;0.029804753649189084;0.17689042303520358;0.41136057668819015
1684857.0;2.117552687589997E7;0.12753109162014767;0.031181914627519645;0.22020253511058926;0.25506218324029534
1684111.0;1.67966998264E7;0.235121836977731;0.031610875834131164;0.17466747840283334;0.470243673955462
1678279.0;2.097141816999998E7;0.11949662122030748;0.03496436344399497;0.21808002572790788;0.23899324244061496
1676282.0;2.203550149149997E7;0.10841202598991379;0.036112668443463086;0.22914533930127964;0.21682405197982757
1675669.0;1.6397757899599995E7;0.20842782353787112;0.03646515265211304;0.17051891463116894;0.41685564707574224
1675306.0;2.0738364707699984E7;0.12758108549830446;0.03667388310519612;0.21565652224128787;0.25516217099660893
1674679.0;2.1825262234699976E7;0.10435071324062126;0.03703441752415782;0.2269590788318972;0.2087014264812425
1674165.0;1.6189262008900007E7;0.20957655265907923;0.03732997524560329;0.1683507832802305;0.41915310531815847
1673661.0;1.574380381E7;0.22847546056073192;0.03761978281682609;0.16371850068067845;0.45695092112146385
1671273.0;2.0431397809699964E7;0.11473092340437985;0.03899291869000077;0.2124643991110923;0.2294618468087597
1667921.0;2.160329871139997E7;0.10439753983769781;0.04092036904464129;0.2246508986945535;0.20879507967539562
1665759.0;1.59897690664E7;0.21272402824674225;0.04216355152278353;0.1662762728355734;0.4254480564934845
1661510.0;1.5501841350600006E7;0.21953414421142567;0.04460679035239796;0.1612023532774178;0.43906828842285134
1659566.0;1.6607672993799996E7;0.19359920096672018;0.045724619555685894;0.17270180416075254;0.38719840193344035
1659200.0;2.0098408341499966E7;0.11688550330098343;0.04593507505383578;0.20900166944715093;0.23377100660196687
1656373.0;1.5158134143499993E7;0.2513816089034135;0.04756064252178588;0.15762817074194846;0.502763217806827
1654834.0;1.4879585496799994E7;0.26749059837498357;0.0484455906410555;0.15473156663313775;0.5349811967499671
1643942.0;1.4651699079499997E7;0.2510113715222811;0.054708654263592636;0.1523617948158499;0.5020227430445622
1643742.0;1.9946091730199978E7;0.15135596206809201;0.054823657268046125;0.2074177417298253;0.30271192413618403
1642199.0;1.9751871459799975E7;0.15151693653530238;0.05571090544740481;0.20539806136188987;0.30303387307060475
1638352.0;1.4484556741899997E7;0.2479391125792591;0.05792298823806772;0.1506236956091795;0.4958782251585182
1633427.0;1.4193415053199999E7;0.2470271396397774;0.060754937222734944;0.14759613750855524;0.4940542792795548
1628017.0;1.937593913609998E7;0.15067576173869004;0.06386576849320189;0.20148877253078323;0.3013515234773801
1623341.0;1.3916174478200002E7;0.2748471527850322;0.06655453873732452;0.14471313592808466;0.5496943055700644
1620939.0;1.9081917708399985E7;0.1507560108539988;0.06793572482081095;0.19843126826485352;0.3015120217079976
1619174.0;1.3666789179300005E7;0.26390127469362207;0.06895062633511301;0.14211979903692135;0.5278025493872441
1595710.0;1.3385644518300002E7;0.2801549186433874;0.08244277881759661;0.13919619919225978;0.5603098372867747
1594397.0;1.0853872423599998E7;0.37974955711969066;0.08319777354183377;0.1128685126679785;0.7594991142393813
1593768.0;1.1922993506299991E7;0.3621964649766048;0.08355945799084001;0.12398621349924582;0.7243929299532096
1591697.0;1.1735325403599992E7;0.3703901278570054;0.08475031410195591;0.12203466857589534;0.7407802557140108
1587747.0;1.151450461699999E7;0.35935610350615316;0.08702162343991236;0.11973837166203787;0.7187122070123063
1586581.0;1.1305234292499991E7;0.36481964501964664;0.08769209095587623;0.11756218703870454;0.7296392900392933
1578914.0;1.110631149599999E7;0.3657948842900994;0.09210073113160082;0.115493605494675;0.7315897685801988
1574117.0;1.0368389275600003E7;0.3599620392300383;0.09485907819341781;0.10782001396617112;0.7199240784600766
1569321.0;9632720.3356;0.3657211670347133;0.09761685024021252;0.10016985411232164;0.7314423340694266
1567493.0;1.0025600848599998E7;0.35539236158716725;0.09866797770091744;0.1042553857482126;0.7107847231743345
1563915.0;9124604.5817;0.3815429683589144;0.1007253814505904;0.09488600083234734;0.7630859367178288
1561947.0;1.2897370114300001E7;0.29542226811431616;0.10185701101441275;0.13411867445247252;0.5908445362286323
1560995.0;1.31256165982E7;0.2857945543057523;0.10240442531561136;0.13649219057225606;0.5715891086115046
1541818.0;8731114.1776;0.39736355745774893;0.1134314883976344;0.09079412698985398;0.7947271149154979
1541627.0;9339089.1361;0.3755418982887282;0.11354131626688747;0.09711640779684642;0.7510837965774564
1533287.0;8473828.942500003;0.3974968651699411;0.11833694155259807;0.08811863932205843;0.7949937303398822
1527903.0;8224701.661199998;0.39211428370875534;0.12143282243248604;0.08552798553436426;0.7842285674175107
1519895.0;7767764.927100003;0.42092363380426584;0.12603754273080384;0.080776338606113;0.8418472676085317
1512852.0;7589731.290500002;0.42021377779676866;0.13008737353263353;0.078924981690933;0.8404275555935373
1509942.0;8045052.339499998;0.40691351245592194;0.13176066724743185;0.08365982724479365;0.8138270249118439
1496266.0;6746251.353099997;0.4338061476489634;0.13962457269196157;0.0701537042809815;0.8676122952979268
1495898.0;6922294.3454;0.4315203096441568;0.139836178220156;0.07198436065237188;0.8630406192883135
1492917.0;7227019.6713000005;0.42679139663836846;0.1415502980015353;0.07515317386154634;0.8535827932767369
1473654.0;6295459.157600002;0.44685629482226197;0.15262681237547332;0.06546595389635507;0.8937125896445239
1464540.0;6569263.614300001;0.4447979786198695;0.15786749928841892;0.06831322356965594;0.889595957239739
1450998.0;5920947.659999999;0.4546668035056655;0.16565435271996481;0.0615714401171753;0.909333607011331
1446970.0;1.261827885610001E7;0.3217841654423378;0.1679705132296581;0.13121642777199977;0.6435683308846756
1435318.0;5595107.892400001;0.45905642160582005;0.17467058826911852;0.05818305959253178;0.9181128432116401
1419626.0;1.21344035292E7;0.3280082913328981;0.18369372399853945;0.12618464866750376;0.6560165826657962
1395361.0;5272397.663700001;0.4844254150784188;0.1976464635138593;0.05482722288148712;0.9688508301568376
1387561.0;1.23017983142E7;0.32001008214451687;0.20213158068754547;0.1279253730535989;0.6400201642890337
1385659.0;4941195.126099998;0.4896012422630799;0.20322525925989818;0.05138307535958602;0.9792024845261598
1359649.0;4356209.486699997;0.4923322203669938;0.2181813999890747;0.04529985856152964;0.9846644407339876
1356389.0;4171214.257799998;0.4936951404107502;0.22005594896166664;0.04337610862955009;0.9873902808215004
1350942.0;1.1267223765999999E7;0.33812842093094636;0.22318805578795747;0.11716691874879424;0.6762568418618927
1345535.0;4665487.822500002;0.48951794807667554;0.2262971620133576;0.04851601814032409;0.9790358961533511
1345235.0;1.1519971509199997E7;0.3323607361223545;0.22646966652003783;0.11979522141735556;0.664721472244709
1342871.0;1.1927749595100002E7;0.32479041354512633;0.2278290020326781;0.12403567166938304;0.6495808270902527
1337675.0;3511885.6896999986;0.49648476720155804;0.2308167800883798;0.03651980592608859;0.9929695344031161
1334380.0;3744151.152199998;0.49619211038181954;0.23271145458675108;0.03893511506861304;0.9923842207636391
1333240.0;1.1003108233300008E7;0.3336874799906261;0.23336697171213597;0.11442040338681697;0.6673749599812522
1328388.0;1.0713302945500009E7;0.3383212517179709;0.2361569446001777;0.11140674240751718;0.6766425034359418
1324450.0;3282792.1583;0.49720707057399843;0.2384213537578669;0.03413748143010964;0.9944141411479969
1321526.0;3995588.1108999974;0.4955399301613252;0.24010269768297696;0.04154978699865366;0.9910798603226504
1282790.0;2380782.1237999997;0.4957323072903808;0.2623764795855292;0.024757554429655798;0.9914646145807616
1276505.0;7387387.2;0.421250527786205;0.26599044900048013;0.07682082239639108;0.84250105557241
1271905.0;2529598.9547;0.4946837158317005;0.2686355181029104;0.02630508822295185;0.989367431663401
1266437.0;7682072.477700002;0.4110798983955637;0.2717797002446689;0.07988522998301698;0.8221597967911274
1247937.0;6260185.200100003;0.45018402400515956;0.28241747815661683;0.06509914295887974;0.9003680480103191
1245246.0;1986367.0537999999;0.4935280079658751;0.28396484358153856;0.02065606506370918;0.9870560159317502
1240743.0;0.0;0.4542572693863785;0.2865541362268089;0.0;0.908514538772757
1032547.0;0.0;0.42336660629608985;0.40626996380280433;0.0;0.8467332125921797
700431.0;0.0;0.35484636329629876;0.597241652938183;0.0;0.7096927265925975
398376.0;0.0;0.2604476681972077;0.7709278154891797;0.0;0.5208953363944154
227221.0;0.0;0.19866503335417637;0.8693445116253662;0.0;0.39733006670835275
28609.0;0.0;0.11783615997683183;0.9835493952279504;0.0;0.23567231995366367
