1734244.0;2.862192656599999E7;0.09194673843198417;0.002783647722796758;0.29763702346199383;0.18389347686396834
1730219.0;2.7108544777700007E7;0.11160035498814758;0.005098083187423271;0.2818994926639702;0.22320070997629515
1728414.0;2.65024207759E7;0.12518726478428432;0.006135985302616031;0.2755964598010835;0.25037452956856865
1728414.0;2.6943175277199987E7;0.12456163205581314;0.006135985302616031;0.28017982904221067;0.24912326411162627
1728091.0;2.760479198019999E7;0.11049851277799372;0.006321715154808419;0.2870599258693607;0.22099702555598744
1726987.0;2.616043826329999E7;0.128923735028632;0.006956531739391691;0.27204021221964947;0.257847470057264
1721597.0;2.5781031719199974E7;0.15257398614869255;0.010055862709413284;0.2680947952608178;0.3051479722973851
1721111.0;2.5235921560399994E7;0.15988876294641916;0.010335320010235268;0.26242624025457123;0.3197775258928383
1719494.0;2.4922872779299997E7;0.15692979762944906;0.011265119301241746;0.25917087213006174;0.3138595952588981
1710548.0;2.4277959815800007E7;0.1797246215234142;0.016409203690446413;0.25246447609464573;0.3594492430468284
1710293.0;2.39675129084E7;0.1772912475063086;0.016555832521124615;0.24923616463739806;0.3545824950126172
1708265.0;2.5488625411E7;0.13690796835907293;0.017721962986283018;0.2650540864876518;0.27381593671814586
1704395.0;2.3600765981599998E7;0.18793583017909432;0.019947271122458074;0.2454223939813635;0.37587166035818864
1696663.0;2.4531136951600008E7;0.16782816032096365;0.02439328727463005;0.2550972439809857;0.3356563206419273
1696106.0;2.322519532759999E7;0.19466682655027664;0.024713570642033025;0.24151686612325546;0.3893336531005533
1690127.0;2.271101077739999E7;0.18277911390786225;0.02815158546017015;0.23616990393750695;0.3655582278157245
1681881.0;1.9768080359300017E7;0.19156959542317947;0.03289315933378759;0.20556661635380008;0.38313919084635895
1681861.0;2.2064733646300018E7;0.1909603532927381;0.03290465963423295;0.2294493220371728;0.3819207065854762
1678249.0;2.2384874819700032E7;0.1723912777902918;0.034981613894663;0.23277844335675582;0.3447825555805836
1671483.0;1.9422993435100026E7;0.20754032041125264;0.03887216553532461;0.20197808625546107;0.4150806408225053
1667815.0;1.863469454130001E7;0.1745831643806328;0.04098132063700164;0.19378063190842446;0.3491663287612656
1657332.0;2.0718541387600016E7;0.1738832673066493;0.04700920311543139;0.21545038119148524;0.3477665346132986
1655719.0;2.0499076915400025E7;0.16563164049584736;0.0479367023463488;0.2131681884777754;0.3312632809916947
1654256.0;1.829627884870001E7;0.20912117869590807;0.04877794932392609;0.19026147539022054;0.41824235739181614
1653260.0;2.0307347093600024E7;0.17221255503366556;0.049350664286104476;0.21117440607679477;0.3444251100673311
1646729.0;1.7892191977100004E7;0.17473992129742183;0.05310608739653323;0.18605940976735763;0.34947984259484366
1643271.0;1.768496535370001E7;0.18992826390632592;0.0550944893435341;0.18390447742104515;0.37985652781265183
1635838.0;1.74256102413E7;0.18985672894623706;0.05936857600404811;0.18120746527211148;0.3797134578924741
1624637.0;1.6876219651E7;0.177991134283711;0.0658093192684659;0.17549439841625686;0.355982268567422
1589528.0;1.6225710463600013E7;0.20064379340977728;0.08599752168525403;0.16872980771597854;0.40128758681955456
1585566.0;1.5735042086700007E7;0.20449557091706883;0.08827573120347769;0.16362738825198173;0.40899114183413765
1564144.0;1.4865228562099991E7;0.22702716838486275;0.10059370301049114;0.15458227006848152;0.4540543367697255
1559450.0;1.4647574654699992E7;0.22544365543487416;0.1032928235250146;0.15231890526688346;0.4508873108697483
1520356.0;1.1598272834500004E7;0.35833679936653406;0.12577246080553856;0.12060947035834431;0.7166735987330681
1518815.0;1.4162035789200002E7;0.2648855410054875;0.1266585589548527;0.14726982716344794;0.529771082010975
1516732.0;1.1154399187000003E7;0.3604036572369208;0.1278563152462358;0.11599366537643732;0.7208073144738416
1515784.0;1.0797749774099998E7;0.3569805114186407;0.12840142948734537;0.1122848979239653;0.7139610228372814
1506513.0;1.3956262405900013E7;0.30154417839471;0.13373239375878695;0.14513000693954076;0.60308835678942
1504692.0;1.03566268747E7;0.3615639411119011;0.13477949611433598;0.10769769774176986;0.7231278822238022
1495811.0;1.3445683857600011E7;0.28946400689553514;0.13988620452709327;0.13982054326632737;0.5789280137910703
1487163.0;1.0061412379799997E7;0.37226412660377134;0.14485893443966225;0.10462778686968867;0.7445282532075427
1485016.0;1.3119254348900013E7;0.30891162852922155;0.14609349169247046;0.13642603007324824;0.6178232570584431
1484477.0;1.3660292481700012E7;0.28173513597230465;0.14640342478947263;0.14205224042127276;0.5634702719446093
1477711.0;9706618.919400007;0.3902318062467519;0.15029397643013423;0.10093831931222956;0.7804636124935038
1471410.0;1.2941589862200003E7;0.30814527027438854;0.1539171460854415;0.13457851191704176;0.6162905405487771
1468615.0;1.2736101026600001E7;0.3062274738981347;0.15552431307267903;0.13244165068089742;0.6124549477962694
1467241.0;1.24835624874E7;0.31210728192903503;0.1563143837132745;0.12981552350725648;0.6242145638580701
1460303.0;9465412.475700004;0.389875067600629;0.16030383793776612;0.09843003365308027;0.779750135201258
1459183.0;8318659.3357000025;0.4156869379485904;0.16094785476270568;0.0865050435428497;0.8313738758971808
1453976.0;1.2216400357400008E7;0.33970140946924765;0.16394195798365233;0.1270373268344503;0.6794028189384953
1446133.0;7857177.9049;0.42280640043712686;0.168451800803296;0.08170613669325077;0.8456128008742537
1438762.0;1.1862647773200007E7;0.3452153280112795;0.1726902365324294;0.12335868326164653;0.690430656022559
1430077.0;9227673.790700007;0.3964550096798084;0.17768424200082228;0.09595780892697733;0.7929100193596168
1428321.0;8993774.559;0.40490131265577795;0.17869396837992393;0.09352551035501694;0.8098026253115559
1421651.0;7503506.375700002;0.42728242989646;0.18252931857844787;0.07802833600462122;0.85456485979292
1413049.0;8610032.853500007;0.4109582286210218;0.18747559779999254;0.08953501241491936;0.8219164572420437
1409136.0;8836641.722900009;0.4070677969548974;0.18972563158212508;0.09189149911831355;0.8141355939097948
1394543.0;7172751.939999999;0.44514908165265055;0.19811682580207407;0.07458884825694657;0.8902981633053011
1382125.0;6959948.754499998;0.44870675124858167;0.20525736234859135;0.07237592570718747;0.8974135024971633
1353601.0;6603560.653900005;0.4502281703370812;0.2216590908437483;0.06866987561949486;0.9004563406741624
1325779.0;6216772.588199996;0.4568209378682718;0.23765715879327348;0.06464769883415132;0.9136418757365437
1263534.0;5702082.838300001;0.4841188130960173;0.2734489688543113;0.059295483118923825;0.9682376261920346
1248529.0;5461382.040000001;0.48633470570944853;0.2820770692634345;0.05679245562405069;0.9726694114188971
1237720.0;4804535.177600001;0.48897955161547013;0.2882924066391234;0.049961959970857214;0.9779591032309403
1227714.0;3400625.1649000007;0.49684410615350144;0.2940460069519316;0.03536281702270609;0.9936882123070029
1223944.0;5165493.839099997;0.4885942886485375;0.29621381358587995;0.0537155389395527;0.977188577297075
1219678.0;3718206.0497999988;0.49608447508751197;0.2986668276708729;0.03866531411604803;0.9921689501750239
1216015.0;4143503.1637999993;0.4946796815679799;0.3007731076974386;0.04308794327785665;0.9893593631359598
1206619.0;3159513.463600001;0.49691143068032145;0.3061759488466636;0.03285551658186024;0.9938228613606429
1195199.0;4474366.900300003;0.49192041498237776;0.31274262040095796;0.04652856763542019;0.9838408299647555
1180485.0;2591381.8856999986;0.49542658790553096;0.3212033914386013;0.026947563761458803;0.9908531758110619
1160498.0;2249198.5763999997;0.4924311501568739;0.332696216688661;0.023389228111914864;0.9848623003137478
1156315.0;2007581.6374;0.491698803111996;0.33510150452680576;0.02087667374643113;0.983397606223992
1154384.0;0.0;0.45658639484811075;0.33621185853480423;0.0;0.9131727896962215
861448.0;9982040.298400002;0.38854113418790254;0.504654459097744;0.10380240322546044;0.7770822683758051
846513.0;9490650.500899998;0.3831437195743452;0.5132423084553084;0.09869248176890726;0.7662874391486904
830115.0;8277393.837499999;0.38278092204789865;0.5226714047904502;0.08607592707413109;0.7655618440957973
823779.0;9186027.336699998;0.3714026986793956;0.5263146999715368;0.09552473093071714;0.7428053973587913
816641.0;8579062.708899999;0.3801470409756774;0.5304191572004818;0.08921295646827725;0.7602940819513548
796687.0;7942716.609200001;0.36677196706443;0.5418930069548067;0.0825956465338948;0.73354393412886
781510.0;7582112.610700001;0.3416372212569049;0.5506200099477598;0.07884575567610994;0.6832744425138098
774454.0;7263872.420200001;0.3412722578388738;0.554677315944879;0.07553640251890786;0.6825445156777477
763039.0;6977208.157400002;0.3405547193476793;0.561241112424062;0.07255540479620137;0.6811094386953586
760894.0;6695055.4958000025;0.3412721931563398;0.5624745196468258;0.06962132283750255;0.6825443863126796
750733.0;6269881.725600002;0.3364237434966583;0.5683172472880854;0.06519997631756676;0.6728474869933166
721955.0;0.0;0.34183200633178396;0.5848650295988983;0.0;0.6836640126635679
694385.0;5430672.689000001;0.3235442262680795;0.6007181937628121;0.05647311164826999;0.647088452536159
643421.0;5263143.487400001;0.30737896389236574;0.6300232593576507;0.054730989475179785;0.6147579277847315
635509.0;5009243.557100001;0.3101684620201537;0.6345727782138308;0.052090705309212094;0.6203369240403074
631519.0;4763568.570800001;0.31207959935512936;0.636867088152678;0.049535951648839706;0.6241591987102587
615508.0;4408186.576300001;0.30771794833485805;0.6460736536742022;0.04584036397443708;0.6154358966697161
579752.0;4069781.1238000006;0.30805517840269486;0.6666338908103974;0.042321313942177655;0.6161103568053897
573035.0;3714614.3757999996;0.28845078822466913;0.670496266714968;0.038627964598148164;0.5769015764493383
566277.0;3499916.0583999995;0.28608517300363834;0.6743822182354514;0.0363953347300685;0.5721703460072767
491191.0;1295502.195;0.32492497973226847;0.7175577961974257;0.013471819107604081;0.6498499594645369
477315.0;3140181.8697999995;0.27193092072783615;0.7255367046464088;0.032654488952775215;0.5438618414556723
470557.0;2935508.6942;0.26965690230312045;0.7294226561668924;0.03052610969683572;0.5393138046062409
433036.0;0.0;0.22764241239383168;0.7509977948173896;0.0;0.45528482478766336
292999.0;2318441.5840999996;0.22412377511690101;0.8315211734906575;0.024109280364856694;0.44824755023380203
146735.0;0.0;0.11547318686767534;0.9156251707075848;0.0;0.23094637373535068
