1722862.0;3.452101618979999E7;0.1750713602682596;0.009328468706244951;0.35898116368660976;0.3501427205365192
1716771.0;3.529771100939999E7;0.173335264833299;0.01283088520687603;0.3670579482353727;0.346670529666598
1703315.0;3.423494939149999E7;0.1786840894999237;0.02056828734650693;0.35600637894733034;0.3573681789998474
1698193.0;3.24573689101E7;0.175139733844496;0.023513514290560842;0.3375214680092764;0.350279467688992
1696232.0;3.35961265199E7;0.17212554441493558;0.024641118749227323;0.349363313268854;0.34425108882987115
1688548.0;3.1188035112299986E7;0.19632894391570307;0.02905953418033046;0.3243217718782097;0.39265788783140615
1687525.0;3.2440566706100006E7;0.16553711244898145;0.02964777454811007;0.3373467432934321;0.3310742248979629
1686451.0;3.088870199249995E7;0.23928883634958822;0.030265340682025316;0.3212090317698374;0.47857767269917645
1685022.0;2.6028703388299976E7;0.24676257176018382;0.031087037148845514;0.270670312258837;0.49352514352036764
1683827.0;2.9546640155999977E7;0.2190045464965522;0.03177418010045512;0.3072530428395781;0.4380090929931044
1680028.0;2.5488495854199972E7;0.24286160248504873;0.03395866217004919;0.26505273923731065;0.48572320497009747
1670255.0;2.2043712518199995E7;0.2544128000020903;0.03957828398266905;0.22923072508203504;0.5088256000041806
1668910.0;3.048547733929997E7;0.20073442269570213;0.040351679187618776;0.317015932284092;0.40146884539140426
1668524.0;2.482599178389999E7;0.2495733770364219;0.04057363498621402;0.2581634147517332;0.4991467540728438
1666974.0;2.196956726679999E7;0.2656453894627954;0.04146490827072857;0.22845969480635983;0.5312907789255908
1663805.0;2.3943301075499985E7;0.24457566100094744;0.04328713087629414;0.24898438780957682;0.4891513220018949
1663127.0;1.883232692979998E7;0.28077292269697457;0.04367699106139148;0.19583579460745434;0.5615458453939491
1659305.0;2.3114882385799985E7;0.23673904662597067;0.0458746984764977;0.24036973105633466;0.47347809325194135
1657710.0;1.847626926999999E7;0.2891912653333232;0.04679184743701429;0.19213318074603797;0.5783825306666464
1656439.0;1.7561837574099988E7;0.2998255708261344;0.04752269153031623;0.1826240819263139;0.5996511416522688
1649353.0;2.3070928807899993E7;0.24704279607473834;0.05159724797810343;0.23991266147136134;0.49408559214947667
1646267.0;2.826119650729998E7;0.22538829991070064;0.0533717443368208;0.29388582171471933;0.4507765998214013
1646128.0;2.8904974214099996E7;0.2136562528687328;0.05345167142491598;0.3005804123105446;0.4273125057374656
1643288.0;2.691965877059999E7;0.22400894352870201;0.05508471408815555;0.2799352828545001;0.44801788705740403
1638695.0;2.1178188608799987E7;0.27949642343237907;0.057725758085429985;0.2202302142486719;0.5589928468647581
1637282.0;2.745574598359999E7;0.21888988711039042;0.0585382543118939;0.28551000900109347;0.43777977422078085
1631890.0;1.7096660716399994E7;0.27248601068474654;0.06163873531196003;0.17778674664107497;0.5449720213694931
1623767.0;1.6240154318699993E7;0.31510067301095657;0.06630958233783858;0.16888000815861334;0.6302013460219131
1622530.0;1.6475447543199982E7;0.297367758693477;0.06702087592038342;0.17132680274525527;0.594735517386954
1610529.0;1.976812946649999E7;0.2663201184905366;0.07392163120261516;0.2055671270154705;0.5326402369810732
1609739.0;2.0431642047200006E7;0.2616944201794095;0.07437589307020646;0.21246693891645316;0.523388840358819
1588514.0;1.4267036741E7;0.3134022877688684;0.08658058691783323;0.14836172329008926;0.6268045755377368
1575185.0;1.4867145709899986E7;0.28682908187257433;0.09424496214963617;0.15460220632830704;0.5736581637451487
1567804.0;1.3849372503799995E7;0.42633151585459234;0.09848914802899225;0.1440184677765207;0.8526630317091847
1564264.0;1.5678330265799977E7;0.27004378630245796;0.10052470120781905;0.1630376467637953;0.5400875726049159
1531797.0;1.2888398886299992E7;0.40448650171964984;0.11919371393577657;0.13402538340190107;0.8089730034392997
1519550.0;1.1852766263500003E7;0.4432056404211411;0.12623592291348612;0.1232559262677161;0.8864112808422822
1511916.0;1.1363558025400002E7;0.46543418709191453;0.13062558759347587;0.11816869066512962;0.9308683741838291
1500460.0;1.0789468710800003E7;0.4590767379145093;0.13721295968857186;0.11219878383845722;0.9181534758290186
1496765.0;9001214.5835;0.4295289295285865;0.13933764019585013;0.09360287854829902;0.859057859057173
1496630.0;7666449.7281;0.43681287586758016;0.13941526722385622;0.07972277031495395;0.8736257517351603
1475019.0;7508825.007100002;0.44602049369110836;0.15184191687007823;0.07808364400826441;0.8920409873822167
1467340.0;8393390.789700005;0.42147976068991005;0.15625745722607004;0.08728216969039457;0.8429595213798201
1447987.0;6060441.665500002;0.46761292116184183;0.16738572295201212;0.06302202662790767;0.9352258423236837
1442587.0;6684599.048899996;0.45749767489854737;0.1704908040722564;0.06951258711965597;0.9149953497970947
1440323.0;6020662.690300001;0.4680471979021776;0.1717926380826699;0.06260836838769118;0.9360943958043552
1437777.0;7221005.575300002;0.44753353914674066;0.17325662632936287;0.07509063377962255;0.8950670782934813
1415647.0;5521495.174600001;0.4786257986747042;0.18598170877214168;0.057417567089278476;0.9572515973494083
1409266.0;5127227.010499999;0.47776025621364715;0.1896508796292303;0.053317605385514326;0.9555205124272943
1386976.0;4710434.555400001;0.48707886954061513;0.20246796447557192;0.04898341546118049;0.9741577390812303
1353477.0;4150302.247999999;0.49484372089594775;0.22173039270650946;0.04315864638649922;0.9896874417918955
1345233.0;4547627.736199997;0.4940235001925759;0.22647081655008236;0.04729040094818937;0.9880470003851518
1330389.0;3294477.4413;0.49799589288827656;0.2350063395406205;0.03425899571191073;0.9959917857765531
1308162.0;2999858.8111;0.49716108196209796;0.24778719844055927;0.03119528118707004;0.9943221639241959
1281629.0;2460592.0167999994;0.4957291639937301;0.2630440720263817;0.025587490840140406;0.9914583279874603
1248201.0;1917059.0736999998;0.49128623219053813;0.2822656741907382;0.019935337168207144;0.9825724643810763
1248104.0;0.0;0.45690767637054197;0.28232145064789815;0.0;0.9138153527410839
1223091.0;0.0;0.45380699865204466;0.2967043013998741;0.0;0.9076139973040893
1195302.0;0.0;0.4401837980071164;0.31268339385366445;0.0;0.8803675960142328
1150285.0;0.0;0.43799931011906007;0.33856884511107854;0.0;0.8759986202381201
1132352.0;0.0;0.43185072029318605;0.34888058950540085;0.0;0.8637014405863721
1108206.0;0.0;0.41616195127407096;0.36276490223307084;0.0;0.8323239025481419
1105512.0;0.0;0.4099317500741634;0.36431399270305936;0.0;0.8198635001483268
1078816.0;0.0;0.40239347947604465;0.3796645937375114;0.0;0.8047869589520893
1076593.0;0.0;0.39240411971187455;0.38094285213201196;0.0;0.7848082394237491
1051326.0;0.0;0.38725503530987243;0.3954717566996438;0.0;0.7745100706197449
1032564.0;0.0;0.3795507562700536;0.4062601885474258;0.0;0.7591015125401072
1023551.0;0.0;0.3750255388429366;0.4114427989431224;0.0;0.7500510776858732
1015504.0;0.0;0.36559555088433215;0.41606994482730864;0.0;0.7311911017686643
1004898.0;0.0;0.36502523011900934;0.42216855415347726;0.0;0.7300504602380187
978169.0;0.0;0.3580328258252704;0.4375381306836641;0.0;0.7160656516505408
967895.0;0.0;0.3507124379312094;0.44344583502243995;0.0;0.7014248758624188
956760.0;0.0;0.3429252573117587;0.4498486272953881;0.0;0.6858505146235174
926416.0;0.0;0.33736481393149115;0.4672968831310718;0.0;0.6747296278629823
920980.0;0.0;0.328173061123285;0.4704226647921177;0.0;0.65634612224657
885824.0;0.0;0.3231269752425853;0.4906378929149524;0.0;0.6462539504851706
874599.0;0.0;0.32029084647329203;0.4970924365399046;0.0;0.6405816929465841
843300.0;0.0;0.3086242784511225;0.5150898317218537;0.0;0.617248556902245
821069.0;0.0;0.3026815380616377;0.5278729906818815;0.0;0.6053630761232754
787002.0;0.0;0.2835838135578554;0.547462027445467;0.0;0.5671676271157108
759016.0;0.0;0.2662970344264578;0.563554397858644;0.0;0.5325940688529156
730903.0;0.0;0.2592516087794444;0.5797197951796491;0.0;0.5185032175588888
700451.0;0.0;0.2519478049508782;0.5972301526377377;0.0;0.5038956099017564
675862.0;0.0;0.23006448191796985;0.6113691970202721;0.0;0.4601289638359397
622347.0;0.0;0.20985855792829164;0.6421411259369151;0.0;0.4197171158565833
611727.0;0.0;0.20308109415932019;0.6482477854733955;0.0;0.40616218831864037
591023.0;0.0;0.18755556604844958;0.6601528964944209;0.0;0.37511113209689917
550900.0;0.0;0.16979121768082606;0.6832242242328581;0.0;0.3395824353616521
506727.0;0.0;0.1510192672544645;0.7086243628114784;0.0;0.302038534508929
491213.0;0.0;0.14392607432322796;0.7175451458669357;0.0;0.2878521486464559
473900.0;0.0;0.13899894102513735;0.7275003809474523;0.0;0.2779978820502747
464477.0;0.0;0.1283393075717126;0.7329187475022785;0.0;0.2566786151434252
413663.0;0.0;0.11954454755537164;0.762137560843777;0.0;0.23908909511074328
386631.0;0.0;0.11523483541621236;0.7776813669257109;0.0;0.23046967083242473
377207.0;0.0;0.10655673207882493;0.7831003084955594;0.0;0.21311346415764987
341026.0;0.0;0.10328073931195182;0.8039049270162183;0.0;0.20656147862390364
339781.0;0.0;0.09726782197326012;0.8046208207189413;0.0;0.19453564394652023
312749.0;0.0;0.09396853472705784;0.8201646268008752;0.0;0.18793706945411567
292475.0;0.0;0.09030793083746838;0.8318224813623256;0.0;0.18061586167493676
251927.0;0.0;0.08705815625468012;0.8551381904852264;0.0;0.17411631250936024
