1730953.0;3.560917188990002E7;0.1585122465444732;0.0046760221610789585;0.3702968039141865;0.3170244930889464
1730913.0;3.597238555390002E7;0.15851037048745706;0.004699022761969656;0.3740738324655106;0.3170207409749141
1726804.0;3.5479996239500016E7;0.1620468743081865;0.007061759488466636;0.3689535171162078;0.324093748616373
1726166.0;3.42843535353E7;0.16260386959678225;0.007428619072673274;0.35652012851179155;0.3252077391935645
1721379.0;3.2606630144899994E7;0.19074847558685554;0.01018121598426759;0.3390736231216057;0.3814969511737111
1710486.0;3.0640193863199975E7;0.21438086691898378;0.016444854621826994;0.3186248164920714;0.42876173383796756
1705249.0;3.183718292159998E7;0.17404039295040066;0.019456208293441666;0.33107220572134727;0.3480807859008013
1701346.0;2.9061569633199975E7;0.2295706829423163;0.02170049192535155;0.3022088349927573;0.4591413658846326
1698382.0;2.888938217329999E7;0.2280227133887007;0.02340483645135229;0.3004182719807275;0.4560454267774014
1697447.0;2.7525427791300006E7;0.24190657906220173;0.023942475497172364;0.2862346242985808;0.48381315812440345
1696101.0;3.165069577939998E7;0.17541592624782634;0.02471644571714436;0.32913294150758615;0.3508318524956527
1693730.0;2.6814031534600012E7;0.24829467504807567;0.0260798063349405;0.27883687405077906;0.49658935009615135
1693112.0;3.3175721459999982E7;0.1670391833268499;0.026435165618701788;0.3449915561689793;0.3340783666536998
1685234.0;2.5753693821199995E7;0.27553746891889075;0.030965133964124814;0.2678105107431541;0.5510749378377815
1676666.0;2.487410057899998E7;0.28654689555477764;0.03589186267491238;0.25866369409326834;0.5730937911095553
1673797.0;2.819877862749997E7;0.23165062466434835;0.03754158077379772;0.29323674339668077;0.4633012493286967
1671946.0;2.9780498261599984E7;0.19061591269524128;0.03860593358001478;0.30968491374466006;0.38123182539048256
1667558.0;2.275165391520001E7;0.3092025568537362;0.04112909949772438;0.23659254853241424;0.6184051137074724
1665946.0;2.160637533300002E7;0.29685916238445736;0.042056023713619516;0.22468289222557059;0.5937183247689147
1662355.0;2.406850820770002E7;0.2829573857766688;0.044120902658581956;0.25028640631829946;0.5659147715533376
1661488.0;2.6212460669500012E7;0.22598772300390266;0.04461944068288784;0.27258118887609506;0.4519754460078053
1660462.0;2.379281168480003E7;0.27327985928472825;0.045209406095734254;0.2474194612066363;0.5465597185694565
1650963.0;2.1295379723000012E7;0.3146356045504841;0.05067147379225282;0.2214488748558207;0.6292712091009682
1649140.0;2.3323897506699998E7;0.2914398494679891;0.0517197261778464;0.24254326183874989;0.5828796989359782
1647400.0;1.5376029501900008E7;0.2984617079918845;0.05272025231659177;0.15989404637232635;0.596923415983769
1640716.0;1.4270975037499996E7;0.3223926117221491;0.05656365272542745;0.1484026773064119;0.6447852234442982
1634948.0;2.2176842664100002E7;0.29308322638658635;0.059880339373866144;0.23061513434838432;0.5861664527731727
1624303.0;1.6697435064900002E7;0.2768542351773334;0.06600137428590322;0.17363523243995602;0.5537084703546667
1624183.0;1.6631175256699996E7;0.2640698033140171;0.06607037608857531;0.17294620222941667;0.5281396066280342
1611799.0;2.5425202930000007E7;0.2518534812552754;0.0731913621243355;0.2643945614056527;0.5037069625105508
1609785.0;1.5000089528300006E7;0.2986388795594804;0.07434944237918216;0.1559846779905486;0.5972777591189607
1601689.0;1.829253639519999E7;0.25802175466789884;0.07900476399945948;0.19022255792889514;0.5160435093357977
1601535.0;1.8226714182799995E7;0.2580112586684924;0.07909331631288867;0.18953807824052607;0.5160225173369848
1591775.0;1.4578859480700005E7;0.3074620955699931;0.08470546293021905;0.1516043419124961;0.6149241911399862
1590960.0;1.77903388594E7;0.2618220817810356;0.08517410017336703;0.18500024770457166;0.5236441635620712
1563896.0;1.2236245895999998E7;0.3493287066566439;0.10073630673601348;0.12724369893257864;0.6986574133132878
1527463.0;1.1910316799800007E7;0.38173180646136523;0.12168582904228373;0.12385438948728575;0.7634636129227305
1519473.0;1.1396889836900003E7;0.3829021687424965;0.12628019907020072;0.11851530538858579;0.765804337484993
1510816.0;9233423.081499998;0.4156403314755373;0.1312581041179701;0.09601759532174642;0.8312806629510746
1502834.0;8861415.78330001;0.42688856848397716;0.13584787402570891;0.09214912250294216;0.8537771369679543
1498186.0;1.0502103967099996E7;0.4058822344505552;0.13852054384920806;0.10921050187338535;0.8117644689011104
1494890.0;1.0489544467299998E7;0.4033072935581422;0.1404157933626016;0.10907989668410772;0.8066145871162844
1485215.0;7242928.976600005;0.46338182913790565;0.14597906370303923;0.07531861339839661;0.9267636582758113
1472043.0;9931857.752200002;0.40705235530263767;0.1535531615763462;0.10328055911946463;0.8141047106052753
1471072.0;6760745.295300007;0.4683853471457338;0.15411150116296787;0.07030442557518556;0.9367706942914676
1470036.0;9806002.671599997;0.4105504966936358;0.15470721672603696;0.10197180264945634;0.8211009933872716
1458903.0;6605357.592700006;0.4711119672645552;0.16110885896894056;0.06868856183597098;0.9422239345291104
1442425.0;8140224.423100009;0.4563768330654677;0.17058395650586372;0.08464951379206587;0.9127536661309354
1437262.0;6380637.006600003;0.4739661906916332;0.1735527590658306;0.06635171123287802;0.9479323813832664
1418168.0;6231104.027599999;0.47607117309655184;0.18453209590100542;0.06479673027531259;0.9521423461931037
1399397.0;5733320.157500003;0.48009375407351135;0.19532570288398785;0.05962031739191317;0.9601875081470227
1379911.0;4879806.122700003;0.496221526153308;0.2065304456078915;0.05074469624128524;0.992443052306616
1360519.0;4431794.9872;0.49841826111095994;0.21768113691970203;0.046085865867286274;0.9968365222219199
1355120.0;3992776.1810999997;0.4974902877202198;0.22078564302492404;0.04152054597555462;0.9949805754404396
1336876.0;3612754.3263999987;0.4976374347444673;0.2312762170911715;0.03756873045319295;0.9952748694889346
1333160.0;5107916.0861000065;0.49591685983411754;0.23341297291391738;0.0531167926957934;0.9918337196682351
1311925.0;2928004.6509999987;0.49505283129661515;0.2456234169117668;0.030448075778440036;0.9901056625932303
1283232.0;2388325.1717;0.4906922239139857;0.26212232294568694;0.024835993954668564;0.9813844478279714
1275415.0;2746808.2802999998;0.49036022084454695;0.2666172153747517;0.028563829855549294;0.9807204416890939
1265425.0;0.0;0.4529287009709903;0.27236161544720355;0.0;0.9058574019419806
1262745.0;0.0;0.45247448641686;0.2739026557068803;0.0;0.90494897283372
1204537.0;0.0;0.4442069372692024;0.3073731301230245;0.0;0.8884138745384048
1190520.0;0.0;0.4380462833088403;0.3154331156901474;0.0;0.8760925666176806
1139493.0;0.0;0.41926379591465385;0.3447744072313889;0.0;0.8385275918293077
1095091.0;0.0;0.3922875720726822;0.3703062242501085;0.0;0.7845751441453644
1078540.0;0.0;0.3869897300978988;0.3798232978836572;0.0;0.7739794601957976
1046711.0;0.0;0.37873282058172913;0.3981254510274081;0.0;0.7574656411634583
1029837.0;0.0;0.366071642744576;0.40782825451314914;0.0;0.732143285489152
985263.0;0.0;0.3551088605270253;0.4334589741156988;0.0;0.7102177210540506
955323.0;0.0;0.33563205277219643;0.45067492388238645;0.0;0.6712641055443929
945422.0;0.0;0.3291380858282887;0.4563681476178565;0.0;0.6582761716565774
926082.0;0.0;0.3191453110028605;0.4674889381485091;0.0;0.638290622005721
870667.0;0.0;0.30413239733820924;0.4993533956074602;0.0;0.6082647946764185
856554.0;0.0;0.30222663053735227;0.5074685826167209;0.0;0.6044532610747045
819160.0;0.0;0.2891635554003656;0.5289706943593901;0.0;0.5783271108007312
787329.0;0.0;0.2656235321241471;0.5472739975331855;0.0;0.5312470642482942
744755.0;0.0;0.2612032149864648;0.5717546870912003;0.0;0.5224064299729296
708249.0;0.0;0.23595034754696848;0.5927461854940961;0.0;0.47190069509393695
686947.0;0.0;0.23401507879549233;0.6049951554984374;0.0;0.46803015759098465
656096.0;0.0;0.21964604358060427;0.6227349439504107;0.0;0.43929208716120854
647292.0;0.0;0.2115757663452905;0.6277973762064534;0.0;0.423151532690581
627646.0;0.0;0.2056448586965346;0.6390941213339199;0.0;0.4112897173930692
594529.0;0.0;0.1971098660679594;0.6581368938263512;0.0;0.3942197321359188
570711.0;0.0;0.18610146019246435;0.6718326016267175;0.0;0.3722029203849287
540487.0;0.0;0.18477288230726668;0.6892118556597291;0.0;0.36954576461453337
509707.0;0.0;0.1513635659258091;0.7069108180451215;0.0;0.3027271318516182
478564.0;0.0;0.14512116470358363;0.7248185108835968;0.0;0.29024232940716727
470505.0;0.0;0.13436242110065671;0.7294525569480502;0.0;0.26872484220131343
469741.0;0.0;0.1301437502958754;0.7298918684250626;0.0;0.2602875005917508
435951.0;0.0;0.12730754373162426;0.74932162602748;0.0;0.2546150874632485
427510.0;0.0;0.11948816333779157;0.7541753278304396;0.0;0.23897632667558313
400478.0;0.0;0.11700456293980704;0.7697191339123735;0.0;0.2340091258796141
380204.0;0.0;0.10889935533498649;0.7813769884738239;0.0;0.21779871066997297
340634.0;0.0;0.10758379218324704;0.8041303329049472;0.0;0.21516758436649408
339656.0;0.0;0.0996856731966794;0.8046926975967247;0.0;0.1993713463933588
299108.0;0.0;0.0935388382643179;0.8280084067196255;0.0;0.1870776765286358
265318.0;0.0;0.08954160270167749;0.8474381643220429;0.0;0.17908320540335498
238286.0;0.0;0.084568200980456;0.8629819704039768;0.0;0.169136401960912
197738.0;0.0;0.08171136830778766;0.8862976795268777;0.0;0.16342273661557533
157190.0;0.0;0.07915135989646523;0.9096133886497785;0.0;0.15830271979293045
