1735374.0;3.484512249279994E7;0.09186009928167956;0.002133880747634532;0.3623515180576803;0.1837201985633591
1729145.0;3.353829827909994E7;0.1408926331474914;0.00571564932133852;0.348761962223386;0.2817852662949828
1724861.0;3.439831787269994E7;0.09591796513585245;0.008179013676732304;0.35770523413654115;0.1918359302717049
1723441.0;3.402663998289996E7;0.10377215902409814;0.008995535008352094;0.3538401868081718;0.20754431804819629
1718063.0;3.373369159579997E7;0.11425633857453839;0.012087965798106476;0.3507938410018064;0.22851267714907678
1717199.0;3.118190395479997E7;0.16670596505713464;0.012584778777345557;0.3242580144835258;0.3334119301142693
1713314.0;3.0129783781699985E7;0.18165526226075698;0.014818712138854627;0.3133171046910387;0.36331052452151397
1709749.0;3.2537213340399962E7;0.12842246259499618;0.01686864069323811;0.33835176357025826;0.25684492518999236
1700205.0;3.091024451399997E7;0.1740773721864627;0.022356584065758717;0.3214330506513877;0.3481547443729254
1694271.0;2.9699113042199995E7;0.15064235164070078;0.025768723207893807;0.30883859564653493;0.30128470328140156
1692756.0;3.2638460044599958E7;0.12692771758654844;0.026639870966629002;0.33940461958971363;0.2538554351730969
1681043.0;2.938374604289999E7;0.16194103976897056;0.03337502192244773;0.30555912056461304;0.3238820795379411
1679382.0;2.8075317498299986E7;0.19687860395949397;0.03433012187443397;0.29195288142730547;0.39375720791898794
1676552.0;2.7088341305E7;0.20013403198652446;0.03595741438745087;0.28168939843903534;0.4002680639730489
1667997.0;2.367632052409998E7;0.25661244534710925;0.040876667902948964;0.24620807935746397;0.5132248906942185
1662211.0;2.363735813219997E7;0.21902294897028035;0.04420370482178847;0.2458029126987718;0.4380458979405607
1657798.0;2.3038324768799983E7;0.22442432557708294;0.04674124611505476;0.2395736147922991;0.4488486511541659
1651881.0;2.110546478219998E7;0.2482896369519911;0.0501436100018113;0.21947396525075488;0.4965792739039822
1651344.0;2.5010390089499965E7;0.20338486937360828;0.05045239306876892;0.2600809573281791;0.40676973874721656
1649561.0;2.2160901651399978E7;0.2324394336093529;0.051477644853471796;0.23044936508892988;0.4648788672187058
1648478.0;2.0598034433099985E7;0.24465525218803813;0.05210038612258745;0.21419723943804136;0.48931050437607626
1645359.0;2.4592096523799982E7;0.21280397948747562;0.05389385797703965;0.25573115748010944;0.42560795897495124
1643001.0;1.9262916819800027E7;0.3111154045240871;0.05524974339954631;0.20031346290476182;0.6222308090481742
1636902.0;2.6585732480199974E7;0.17961514095128422;0.058756760020355535;0.276462811254757;0.35923028190256845
1635446.0;2.7397840243699968E7;0.1776057279499396;0.05959398189277695;0.2849078520489587;0.3552114558998792
1633266.0;2.604344451279998E7;0.18559438814728327;0.06084751464132;0.2708236039811306;0.37118877629456654
1630529.0;2.598978235849997E7;0.19295034470819006;0.06242133075726603;0.2702655757211676;0.3859006894163801
1628219.0;1.9521389352800008E7;0.30177003520018547;0.06374961545870386;0.20300129718423982;0.6035400704003709
1617054.0;1.7526595451600004E7;0.3295111844547979;0.07016965818232002;0.18225760203834443;0.6590223689095958
1602418.0;1.8231502818600006E7;0.3164169771630332;0.07858557804822651;0.1895878748641975;0.6328339543260664
1599503.0;2.028429862779998E7;0.24515085164944753;0.08026174683813615;0.2109347270062657;0.49030170329889505
1586639.0;1.5097385491300004E7;0.3262360402996291;0.08765874008458471;0.1569964505822856;0.6524720805992582
1584365.0;1.8609495814100027E7;0.27229740313122963;0.08896632424522091;0.19351859244921688;0.5445948062624593
1581179.0;1.7132043131899998E7;0.27820743314200924;0.09079832210616502;0.17815468542423243;0.5564148662840185
1554229.0;1.5334818876299998E7;0.2924904643142635;0.10629497695627298;0.15946550051919137;0.584980928628527
1530602.0;1.4232574008500002E7;0.2953742532176638;0.11988085688738619;0.14800334821362424;0.5907485064353276
1524694.0;1.4546036019500008E7;0.289396119850878;0.12327804563894232;0.15126301348134527;0.578792239701756
1485086.0;1.3869577917000001E7;0.354741190136078;0.14605324064091174;0.14422858218055293;0.709482380272156
1475721.0;1.3505325270200001E7;0.3559344646493353;0.15143825632444646;0.14044074933388176;0.7118689292986706
1473218.0;8460804.515;0.42519660763096195;0.15287751892518192;0.08798319938846563;0.8503932152619239
1469371.0;8167565.7869;0.4237502741619678;0.15508960171584482;0.08493383435029438;0.8475005483239356
1464158.0;1.3068577097500008E7;0.36473083850847304;0.15808715502692508;0.13589904156920218;0.7294616770169461
1449995.0;8996910.273800002;0.42045540161999106;0.16623109278729906;0.09355811839128403;0.8409108032399821
1442349.0;9368663.896100009;0.41583607804244577;0.17062765764755605;0.0974239532555949;0.8316721560848915
1415762.0;1.1690580599100007E7;0.3943165783604402;0.18591558204458092;0.12156937109160285;0.7886331567208804
1412491.0;1.0065469306400007E7;0.41526026577005104;0.18779645618241778;0.10466997451051173;0.8305205315401021
1409676.0;1.0161511487400008E7;0.4074135589177931;0.18941512347010064;0.10566870912796392;0.8148271178355861
1403179.0;6482787.3769000005;0.4600687455374463;0.19315099606977232;0.06741396440062068;0.9201374910748926
1399266.0;6006680.290900001;0.4778458297747201;0.19540102985190488;0.062462966584333326;0.9556916595494402
1390773.0;7367019.036500004;0.44911423313733834;0.2002846324360224;0.0766090155655844;0.8982284662746767
1383357.0;1.07107846237E7;0.4035654684898175;0.20454894384115785;0.11138055458948384;0.807130936979635
1376121.0;5300077.2594;0.483746557078453;0.20870975254228516;0.05511506068499003;0.967493114156906
1371583.0;5777645.265700001;0.4685454143417462;0.2113191707133349;0.060081250489440914;0.9370908286834924
1365372.0;1.112386816770001E7;0.391253175487766;0.21489058901663807;0.11567617585710828;0.782506350975532
1326753.0;4558712.988700001;0.4987982207388248;0.23709709416158498;0.04740567556294381;0.9975964414776496
1318006.0;4032849.0820000004;0.4986042901688631;0.2421267505613584;0.04193726072457267;0.9972085803377262
1315419.0;4736927.344399999;0.4974513424419529;0.24361431442396433;0.04925891176094855;0.9949026848839058
1299967.0;4685283.286800002;0.4922105122215488;0.2524994465480411;0.04872186951998975;0.9844210244430976
1255328.0;2940530.9070999995;0.49504296688982413;0.2781675421270381;0.030578335269258367;0.9900859337796483
1231457.0;2887025.3093999997;0.4949213981722909;0.2918937257235845;0.03002193502830113;0.9898427963445818
1219234.0;2276630.8733999995;0.494482211601646;0.29892213434075965;0.023674494276894283;0.988964423203292
1213216.0;0.0;0.4577716054339129;0.3023825747447652;0.0;0.9155432108678258
1177881.0;0.0;0.4489631907882035;0.32270073055658577;0.0;0.897926381576407
1137004.0;0.0;0.43938202768384715;0.3462056196218126;0.0;0.8787640553676943
1090712.0;0.0;0.43050878097566797;0.3728242150326177;0.0;0.8610175619513359
1039009.0;0.0;0.41139651011779416;0.40255421672891206;0.0;0.8227930202355883
994403.0;0.0;0.3964582309748439;0.4282033368121742;0.0;0.7929164619496878
972863.0;0.0;0.38669603024003635;0.4405891603918152;0.0;0.7733920604800727
949990.0;0.0;0.3818011273294046;0.45374147899613876;0.0;0.7636022546588092
928756.0;0.0;0.3747571076867698;0.4659513479789659;0.0;0.7495142153735396
920905.0;0.0;0.3742419087010313;0.47046579091878776;0.0;0.7484838174020626
902862.0;0.0;0.3503305737666626;0.4808407869655595;0.0;0.7006611475333252
880172.0;0.0;0.3435979420288945;0.49388787782080806;0.0;0.687195884057789
853142.0;0.0;0.3391526227406029;0.5094305338726974;0.0;0.6783052454812059
838067.0;0.0;0.3209863675717701;0.5180988853333793;0.0;0.6419727351435403
791922.0;0.0;0.3058669337901373;0.5446329535359111;0.0;0.6117338675802746
761559.0;0.0;0.3038942909210627;0.5620921346570179;0.0;0.6077885818421254
726435.0;0.0;0.28651857449547435;0.5822889622991401;0.0;0.5730371489909487
674952.0;0.0;0.2670072889215754;0.6118924606905355;0.0;0.5340145778431508
666123.0;0.0;0.2652274598831233;0.616969268322135;0.0;0.5304549197662466
648615.0;0.0;0.25672135473856655;0.6270366313319935;0.0;0.5134427094771331
648198.0;0.0;0.2547787028373432;0.6272764125962791;0.0;0.5095574056746864
612633.0;0.0;0.24969513449193703;0.6477268218632212;0.0;0.49939026898387406
582639.0;0.0;0.23683333903700576;0.6649738224411113;0.0;0.4736666780740115
578928.0;0.0;0.2263712809170082;0.6671077031887458;0.0;0.4527425618340164
550060.0;0.0;0.20519670466328138;0.6837072368515628;0.0;0.41039340932656276
502455.0;0.0;0.19439682963274454;0.711080826986605;0.0;0.3887936592654891
452112.0;0.0;0.17264483441524267;0.7400288082526156;0.0;0.34528966883048534
449527.0;0.0;0.1662201152516076;0.741515222085177;0.0;0.3324402305032152
396765.0;0.0;0.15686459219847604;0.7718541646900525;0.0;0.3137291843969521
388813.0;0.0;0.15570531338067423;0.7764266841471233;0.0;0.31141062676134845
352691.0;0.0;0.15376966660911312;0.7971973767814684;0.0;0.30753933321822624
320435.0;0.0;0.1343876313726059;0.8157450613397275;0.0;0.2687752627452118
308252.0;0.0;0.1232779934847639;0.8227504693560119;0.0;0.2465559869695278
281928.0;0.0;0.11198792590064137;0.8378871648021805;0.0;0.22397585180128274
236206.0;0.0;0.11124249331540034;0.8641780016502931;0.0;0.22248498663080069
190640.0;0.0;0.10585226729790694;0.890379136154932;0.0;0.21170453459581387
169496.0;0.0;0.09466337133485979;0.9025372537857551;0.0;0.18932674266971958
122190.0;0.0;0.08784461901562499;0.9297389144291395;0.0;0.17568923803124997
108674.0;0.0;0.08524957983544311;0.9375108174701065;0.0;0.17049915967088622
