1735024.0;3.3231152522199996E7;0.09021782139854023;0.0023351360054281417;0.3455679791544309;0.18043564279708046
1734531.0;3.3560327130499996E7;0.08814698536884592;0.002618618411405998;0.34899103840894186;0.17629397073769185
1725504.0;3.2701202095200006E7;0.0963895925240843;0.00780927901741433;0.3400570689328226;0.1927791850481686
1718722.0;3.1451201618599985E7;0.14402775091504993;0.011709030898432221;0.3270584183939292;0.28805550183009987
1718476.0;3.2803726470699996E7;0.07779472676690947;0.011850484593910016;0.34112321134939794;0.15558945353381895
1714662.0;3.3012302741499994E7;0.07704698631963794;0.014043591888838096;0.3432921785662819;0.15409397263927588
1713772.0;3.0878581442799997E7;0.14812868612696478;0.014555355258656132;0.3211037890189154;0.29625737225392956
1711517.0;3.0872735413599998E7;0.12499311221998957;0.015852014133869247;0.3210429966496055;0.24998622443997914
1710926.0;3.2314468088400003E7;0.08796900551704075;0.016191848012029313;0.3360354543014645;0.1759380110340815
1705525.0;2.9158783877899997E7;0.18746354128143577;0.01929750414729585;0.3032197578027191;0.37492708256287155
1700364.0;2.857555600830002E7;0.2048377732397254;0.022265156677218192;0.29715481990598;0.4096755464794508
1697883.0;2.7419158347400006E7;0.18698360404585215;0.023691768947463752;0.28512953722855355;0.3739672080917043
1692448.0;2.8011710178300004E7;0.1792111690039979;0.02681697559348738;0.29129143421998577;0.3584223380079958
1689785.0;2.80270149321E7;0.1710859267060304;0.028348240597785616;0.29145058707628796;0.3421718534120608
1685474.0;2.698703980910001E7;0.20912205967336872;0.030827130358780624;0.2806359726452686;0.41824411934673744
1682676.0;2.594996513840001E7;0.2628229450440792;0.032436022391084965;0.2698515197754312;0.5256458900881584
1680151.0;2.5677455330500003E7;0.2741864516846238;0.0338879353223103;0.2670177130468545;0.5483729033692476
1669006.0;2.5117975515700016E7;0.22400555366280742;0.0402964777454811;0.26119972918821566;0.44801110732561483
1659864.0;2.4913437216899987E7;0.3126042503212856;0.04555326507905019;0.2590727525048523;0.6252085006425712
1653238.0;2.3910981894400023E7;0.28577534391298637;0.04936331461659436;0.24864830334506183;0.5715506878259727
1652221.0;2.3286623570000015E7;0.2994694457005835;0.04994810489424036;0.24215565328463975;0.598938891401167
1646945.0;2.2352173696000006E7;0.2174898066931889;0.05298188415172347;0.23243838710304787;0.4349796133863778
1641389.0;2.208217301360001E7;0.21508739438681096;0.056176667615441454;0.22963067256094907;0.4301747887736219
1623426.0;2.162337572080001E7;0.22242705992554473;0.06650566246043178;0.22485967783819596;0.44485411985108947
1621772.0;1.976939375300002E7;0.2579426543442084;0.06745673730726215;0.20558027422517366;0.5158853086884168
1621480.0;1.9143613012900017E7;0.2598618434337263;0.06762464169376425;0.1990728325827071;0.5197236868674526
1619995.0;1.8359548060300007E7;0.2602853493186725;0.06847853900183143;0.19091940663653223;0.520570698637345
1617725.0;2.0417299564300016E7;0.2419706148127303;0.06978382310237854;0.21231779263485803;0.4839412296254606
1614225.0;2.104079548270001E7;0.23827442363069945;0.07179637568031465;0.218801474607326;0.4765488472613989
1612080.0;1.8140676372500006E7;0.2659948008252835;0.07302978290307835;0.18864337823828037;0.531989601650567
1595676.0;1.759517238070001E7;0.27838467418483226;0.0824623293283537;0.182970727795565;0.5567693483696645
1589790.0;1.6838787894000005E7;0.27599725292526084;0.08584686774941995;0.1751051487020302;0.5519945058505217
1586775.0;1.6500581160800003E7;0.2835100895353089;0.08758053804155634;0.1715881651351717;0.5670201790706177
1570123.0;1.4840223480399996E7;0.29129028391675515;0.09715568819235403;0.15432224431265235;0.5825805678335103
1569408.0;1.6128470997299993E7;0.2896254255912506;0.09756682393327526;0.16771862262870524;0.5792508511825012
1541924.0;1.3982329757600004E7;0.3170385335256408;0.11337053680527404;0.14540107915236444;0.6340770670512816
1535715.0;1.33619524162E7;0.32308675068339776;0.11694080507853268;0.13894982700161282;0.6461735013667955
1524169.0;1.3410992702700004E7;0.3144476604668219;0.12357992852563274;0.13945979284440563;0.6288953209336438
1514004.0;1.3151613049299996E7;0.3343953273609572;0.12942495622698144;0.13676252549566298;0.6687906547219143
1496603.0;1.3094502993800001E7;0.33669435551845783;0.13943079262945746;0.1361686427991376;0.6733887110369157
1483524.0;1.2589221293199992E7;0.341425776291922;0.1469514141056935;0.13091426060269068;0.682851552583844
1472973.0;1.2342554188000003E7;0.3551754627482344;0.15301839760563746;0.12834918998075276;0.7103509254964688
1462674.0;1.1958726967499994E7;0.3691546325786904;0.15894047731997;0.12435780277731341;0.7383092651573808
1460366.0;1.0677047604500005E7;0.39180913531272404;0.16026761199136327;0.11102972614500398;0.7836182706254481
1443168.0;9319285.522899996;0.4126156033917172;0.170156720344319;0.09691047167745034;0.8252312067834344
1435281.0;1.0180194770900004E7;0.37952976749141437;0.17469186382494242;0.10586299503239499;0.7590595349828287
1427121.0;8634016.602600003;0.41667786113668026;0.17938398640664488;0.08978441741835688;0.8333557222733605
1422251.0;9627958.989399996;0.4006608923469028;0.18218430956508738;0.10012034127092106;0.8013217846938055
1417621.0;1.0987830496299999E7;0.37527770773458213;0.18484662911818572;0.11426153147596106;0.7505554154691643
1412693.0;8470187.331200004;0.4089542421730457;0.18768030314791975;0.08808077051034732;0.8179084843460914
1410373.0;1.1248534372700002E7;0.37085897035681925;0.18901433799958023;0.11697256930906332;0.7417179407136385
1403321.0;5851115.3248000005;0.4632549688278642;0.19306934393661035;0.06084525949678974;0.9265099376557284
1399030.0;7769804.3061;0.44797483829138957;0.19553673339716;0.08079754593797693;0.8959496765827791
1384717.0;7422115.933099999;0.4425325183852201;0.2037669234108741;0.07718196359087547;0.8850650367704402
1379542.0;5584209.593900002;0.4720606988047724;0.2067426261511082;0.058069729096806404;0.9441213976095448
1360558.0;5423428.901199999;0.4797228451801878;0.2176587113338336;0.056397784104038784;0.9594456903603756
1344463.0;4912669.370999998;0.48494478535829544;0.22691357811722832;0.0510864384151654;0.9698895707165909
1327358.0;4475039.181499999;0.49002847093964275;0.23674921007311317;0.04653555863146076;0.9800569418792855
1309349.0;4346559.836999998;0.49838081708727355;0.24710465560912778;0.0451995126603711;0.9967616341745471
1285424.0;3504256.8705;0.49783683992337446;0.2608618900168767;0.03644047447249194;0.9956736798467489
1271930.0;2936090.1289;0.4978521638770134;0.26862114272735377;0.03053215598771158;0.9957043277540268
1228213.0;2504906.3677999997;0.4952313825683184;0.29375907445582017;0.026048312074443972;0.9904627651366368
1219538.0;2206654.0903999996;0.4943262779972791;0.2987473297739903;0.02294681155590278;0.9886525559945581
1212716.0;0.0;0.45795604626920045;0.3026700822558989;0.0;0.9159120925384009
1166071.0;0.0;0.4525856524756644;0.3294916579695645;0.0;0.9051713049513288
1123321.0;0.0;0.4429589691845559;0.3540735501714982;0.0;0.8859179383691118
1113824.0;0.0;0.436321122030893;0.35953446783797227;0.0;0.872642244061786
1107440.0;0.0;0.42565664888092386;0.3632053637401277;0.0;0.8513132977618477
1081506.0;0.0;0.4205858977192722;0.3781178033276119;0.0;0.8411717954385444
1043247.0;0.0;0.40206353559266034;0.4001173030645426;0.0;0.8041270711853207
1007099.0;0.0;0.38606910014668083;0.4209029460894666;0.0;0.7721382002933617
956411.0;0.0;0.36314531012401396;0.4500493075381594;0.0;0.7262906202480279
954043.0;0.0;0.36094336872371113;0.45141094311088875;0.0;0.7218867374474223
928352.0;0.0;0.35321508510877186;0.466183654047962;0.0;0.7064301702175437
914740.0;0.0;0.34631996867511833;0.4740107585310666;0.0;0.6926399373502367
896997.0;0.0;0.3369389134868032;0.4842132500711581;0.0;0.6738778269736064
857324.0;0.0;0.32840572379564853;0.5070258210495749;0.0;0.6568114475912971
817973.0;0.0;0.3084342858152651;0.5296532371908216;0.0;0.6168685716305302
784691.0;0.0;0.29690895529782796;0.5487908871619271;0.0;0.5938179105956559
745200.0;0.0;0.29262101926443473;0.5714988054062913;0.0;0.5852420385288695
705351.0;0.0;0.2745039429254496;0.5944125790286271;0.0;0.5490078858508992
673848.0;0.0;0.2695827562349656;0.6125272772751188;0.0;0.5391655124699312
652583.0;0.0;0.25669319527820295;0.6247549717236363;0.0;0.5133863905564059
617900.0;0.0;0.2535893207776349;0.6446982177409385;0.0;0.5071786415552698
570387.0;0.0;0.23455604864288976;0.6720189064939321;0.0;0.4691120972857795
567094.0;0.0;0.23017692048117874;0.6739124309622588;0.0;0.4603538409623575
534533.0;0.0;0.2119351981076215;0.6926354951023096;0.0;0.423870396215243
486506.0;0.0;0.19716432816825402;0.7202517415767486;0.0;0.39432865633650804
479618.0;0.0;0.19532736908751053;0.7242124450501269;0.0;0.39065473817502105
426210.0;0.0;0.1862900828937968;0.7549228473593873;0.0;0.3725801657875936
401860.0;0.0;0.17616449594271674;0.7689244631515998;0.0;0.3523289918854335
391345.0;0.0;0.17314096512281785;0.7749707461107421;0.0;0.3462819302456357
341363.0;0.0;0.171536527180145;0.8037111469537142;0.0;0.34307305436029
319413.0;0.0;0.15771463647266537;0.8163327266924848;0.0;0.31542927294533074
281722.0;0.0;0.15215001272071968;0.8380056178967675;0.0;0.30430002544143936
246023.0;0.0;0.12771634303332016;0.8585330791766935;0.0;0.2554326860666403
245394.0;0.0;0.12324161007451544;0.8588947636256997;0.0;0.24648322014903087
200665.0;0.0;0.1167063423872631;0.8846146105567008;0.0;0.2334126847745262
150448.0;0.0;0.11136029753774893;0.9134901399299057;0.0;0.22272059507549785
139264.0;0.0;0.10555415297309925;0.9199211079389449;0.0;0.2111083059461985
