1731116.0;3.6556612230000004E7;0.11777046553882628;0.004582294712449363;0.3801491568676092;0.23554093107765256
1728899.0;3.692987998420001E7;0.11776883810954292;0.005857103016816315;0.384030737063067;0.23553767621908583
1726851.0;3.6403850581400014E7;0.1256439552540744;0.007034733782420066;0.3785606012445765;0.2512879105081488
1722090.0;3.6011250960999995E7;0.13262805340580172;0.009772380303435427;0.37447799058736875;0.26525610681160344
1721134.0;3.511008574830001E7;0.14391206354150674;0.010322094664723116;0.36510684881824207;0.28782412708301347
1709819.0;3.476903019760001E7;0.1912663725048591;0.01682838964167939;0.3615602406361736;0.3825327450097182
1706284.0;3.3822942578E7;0.18232446047197962;0.01886106774539485;0.35172195451023225;0.36464892094395923
1697233.0;3.3073354634899978E7;0.17415935684925832;0.0240655287119376;0.34392705210585267;0.34831871369851664
1686534.0;3.2112053149199996E7;0.18876577466133543;0.03021761443517712;0.3339305582572095;0.37753154932267086
1683824.0;3.403960325949999E7;0.14868001990513413;0.03177590514552193;0.353974990838664;0.29736003981026826
1676377.0;2.340893017350001E7;0.2744997090044429;0.03605804201634768;0.24342750943770275;0.5489994180088859
1670331.0;3.0661960426399972E7;0.23281725885195317;0.03953458284097672;0.31885116516454476;0.46563451770390635
1667266.0;2.9822608075900003E7;0.26564358102658936;0.041297003884226476;0.3101228101859738;0.5312871620531787
1664942.0;2.1040839759100016E7;0.2749121319131171;0.04263333879597604;0.2188019350339111;0.5498242638262342
1659864.0;3.208947161429998E7;0.21625669881902349;0.04555326507905019;0.3336957347621053;0.43251339763804697
1652396.0;2.0228624710900005E7;0.30172380097752044;0.049847477265343554;0.21035577859507582;0.6034476019550409
1647199.0;2.2504439341700014E7;0.2563400265647412;0.05283583033606753;0.23402178483335664;0.5126800531294824
1646090.0;1.9872949494100004E7;0.30017558190521487;0.05347352199576214;0.20665714172646946;0.6003511638104297
1641344.0;2.909690636900002E7;0.2358093874876929;0.05620254329144349;0.30257629875653075;0.4716187749753858
1630570.0;1.8679809236599993E7;0.28267335848336494;0.06239775514135307;0.19424977585624775;0.5653467169667299
1625737.0;3.139239649359998E7;0.17127847345367755;0.06517680274397168;0.3264469088112688;0.3425569469073551
1622436.0;1.7642157630100016E7;0.2821381439440693;0.06707492733247657;0.18345932347921998;0.5642762878881386
1618462.0;1.689174703400001E7;0.27813087885358456;0.06936003703096744;0.17565586637501288;0.5562617577071691
1604972.0;2.6722348028900016E7;0.24483951251118877;0.07711698968135543;0.277883464933675;0.48967902502237753
1604479.0;2.679980831210002E7;0.24444381669082446;0.07740047208733328;0.2786889679481212;0.4888876333816489
1600655.0;2.867884351599997E7;0.19213341930396197;0.07959932953248404;0.2982288980705554;0.38426683860792393
1597576.0;1.599110881940001E7;0.28831329914978115;0.08136980078604554;0.16629020481510584;0.5766265982995623
1591680.0;1.839218585090001E7;0.27106934795980775;0.08476008935733446;0.1912588042946235;0.5421386959196155
1587602.0;1.5729705365300022E7;0.2930148348991784;0.08710500061814115;0.16357189213193982;0.5860296697983568
1583799.0;1.4959103077500012E7;0.3200562467935459;0.08929178274782429;0.1555584633124328;0.6401124935870918
1573163.0;1.4382384937600015E7;0.3265302363908208;0.09540764252466095;0.14956121955106144;0.6530604727816416
1556158.0;1.428153498230001E7;0.3429428940754278;0.10518577297831906;0.14851248929027508;0.6858857881508555
1554347.0;2.474256251960001E7;0.2554112517593699;0.10622712518364542;0.2572958408014399;0.5108225035187398
1543026.0;2.3787777035499968E7;0.24899417962908066;0.1127368702507353;0.24736710630912825;0.4979883592581613
1540404.0;2.7849297729399994E7;0.20122488291157728;0.11424455963912057;0.28960252073080106;0.40244976582315456
1535334.0;1.3467441971200002E7;0.3316554453356549;0.11715988580201658;0.14004680407211612;0.6633108906713098
1533823.0;2.5609458230999988E7;0.22500999129665417;0.1180287335006627;0.26631061688920893;0.45001998259330833
1529847.0;2.74790270529E7;0.2068474612895888;0.12031499322919811;0.28575210689598846;0.4136949225791776
1527378.0;2.174189338519998E7;0.2523158894210454;0.12173470531917646;0.22609213313006224;0.5046317788420908
1522634.0;2.2965030524799973E7;0.24880435683879698;0.12446257658481327;0.23881143407148858;0.49760871367759396
1508786.0;2.451115954569999E7;0.23855037554921363;0.13242538461317302;0.2548895006058197;0.47710075109842726
1491904.0;8656332.845400002;0.4169800231106192;0.14213278821909223;0.09001648216307387;0.8339600462212384
1489329.0;1.2736509212200014E7;0.34505940934326895;0.14361345190143093;0.13244589536885465;0.6901188186865379
1483126.0;1.0535464396400003E7;0.39499845682243717;0.14718027008455595;0.10955741419095322;0.7899969136448743
1476530.0;8119630.375999999;0.42802732103636626;0.1509730691714321;0.08443535801657155;0.8560546420727325
1465951.0;1.0941891798299996E7;0.3871055701403129;0.15705615309199952;0.11378381879289233;0.7742111402806258
1465130.0;9152347.965399994;0.4061591582373974;0.1575282404252811;0.09517450196193374;0.8123183164747948
1455487.0;1.0058624335699998E7;0.39627309319466963;0.1630731102850062;0.10459879423198865;0.7925461863893393
1451912.0;1.1629924607700007E7;0.3650482248855162;0.16512878898961236;0.12093861450385875;0.7300964497710324
1439075.0;6724759.678099997;0.45890321162662673;0.1725102568304597;0.06993021414793744;0.9178064232532535
1433431.0;7268146.0573;0.4575562784258972;0.17575564161613721;0.07558084371411768;0.9151125568517944
1418683.0;6477227.070499998;0.46603068048026247;0.18423596316453766;0.0673561432388405;0.9320613609605249
1406339.0;7690712.542099999;0.43861622090363234;0.19133394859940717;0.07997507729097528;0.8772324418072647
1401402.0;7710730.139299998;0.4373876255438686;0.1941727977643416;0.08018323861211242;0.8747752510877372
1388339.0;6007545.185199997;0.4746644478574886;0.20168421900022138;0.06247196054791109;0.9493288957149773
1382211.0;5312639.538899995;0.48029068825038007;0.20520791105667635;0.05524569478013574;0.9605813765007601
1364082.0;5729607.738599999;0.4749452564158845;0.21563235839536307;0.05958171225788442;0.949890512831769
1347188.0;5260201.550799997;0.47773613652976243;0.2253466621815495;0.05470039652222743;0.9554722730595249
1329128.0;4968211.603399997;0.48504249506019603;0.23573143348369976;0.05166401745024012;0.9700849901203921
1312745.0;3941742.2387999985;0.4980742885337477;0.2451519045935075;0.040989848272635236;0.9961485770674954
1306992.0;4881728.7419;0.49150836836541506;0.2484599660166122;0.050764689397742355;0.9830167367308301
1290153.0;4770262.024900002;0.4961963997887999;0.2581426439765739;0.04960555631889607;0.9923927995775998
1282944.0;3340898.4804000007;0.4971203661458351;0.2622879272721;0.03474172421978657;0.9942407322916702
1264023.0;2683632.5655999994;0.49593133733899697;0.27316778650842255;0.027906870875690513;0.9918626746779939
1246040.0;2280866.5670999987;0.4935832251017753;0.2835082816538582;0.02371854090185705;0.9871664502035506
1241053.0;0.0;0.4575853933625245;0.286375881569906;0.0;0.915170786725049
1211539.0;0.0;0.45264207895528485;0.3033468749371077;0.0;0.9052841579105697
1141984.0;0.0;0.4489082852852778;0.3433420448109207;0.0;0.8978165705705556
1131771.0;0.0;0.4331869037322051;0.3492146732333382;0.0;0.8663738074644102
1100460.0;0.0;0.4208135366514658;0.3672189685955546;0.0;0.8416270733029316
1077286.0;0.0;0.41075280091913136;0.3805443667215806;0.0;0.8215056018382627
1065640.0;0.0;0.4017864193028658;0.3872409916709074;0.0;0.8035728386057316
1022661.0;0.0;0.4001324524170327;0.4119545623129404;0.0;0.8002649048340654
1004418.0;0.0;0.37687445139899817;0.42244456136416564;0.0;0.7537489027979963
1003953.0;0.0;0.37586193200176354;0.42271194334952;0.0;0.7517238640035271
944270.0;0.0;0.3568678243316654;0.45703056492350863;0.0;0.7137356486633308
897702.0;0.0;0.354538110675787;0.48380786448045954;0.0;0.709076221351574
865853.0;0.0;0.33578951374114546;0.5021215179246558;0.0;0.6715790274822909
865769.0;0.0;0.32816423252079324;0.5021698191865263;0.0;0.6563284650415865
816288.0;0.0;0.318068031760089;0.5306221375033423;0.0;0.636136063520178
796132.0;0.0;0.3097106639253946;0.5422121402921651;0.0;0.6194213278507892
757784.0;0.0;0.28464118934525384;0.5642628163660776;0.0;0.5692823786905077
728391.0;0.0;0.26980105427525586;0.5811642329155849;0.0;0.5396021085505117
690388.0;0.0;0.2636247764786637;0.6030165288068151;0.0;0.5272495529573274
629054.0;0.0;0.23741449744079052;0.6382845001825672;0.0;0.47482899488158103
602895.0;0.0;0.2280977003978485;0.6533263181500617;0.0;0.456195400795697
598384.0;0.0;0.22120992574624976;0.6559202109155101;0.0;0.4424198514924995
552727.0;0.0;0.20868586393891309;0.6821736717871755;0.0;0.41737172787782617
503172.0;0.0;0.18570794007455768;0.7106685412156393;0.0;0.37141588014911536
437660.0;0.0;0.1632103608767963;0.7483389253544249;0.0;0.3264207217535926
418569.0;0.0;0.15822024826417644;0.759316537144533;0.0;0.3164404965283529
370598.0;0.0;0.13735246445933866;0.7869005827777251;0.0;0.2747049289186773
326755.0;0.0;0.13637626833762126;0.8121109663989972;0.0;0.2727525366752425
292784.0;0.0;0.1282713759926885;0.831644801720445;0.0;0.256542751985377
280962.0;0.0;0.10758585261768949;0.8384426293136908;0.0;0.21517170523537898
240013.0;0.0;0.10553753367439027;0.8619889194605209;0.0;0.21107506734878054
239270.0;0.0;0.10114240511559196;0.8624161556220656;0.0;0.20228481023118391
212238.0;0.0;0.0975088761910511;0.8779599617039995;0.0;0.1950177523821022
173371.0;0.0;0.09455724481647429;0.9003090705744687;0.0;0.18911448963294858
165278.0;0.0;0.08739972537545024;0.9049626671496793;0.0;0.17479945075090048
