1733080.0;2.415056095629997E7;0.11777086144566884;0.0034529652087160775;0.2511396659968137;0.23554172289133768
1726322.0;2.3677911577199977E7;0.11777206460893692;0.007338916729199551;0.24622462458574415;0.23554412921787385
1719564.0;2.342103300689998E7;0.11778149520394166;0.011224868249683023;0.24355336579123354;0.2355629904078833
1715433.0;2.3170158717399996E7;0.12116213585571267;0.013600255306669886;0.24094454501120202;0.24232427171142534
1712132.0;2.1364208453900002E7;0.1654251146630826;0.015498379895174762;0.22216461907892535;0.3308502293261652
1709868.0;2.2827398923000004E7;0.12160771691725412;0.016800213905588283;0.23738021454125924;0.24321543383450825
1707910.0;2.226414726680001E7;0.1382068066443732;0.017926093319187965;0.23152300761897784;0.2764136132887464
1707793.0;2.2543282190700002E7;0.12161344340134819;0.017993370076793257;0.23442570837541735;0.24322688680269638
1707033.0;2.1003221116700005E7;0.1713229128453734;0.01843038149371652;0.21841074191402093;0.3426458256907468
1702036.0;2.1950882474900007E7;0.1454511870250161;0.021303731559987004;0.2282653932162033;0.2909023740500322
1700751.0;1.8258413795099996E7;0.19433652206791288;0.022042625863600687;0.18986771986084522;0.38867304413582576
1698884.0;1.8892497289599996E7;0.1941085444854087;0.023116178910174028;0.19646150115275685;0.3882170889708174
1697901.0;2.0754190432099994E7;0.15854740963160974;0.02368141867706294;0.21582109262734092;0.3170948192632195
1696554.0;1.7599624690799996E7;0.16908921127637883;0.0244559639120572;0.18301702699637645;0.33817842255275765
1687327.0;2.0441614085099995E7;0.1585884391238046;0.029761627522519027;0.21257063730557307;0.3171768782476092
1683008.0;1.6699228426499998E7;0.1691316081198845;0.032245117403692174;0.1736538814574281;0.338263216239769
1677855.0;1.7203819358899985E7;0.1623602593637821;0.03520816981343638;0.17890108041306543;0.3247205187275642
1672179.0;2.01485639016E7;0.14804711485379235;0.03847195507982646;0.20952323292694744;0.2960942297075847
1670234.0;1.6130603883699995E7;0.1787804784920029;0.03959035929813667;0.16774080233621078;0.3575609569840058
1667173.0;1.9753948631399974E7;0.15379332270741378;0.04135048028129735;0.20541966169584425;0.30758664541482755
1664101.0;1.6996371954299994E7;0.1625038825443403;0.043116926429702974;0.17674385218149688;0.3250077650886806
1662359.0;1.64404550303E7;0.175730321453457;0.04411860259849289;0.17096291852666537;0.351460642906914
1659185.0;1.950449923129998E7;0.15765658509024053;0.045943700279169795;0.2028256582216568;0.31531317018048105
1655919.0;1.9232902123999976E7;0.14945640235402216;0.047821699341895306;0.20000134259037822;0.2989128047080443
1655005.0;1.5820681706500001E7;0.1967828644131282;0.048347263072247765;0.16451794750448034;0.3935657288262564
1647029.0;1.5558781068000006E7;0.20219048782508636;0.052933582889853;0.16179446464227032;0.4043809756501727
1644184.0;1.50145995822E7;0.1945040786115036;0.05456950062820391;0.15613556682897492;0.3890081572230072
1640194.0;1.5325208391599996E7;0.18879241240061231;0.05686381056705107;0.1593655618915962;0.37758482480122463
1610223.0;1.3671306026299989E7;0.39265912825877;0.07409758579942902;0.14216676935156486;0.78531825651754
1606870.0;1.4208611393399999E7;0.22919863102292823;0.07602561116909179;0.14775416298088723;0.45839726204585646
1605066.0;1.4778308679099998E7;0.22065955619364544;0.07706293826926229;0.15367839746591133;0.4413191123872909
1604366.0;1.2051829727000007E7;0.3611755391845987;0.07746544878484951;0.1253259705961282;0.7223510783691974
1600465.0;1.4538886150800003E7;0.22899801051176272;0.07970858238671485;0.15118866259398953;0.45799602102352543
1597748.0;1.1622377671800006E7;0.3589135564525818;0.08127089820221553;0.12086013454785875;0.7178271129051635
1581257.0;1.1266443282900004E7;0.3578356827728754;0.09075347093442816;0.1171588025702341;0.7156713655457508
1574811.0;1.0965846413400006E7;0.36690629496723953;0.09446001776796419;0.11403292083429767;0.7338125899344791
1570427.0;1.3914452495099993E7;0.24952956521665037;0.09698088362558471;0.14469522916967142;0.49905913043330075
1566163.0;1.0595569350399999E7;0.3730428225106547;0.09943274768053316;0.11018244058680492;0.7460856450213094
1564718.0;1.0209497760299997E7;0.35577749514583773;0.10026364438770963;0.10616771437137594;0.7115549902916755
1554138.0;9824685.909699997;0.3591808324392746;0.10634730332329932;0.10216608808177666;0.7183616648785492
1519582.0;9424697.770000003;0.38090733266159504;0.12621752243277357;0.09800664482955941;0.7618146653231901
1518337.0;9146928.8052;0.3769369490104419;0.12693341613549655;0.09511814856769696;0.7538738980208838
1510071.0;1.37710881157E7;0.2790124635175524;0.13168649030955934;0.14320439496406004;0.5580249270351048
1507667.0;1.3464962635000005E7;0.28134102208456707;0.13306882642309031;0.14002102166208066;0.5626820441691341
1507267.0;1.3171815359600008E7;0.2796111850516248;0.13329883243199728;0.13697260763289737;0.5592223701032496
1499598.0;8145697.658799998;0.41323526408327255;0.1377086226377664;0.08470642951290996;0.8264705281665451
1497165.0;8908181.692199998;0.3820618985172852;0.13910763418694314;0.09263543728305977;0.7641237970345705
1480353.0;7681218.243199999;0.41646955042964395;0.14877478674130362;0.07987634686980889;0.8329391008592879
1478949.0;1.2869671551300002E7;0.28901898925670216;0.14958210783256712;0.13383063940960133;0.5780379785134043
1461059.0;8385893.294400002;0.3899173174035192;0.15986912658093191;0.08720420386306399;0.7798346348070384
1458614.0;8609251.450900003;0.384415975792993;0.16127503831037585;0.08952688667455544;0.768831951585986
1454017.0;1.24804424309E7;0.2949779821755785;0.16391838236773937;0.12978307830034308;0.589955964351157
1448329.0;7358886.9152;0.42516246683918707;0.16718906781439666;0.07652445031549251;0.8503249336783741
1425581.0;6879477.6813;0.4368994942192537;0.18026950954093676;0.07153911373903396;0.8737989884385075
1419664.0;7103643.7766;0.4342770916969432;0.1836718734276933;0.07387019823861642;0.8685541833938863
1407244.0;1.21802897966E7;0.3202672075379346;0.19081356000425512;0.1266618161291428;0.6405344150758692
1399347.0;1.1855348550999999E7;0.32521811608581924;0.1953544536351012;0.12328277925972031;0.6504362321716385
1362404.0;6500546.881599999;0.4489785357653589;0.21659723360272787;0.06759864400647733;0.8979570715307178
1348941.0;6270647.367099996;0.4740230589487431;0.22433866084751464;0.06520793815956825;0.9480461178974862
1329210.0;5604981.733899997;0.4798638096981987;0.23568428225187382;0.05828573684549089;0.9597276193963974
1278489.0;5956230.674699999;0.4592916857437706;0.2648496191963015;0.06193834523971686;0.9185833714875412
1275314.0;4763722.7127;0.4872609546759987;0.2666752918920007;0.04953755455758174;0.9745219093519975
1266610.0;2981422.4052;0.49616984557597515;0.27168022264581665;0.03100356254217869;0.9923396911519503
1251133.0;4448696.5178;0.489320247896549;0.28057973014545007;0.04626162347214685;0.978640495793098
1234616.0;4172541.8378000003;0.4920968545953016;0.29007725326824163;0.04338991402307234;0.9841937091906032
1231269.0;5061258.750299999;0.4838138667702231;0.2920018285477708;0.052631606958272945;0.9676277335404462
1231165.0;3834770.811700001;0.4919737031027443;0.2920616301100866;0.039877461337950476;0.9839474062054886
1222147.0;3232354.083899998;0.4949195323519939;0.29724711558089456;0.03361298010770725;0.9898390647039877
1221527.0;2767605.851700001;0.49587507445036055;0.2976036248947004;0.028780102063238062;0.9917501489007211
1202119.0;3512687.2967999987;0.4945815876909143;0.30876351644686717;0.03652814177136022;0.9891631753818286
1200132.0;2523052.229;0.4947830035693805;0.3099060712961126;0.026237009369270318;0.989566007138761
1198883.0;5828809.077199999;0.47923246230195937;0.31062426505892465;0.0606132986913226;0.9584649246039187
1190312.0;5333048.5238000015;0.4808159674739855;0.31555271881477903;0.05545792610927116;0.961631934947971
1188213.0;2085773.5945000006;0.49414446489826325;0.31675967534651844;0.021689785376643962;0.9882889297965265
1187910.0;0.0;0.4546053444441054;0.31693390489826545;0.0;0.9092106888882108
937298.0;0.0;0.4073092723790855;0.4610395696587573;0.0;0.814618544758171
817796.0;8666305.892;0.36196294640542914;0.529755014849763;0.09012019104158094;0.7239258928108583
813452.0;8931519.901500002;0.35534779253997456;0.5322528801064927;0.09287812937204158;0.7106955850799491
810723.0;8434440.782100001;0.3413646263354434;0.5338220961022607;0.08770904513230092;0.6827292526708868
805331.0;8173401.299600003;0.34607178172197295;0.5369225771023268;0.08499451735939927;0.6921435634439459
771619.0;7694362.085000002;0.3454414109623927;0.5563074835330073;0.08001302858273227;0.6908828219247855
756736.0;7447610.522500002;0.3292120949294783;0.5648654321094139;0.07744707969638658;0.6584241898589566
712582.0;7957327.1179;0.326651901111589;0.5902546454026112;0.08274757999339502;0.653303802223178
702424.0;7012005.243900003;0.31470001415090393;0.596095647998804;0.07291725679198256;0.6294000283018079
691621.0;6699870.628200004;0.30399553382513766;0.6023075352843593;0.06967139499710394;0.6079910676502753
685164.0;0.0;0.3402498901129089;0.6060204072831402;0.0;0.6804997802258178
670580.0;6446670.364500003;0.3010232686209817;0.6144064263678889;0.06703838660566384;0.6020465372419634
665805.0;6169467.119700002;0.2943964588884063;0.617152123099216;0.06415577321882468;0.5887929177768126
661772.0;5775138.457400004;0.30309075802700025;0.6194711586840206;0.060055182399332434;0.6061815160540005
623172.0;4896269.927900001;0.30050226416157416;0.6416667385435445;0.05091590197627607;0.6010045283231483
622151.0;5453486.1879;0.2911244981526775;0.6422538288812796;0.05671034731763319;0.582248996305355
613697.0;5204428.7868;0.2902307320328344;0.6471150058795286;0.05412042020830151;0.5804614640656688
586827.0;4690366.4756000005;0.2867340946000532;0.6625656595278552;0.048774729175702934;0.5734681892001064
548353.0;4402305.3482;0.28236343585694657;0.6846887874945733;0.04577920557470641;0.5647268717138931
541211.0;4113932.012700001;0.27037013839084906;0.6887955447836075;0.042780435347757925;0.5407402767816981
534453.0;3796476.3582000006;0.26796542703391546;0.6926814963040909;0.03947924051488459;0.5359308540678309
527695.0;3514554.8215000005;0.2623254721376451;0.6965674478245745;0.03654756200471413;0.5246509442752902
507580.0;2276318.5753;0.3309757881976907;0.7081338749974843;0.02367124671503983;0.6619515763953814
415310.0;0.0;0.22122683271539206;0.7611905111021026;0.0;0.4424536654307841
83248.0;0.0;0.09824549467442276;0.9521311494262787;0.0;0.1964909893488455
