1734806.0;2.611163738320001E7;0.09021549683687274;0.0024604892802824476;0.27153273594401195;0.1804309936737455
1734530.0;2.5802542876599986E7;0.0963882991376057;0.0026191934264282652;0.26831848798971214;0.1927765982752114
1733943.0;2.541966379789999E7;0.0963882991376057;0.0029567272444992626;0.2643369604336493;0.1927765982752114
1733023.0;2.4698907368400015E7;0.09638783419050394;0.0034857410649853228;0.25684187453079116;0.19277566838100788
1731124.0;2.4460976726700015E7;0.09638778997639211;0.004577694592271223;0.25436765366299974;0.19277557995278422
1730856.0;2.3052452003700003E7;0.11282362586743963;0.004731798618238902;0.23972052272792302;0.22564725173487926
1723896.0;2.264656975509999E7;0.12319431786432172;0.008733903173220401;0.2354997871296117;0.24638863572864345
1720627.0;1.9961958352999985E7;0.16681045512866863;0.010613627281012717;0.20758273741492356;0.33362091025733726
1720053.0;2.1807594616700012E7;0.1633482844175265;0.010943685903794237;0.22677535474815858;0.326696568835053
1718660.0;2.4176445065299995E7;0.09723266712922633;0.011744681829812803;0.2514088326841074;0.19446533425845267
1718632.0;2.2109777350099992E7;0.11378110082587514;0.011760782250436292;0.22991772775031769;0.22756220165175028
1717230.0;1.968219404119999E7;0.16148256908139655;0.012566953311655266;0.20467349170628707;0.3229651381627931
1716412.0;2.3899731761000007E7;0.09050642768913206;0.013037315599870047;0.2485313141476013;0.18101285537826411
1715704.0;2.1457618261800002E7;0.12459088759747393;0.013444426235635406;0.22313597986840272;0.24918177519494786
1715659.0;2.3364004613800004E7;0.09114202097353452;0.013470301911637441;0.2429603322951844;0.18228404194706904
1712137.0;2.125236999380001E7;0.12839538091089117;0.015495504820063424;0.22100162027463535;0.25679076182178234
1710648.0;2.0907523638900004E7;0.15552296438041247;0.016351702188219668;0.2174155918363512;0.31104592876082493
1708591.0;1.931909620989999E7;0.1927166506506542;0.017534508089023827;0.20089766768953432;0.3854333013013084
1707534.0;2.3702398885500006E7;0.09043871984236922;0.018142298967560526;0.24647926605923862;0.18087743968473843
1699180.0;1.8976251382600002E7;0.21030117135496992;0.02294597446358286;0.19733245296956756;0.42060234270993985
1695898.0;2.06105687959E7;0.1263924198820951;0.024833173766664655;0.21432758322975595;0.2527848397641902
1691704.0;2.027992742649998E7;0.14243728971405223;0.027244786770054367;0.21088927124909002;0.28487457942810446
1690063.0;1.8581735230599996E7;0.17914180755990397;0.028188386421595265;0.19322991246034665;0.35828361511980794
1683683.0;1.81021478546E7;0.20450246452298204;0.03185698226366164;0.18824272339907114;0.4090049290459641
1667953.0;1.76087996592E7;0.20207928127338215;0.040901968563928734;0.18311243672634828;0.4041585625467643
1663882.0;1.7290258462800004E7;0.2014158498117875;0.043242854719579546;0.1797999534339363;0.402831699623575
1649324.0;1.6764101498800008E7;0.20604759941615916;0.05161392341374919;0.17432849111718265;0.4120951988323183
1638967.0;1.6518437547400001E7;0.19918127820106155;0.057569353999373234;0.17177385220781352;0.3983625564021231
1636661.0;1.6230814707099998E7;0.2215824955147755;0.05889533864072199;0.1687828863177581;0.443164991029551
1624648.0;1.6038300245500002E7;0.20012033029833018;0.06580299410322095;0.16678094451304123;0.40024066059666036
1623502.0;1.57987440276E7;0.20742567160720524;0.06646196131873945;0.16428981941413656;0.4148513432144105
1616613.0;1.697706733880001E7;0.17649843381400063;0.07042323980713996;0.17654310509750015;0.35299686762800125
1608323.0;1.5436822411500007E7;0.20098926314403442;0.07519011434173718;0.16052622676099496;0.40197852628806885
1603219.0;1.51301611932E7;0.1974871799214436;0.07812499101539028;0.15733728236846523;0.3949743598428872
1601635.0;1.48449538947E7;0.21303144921901768;0.07903581481066192;0.1543714354958087;0.42606289843803535
1598390.0;1.45405732929E7;0.22602388275151145;0.08090173855791982;0.15120620704375404;0.4520477655030229
1596004.0;1.4320776784599997E7;0.20372519464411112;0.08227372440104998;0.1489205615143764;0.40745038928822225
1589528.0;1.4120664365400005E7;0.2287239442806575;0.08599752168525403;0.14683960918326336;0.457447888561315
1585968.0;1.3913461492400005E7;0.2196819737255841;0.08804457516452617;0.14468492381537645;0.4393639474511682
1582770.0;1.3710897563600006E7;0.22879018551666008;0.0898834732057375;0.1425784784407168;0.45758037103332017
1557354.0;1.1573545360299993E7;0.37316014567956146;0.10449805501168719;0.12035233141971789;0.7463202913591229
1545003.0;1.0865826351299994E7;0.3903083523663775;0.11160006555171254;0.11299282056357395;0.780616704732755
1539820.0;1.3340660906200001E7;0.27668463835973367;0.11458036841212477;0.13872841836768324;0.5533692767194673
1534596.0;1.3150328485400006E7;0.2583777818160307;0.11758424688844996;0.13674916742297147;0.5167555636320614
1534180.0;1.2805152274200004E7;0.27742388368955717;0.11782345313771322;0.13315970883657782;0.5548477673791143
1533299.0;1.0345867668499993E7;0.38592182915635853;0.11833004137233086;0.10758581365525319;0.7718436583127171
1530776.0;1.0553362752499996E7;0.3787826196994119;0.11978080427351165;0.10974353770091963;0.7575652393988238
1527802.0;1.12455885192E7;0.37786135147759986;0.12149089894973507;0.1169419356245951;0.7557227029551997
1517920.0;9641389.203499993;0.37784738132466805;0.12717319739978206;0.10026000094547033;0.7556947626493361
1505268.0;9303227.79189999;0.37583214885080307;0.13444828746150994;0.09674348867414433;0.7516642977016061
1502564.0;9884495.897799991;0.3657579067726959;0.13600312808172113;0.10278804715187385;0.7315158135453917
1501649.0;1.2350643772500012E7;0.306273341059319;0.13652926682709585;0.12843331289421475;0.612546682118638
1496341.0;8902155.0745;0.38984555802548193;0.1395814465652915;0.09257276698902368;0.7796911160509639
1495967.0;8703543.226300003;0.3926711382321454;0.13979650218361955;0.0905074189703912;0.7853422764642908
1480085.0;1.1853673556100003E7;0.3163264098608177;0.14892889076727128;0.12326536112767392;0.6326528197216355
1474036.0;8367158.9595;0.3951627528541421;0.15240715663696713;0.08700938707938875;0.7903255057082842
1464619.0;7542341.830700001;0.42685993592431987;0.15782207310165977;0.07843218265709369;0.8537198718486397
1464527.0;7763778.4153999975;0.4231928464649248;0.15787497448370838;0.08073488320395306;0.8463856929298496
1450553.0;7328356.505900003;0.43161536011580104;0.16591023440487382;0.07620696713950248;0.8632307202316021
1448636.0;7101229.620400006;0.4361921597514299;0.16701253820256054;0.07384509362995627;0.8723843195028598
1407329.0;8020121.938599997;0.41985472884478026;0.19076468372736238;0.08340057808836528;0.8397094576895605
1395705.0;6915645.604099999;0.45015800083372487;0.1974486583461993;0.07191522094698768;0.9003160016674497
1382331.0;6368275.663700001;0.45500323579709157;0.20513890925400427;0.06622316666065065;0.9100064715941831
1381263.0;6660424.015999998;0.45357937128070114;0.2057530252977859;0.06926119297196087;0.9071587425614023
1344545.0;5905980.383300004;0.485151207834185;0.22686642688540237;0.06141579665704531;0.97030241566837
1331783.0;5364109.948900004;0.4818751120046256;0.23420476859957967;0.0557809312742077;0.9637502240092513
1299288.0;4577950.548800002;0.49331059262828786;0.2528898817481607;0.04760572534343753;0.9866211852565757
1275526.0;4339125.142900001;0.49097056390391325;0.26655338870727996;0.04512219989747337;0.9819411278078265
1274838.0;4088515.5372000015;0.49336017934772836;0.2669489990426;0.042516131542167816;0.9867203586954567
1250390.0;3822510.7675000005;0.49385940678146456;0.2810069663069948;0.03974997016244256;0.9877188135629291
1238867.0;3310149.4313000008;0.49647746198033693;0.28763286440858266;0.03442196742678011;0.9929549239606739
1233707.0;2774820.7812000024;0.4966386763411244;0.29059994192348276;0.028855129512418212;0.9932773526822488
1226182.0;4828765.206000002;0.4856750952274267;0.29492692996604536;0.05021392601216286;0.9713501904548534
1225800.0;3022032.5259000002;0.4962331702591084;0.29514658570455155;0.03142586379502093;0.9924663405182168
1223220.0;2474183.9476000015;0.4959622088864364;0.29663012446200154;0.025728832193144213;0.9919244177728728
1221061.0;3613114.7204999994;0.49449354430956527;0.297871581895077;0.03757247816133377;0.9889870886191305
1205433.0;2263670.272800001;0.4948662367951042;0.3068579166630728;0.02353971807390291;0.9897324735902084
1200509.0;0.0;0.45902182400678704;0.3096892906327178;0.0;0.9180436480135741
973822.0;0.0;0.42820144957473744;0.44003772098546073;0.0;0.8564028991494749
821107.0;9790285.9458;0.37301845490617036;0.5278511401110354;0.10180836573073976;0.7460369098123407
818829.0;9290161.090400001;0.3713081204722946;0.5291610243317607;0.09660760913675695;0.7426162409445892
816124.0;8420661.3734;0.37370706943236975;0.5307164399669941;0.08756575421227576;0.7474141388647395
812071.0;9027781.5417;0.36631351999762135;0.5330469758522441;0.09387914612738227;0.7326270399952427
805333.0;8201624.0095;0.37593622999284354;0.5369214270722823;0.08528800296209957;0.7518724599856871
798009.0;8763259.436;0.357310413537776;0.5411328370953691;0.0911284028467405;0.714620827075552
750514.0;7308937.563800001;0.36057204923946373;0.568443175577962;0.07600503118274228;0.7211440984789275
742116.0;7064462.264;0.34968258457489493;0.573272151734964;0.07346275296206904;0.6993651691497899
735657.0;0.0;0.3685289817548441;0.5769861737637896;0.0;0.7370579635096882
722224.0;7678662.050000002;0.3434321596780592;0.5847103505579083;0.0798497652302506;0.6868643193561184
713930.0;8005721.504100004;0.33974713043097293;0.5894795251525946;0.08325082917292263;0.6794942608619459
706553.0;6869757.449400001;0.3423155619273481;0.5937214109718616;0.07143803385947363;0.6846311238546962
692608.0;6544417.7804;0.3453761248773159;0.6017399954573813;0.06805485381839635;0.6907522497546318
692408.0;6206745.962700001;0.33235715532012877;0.6018549984618348;0.06454343279313884;0.6647143106402575
644050.0;5471900.517100001;0.3300113048420973;0.6296615749086445;0.05690183638876539;0.6600226096841946
637292.0;5128530.515800001;0.3275539169283038;0.6335475264291279;0.05333116042824232;0.6551078338566076
610792.0;5817215.745999999;0.3105010888660769;0.6487854245192156;0.06049274060860863;0.6210021777321538
600673.0;4773034.003700001;0.31103240234410795;0.65460400152954;0.04963438189488338;0.6220648046882159
466113.0;0.0;0.2560452941019654;0.7319780229258489;0.0;0.5120905882039308
231812.0;0.0;0.21344391886611147;0.8667046176581363;0.0;0.42688783773222294
15108.0;0.0;0.10763778598956733;0.9913126730435833;0.0;0.21527557197913466
