1733169.0;3.1600169558399957E7;0.12209756455256689;0.003401788871734274;0.3286075235560534;0.24419512910513377
1733135.0;3.1764443068799954E7;0.12209733915406479;0.0034213393824913674;0.33031579006831496;0.24419467830812958
1731046.0;3.109923782369997E7;0.13157223428206968;0.004622545764008085;0.32339837629163165;0.26314446856413937
1729985.0;2.919626983459998E7;0.1571796363591629;0.005232636702633856;0.3036095711350984;0.3143592727183258
1727886.0;2.9950334196699984E7;0.14931475292284158;0.006439593234373248;0.3114510234467266;0.29862950584568315
1726931.0;2.835219713079996E7;0.16343355936292783;0.006988732580638669;0.29483212959686916;0.32686711872585567
1725770.0;2.8885817308599964E7;0.1597181572612217;0.007656325021491187;0.3003812012504986;0.3194363145224434
1720464.0;3.067896499549997E7;0.14223524736582868;0.010707354729642312;0.31902799425815964;0.28447049473165736
1716552.0;2.7622829408699974E7;0.1750795141094121;0.012956813496752602;0.2872474955815974;0.3501590282188242
1715998.0;2.7736065585799973E7;0.15650872544938738;0.013275371819088774;0.2884250291282139;0.31301745089877475
1713802.0;2.701564412839999E7;0.21153110046762783;0.014538104807988108;0.28093342657224213;0.42306220093525565
1713659.0;2.6178222771599993E7;0.17969847228220287;0.014620331956172355;0.27222515183585394;0.35939694456440574
1695995.0;2.5698270532699984E7;0.2624862057343431;0.02477739730950471;0.26723416859575955;0.5249724114686862
1689718.0;2.394570082279998E7;0.21170924112158654;0.028386766604277535;0.2490093425812895;0.4234184822431731
1680896.0;2.1480974115199976E7;0.29150896189844266;0.03345954913072104;0.22337885543690622;0.5830179237968853
1678867.0;2.1184962342799976E7;0.29312440068425216;0.034626254610901706;0.22030065374270216;0.5862488013685043
1670039.0;2.0581093372400004E7;0.2979415805738294;0.039702487227478815;0.2140210707629732;0.5958831611476588
1663779.0;2.3687602030499984E7;0.2655258444272125;0.0433020812668731;0.2463253948001307;0.531051688854425
1663183.0;1.9407888595100008E7;0.3035377709604264;0.0436447902201445;0.20182101228606533;0.6070755419208528
1652910.0;2.2261339752899986E7;0.2716599831914821;0.049551919543898086;0.23149381251645376;0.5433199663829642
1652615.0;1.900195881809996E7;0.2858101823591281;0.04972154897546698;0.19759978244389226;0.5716203647182562
1652258.0;1.7916165550700005E7;0.3331617881637395;0.04992682933841647;0.18630870895662072;0.666323576327479
1651291.0;1.8852570147699982E7;0.28022861385936454;0.0504828688649491;0.19604630213940386;0.5604572277187291
1647088.0;2.2807832038599987E7;0.232957712101356;0.05289965700353922;0.23717674014487936;0.465915424202712
1637837.0;1.710987492950001E7;0.3271867635217442;0.05821912097453546;0.17792416013926882;0.6543735270434884
1635800.0;1.69007782709E7;0.3342188220990252;0.05939042657489427;0.17574978145312248;0.6684376441980504
1628350.0;2.3083413019799985E7;0.22631504428628305;0.06367428849078682;0.2400424837480559;0.4526300885725661
1618202.0;1.494193565480001E7;0.30018813054306076;0.06950954093675697;0.15537994071783529;0.6003762610861215
1612827.0;2.0158788432299994E7;0.25648998808549883;0.07260024668144455;0.20962955696760294;0.5129799761709977
1603900.0;1.4778530346900009E7;0.32396134064937443;0.07773340578522614;0.1536807025708469;0.6479226812987489
1603690.0;1.5483271893500004E7;0.2957099274036241;0.0778541589399023;0.1610092510442119;0.5914198548072482
1583709.0;2.063057209729999E7;0.24856714319348683;0.08934353409982836;0.214535595890063;0.49713428638697366
1578405.0;1.7699709145299993E7;0.26023063586900597;0.09239341377793495;0.1840577968782887;0.5204612717380119
1560687.0;1.29567840869E7;0.31990505363598465;0.10258152994246975;0.13473651539046594;0.6398101072719693
1544506.0;1.40966156585E7;0.30770394236958465;0.11188584801777947;0.1465895286890897;0.6154078847391693
1524133.0;1.3658595337500008E7;0.3159527866376619;0.12360062906643436;0.1420345919605058;0.6319055732753238
1518588.0;1.251341129640001E7;0.3529977541561706;0.1267890873649074;0.13012591877866359;0.7059955083123411
1500409.0;7567833.082899999;0.43299824277004473;0.1372422854547075;0.07869726405934072;0.8659964855400895
1499549.0;7769506.9696;0.4287587969671241;0.13773679837385752;0.08079445396055107;0.8575175939342482
1485123.0;9439755.3864;0.41140293828735447;0.14603196508508784;0.09816322772468328;0.8228058765747089
1482536.0;1.1626917520900005E7;0.36268057825307626;0.14751952894769377;0.12090734405941887;0.7253611565061525
1465416.0;9230912.5333;0.4097163629785973;0.1573637861289126;0.09599148834073022;0.8194327259571946
1464275.0;1.2049295324900014E7;0.3597047388203725;0.1580198782693198;0.1252996155603986;0.719409477640745
1459411.0;1.0609970004200006E7;0.3939060483408738;0.16081675133762868;0.11033219178273009;0.7878120966817476
1448245.0;5968504.296099996;0.46640658301256677;0.16723736907626713;0.062065977603393385;0.9328131660251335
1443713.0;8596049.504000003;0.4166618665023409;0.16984333715718322;0.08938960073155092;0.8333237330046818
1431126.0;5245660.3873999985;0.4765340213851254;0.1770810512424637;0.05454918417870926;0.9530680427702508
1422805.0;1.0163410307000011E7;0.3937609776969695;0.18186575124275123;0.10568845479436877;0.787521955393939
1408795.0;4796192.9348;0.4865537668256701;0.18992171170471828;0.04987520968483911;0.9731075336513402
1387896.0;5064764.596699997;0.48310657813665264;0.20193895065508585;0.052668063962129905;0.9662131562733053
1374556.0;4556390.4637;0.4913971559550558;0.20960965105213375;0.04738152381947811;0.9827943119101116
1353529.0;4026683.7646000003;0.49767917389162586;0.22170049192535154;0.04187314810394236;0.9953583477832517
1345835.0;3789255.5911000003;0.4981706578439098;0.22612465750667737;0.039404152360989694;0.9963413156878196
1339330.0;3174805.4449;0.49867474706275394;0.22986513022652716;0.03301453661800186;0.9973494941255079
1332751.0;3193980.164800001;0.4980198362288673;0.23364815405802478;0.03321393292850506;0.9960396724577346
1311903.0;2361925.7752;0.49703772757606124;0.2456360672422567;0.02456146883570656;0.9940754551521225
1307019.0;2490186.8221;0.49597754445623393;0.24844444061101095;0.025895244748289033;0.9919550889124679
1280562.0;2382501.5001999997;0.4949560069891939;0.26365761305514107;0.02477543408121338;0.9899120139783878
1278491.0;0.0;0.45660254695399793;0.264848469166257;0.0;0.9132050939079959
1255150.0;0.0;0.45522998189981306;0.27826989480100167;0.0;0.9104599637996261
1228097.0;0.0;0.44496918203556995;0.29382577619840317;0.0;0.8899383640711399
1215202.0;0.0;0.44309685464147214;0.30124059491054206;0.0;0.8861937092829443
1174177.0;0.0;0.43787149935558844;0.32483058619906446;0.0;0.8757429987111769
1140040.0;0.0;0.42653166491788935;0.34445987401420863;0.0;0.8530633298357787
1136051.0;0.0;0.4211738506411607;0.34675360893803353;0.0;0.8423477012823214
1102866.0;0.0;0.40826054855877675;0.36583548245197905;0.0;0.8165210971175535
1093893.0;0.0;0.40665685344409397;0.37099509224678495;0.0;0.8133137068881879
1064640.0;0.0;0.3953484300703009;0.38781600669317484;0.0;0.7906968601406018
1034303.0;0.0;0.3812901983999816;0.4052602374237027;0.0;0.7625803967999631
993663.0;0.0;0.37127553213846176;0.42862884792865213;0.0;0.7425510642769235
972189.0;0.0;0.3673935585924956;0.4409767205168235;0.0;0.7347871171849912
954731.0;0.0;0.3603844298624709;0.45101533277556877;0.0;0.7207688597249418
923055.0;0.0;0.34487520139296257;0.4692295086209127;0.0;0.6897504027859251
865724.0;0.0;0.3435846238253292;0.5021956948625282;0.0;0.6871692476506585
839643.0;0.0;0.3155017630905424;0.5171926616582858;0.0;0.6310035261810848
814065.0;0.0;0.3102334579382869;0.5319003958978429;0.0;0.6204669158765738
785335.0;0.0;0.29032531074356954;0.5484205774875869;0.0;0.5806506214871391
750689.0;0.0;0.28160764042898134;0.5683425479490651;0.0;0.5632152808579627
706600.0;0.0;0.2677976185654724;0.5936943852658151;0.0;0.5355952371309448
667280.0;0.0;0.24508539825779976;0.6163039759413714;0.0;0.4901707965155995
635651.0;0.0;0.22618834156887263;0.6344911260806688;0.0;0.45237668313774526
603864.0;0.0;0.22059484667129614;0.6527691285934845;0.0;0.4411896933425923
583773.0;0.0;0.2061720160915178;0.66432175540586;0.0;0.4123440321830356
563976.0;0.0;0.20100061578526712;0.6757053278016888;0.0;0.40200123157053425
557162.0;0.0;0.1983510266684601;0.6796234801634192;0.0;0.3967020533369202
555705.0;0.0;0.19013753997888613;0.6804612770508629;0.0;0.38027507995777227
483774.0;0.0;0.1728008742158666;0.7218226826175834;0.0;0.3456017484317332
483245.0;0.0;0.16962639107456542;0.7221268655643629;0.0;0.33925278214913085
436643.0;0.0;0.16690031139552722;0.7489237156320709;0.0;0.33380062279105444
420468.0;0.0;0.15300012282442801;0.758224583617247;0.0;0.30600024564885603
393308.0;0.0;0.14015243232224098;0.7738419916220312;0.0;0.28030486464448195
380030.0;0.0;0.12646579733800523;0.7814770410876984;0.0;0.25293159467601045
323290.0;0.0;0.12128164793315165;0.8141033934511539;0.0;0.2425632958663033
317165.0;0.0;0.11159900034736493;0.8176253604625421;0.0;0.22319800069472986
290133.0;0.0;0.10951421506159535;0.8331691665444759;0.0;0.2190284301231907
258278.0;0.0;0.10912883146802305;0.8514862700788058;0.0;0.2182576629360461
251588.0;0.0;0.10380333794323772;0.8553331205777751;0.0;0.20760667588647544
231314.0;0.0;0.10049574286226634;0.8669909751392255;0.0;0.20099148572453268
211040.0;0.0;0.09798922873944423;0.8786488297006759;0.0;0.19597845747888845
184008.0;0.0;0.09593709506684384;0.8941926357826098;0.0;0.19187419013368767
