1728645.0;3.399910753230001E7;0.15480472918252347;0.006003156832472248;0.3535538791542728;0.30960945836504694
1727609.0;3.3350629538100008E7;0.159018146197343;0.006598872395541334;0.3468104106624078;0.318036292394686
1716289.0;3.3270807476600017E7;0.16870422055077333;0.013108042447608943;0.3459803477127083;0.33740844110154666
1707663.0;3.2680985719800007E7;0.1735828130082392;0.018068122029688025;0.3398468405337884;0.3471656260164784
1707373.0;3.4364537585800014E7;0.14887900209968458;0.01823487638614559;0.357353955754864;0.29775800419936915
1704505.0;3.003934944220001E7;0.21978212284753315;0.019884019470008653;0.312376685548901;0.4395642456950663
1701463.0;3.563415721469998E7;0.14159599525143904;0.02163321516774626;0.37055662421966257;0.2831919905028781
1697404.0;3.2316415577800002E7;0.1522250760631631;0.023967201143129863;0.33605570608105395;0.3044501521263262
1692167.0;3.0759659159399997E7;0.21194713637002394;0.026978554814744534;0.31986712612786716;0.4238942727400479
1679940.0;2.9050985368399993E7;0.22688734390286772;0.03400926349200873;0.302098770107246;0.45377468780573543
1675893.0;2.9850031261500005E7;0.20586111052967737;0.036336349287125126;0.31040798160226574;0.41172222105935474
1674377.0;2.6042228203900017E7;0.24263462158840543;0.03720807206088259;0.2708109556864828;0.48526924317681086
1673241.0;2.8431679046400014E7;0.22229326276630512;0.03786128912617842;0.2956586553977689;0.44458652553261024
1671344.0;2.4122855534599982E7;0.28791823348647216;0.03895209262341979;0.2508515596308942;0.5758364669729443
1668768.0;2.7090267229900014E7;0.239600120894562;0.04043333132078075;0.2817094259711908;0.479200241789124
1667914.0;3.09952362976E7;0.1758328913021124;0.040924394149797164;0.32231687310935914;0.3516657826042248
1663901.0;2.2436365942699984E7;0.3109171573035428;0.04323192943415647;0.23331389524358395;0.6218343146070856
1661330.0;2.7985565074600004E7;0.1946045720038724;0.0447102930564061;0.2910195534706089;0.3892091440077448
1657641.0;2.551553884220002E7;0.24685632245735334;0.04683152347355075;0.26533395701052;0.4937126449147067
1650623.0;2.51556888597E7;0.27308553266749547;0.05086697889982376;0.26159190710213315;0.5461710653349909
1646128.0;2.486791236490001E7;0.26560860490501753;0.05345167142491598;0.2585993433717677;0.5312172098100351
1642740.0;2.2271892571999993E7;0.3007573206937426;0.055399822320358116;0.23160355040075783;0.6015146413874852
1641719.0;2.1522193850199994E7;0.2960852427374658;0.05598691265809319;0.22380749601793096;0.5921704854749316
1635330.0;2.392919456839999E7;0.2797599719926103;0.05966068363535997;0.24883769542061393;0.5595199439852206
1632750.0;2.3509142313499987E7;0.28347980155875824;0.06114422239281001;0.24446960711046323;0.5669596031175165
1628236.0;2.1222811028499976E7;0.25697121654432503;0.06373984020332531;0.22069423906365251;0.5139424330886501
1621127.0;2.024251075109998E7;0.25461253293796776;0.06782762199662466;0.2105001783671619;0.5092250658759355
1619301.0;1.96363065021E7;0.2743557639881946;0.06887759942728504;0.20419631102034605;0.5487115279763892
1613793.0;1.8006620742100008E7;0.3355010715042149;0.0720447821699342;0.1872493449359249;0.6710021430084298
1597526.0;1.4642719901000017E7;0.30159254544214437;0.08139855153715891;0.15226842108869337;0.6031850908842887
1595773.0;1.5168776002200015E7;0.2937828454001555;0.08240655287119376;0.15773883454161527;0.587565690800311
1588838.0;1.929472402849999E7;0.23764911841666828;0.08639428205061857;0.20064422341105626;0.47529823683333655
1574329.0;1.3657896331000015E7;0.3108918450547148;0.0947371750086971;0.14202732305030302;0.6217836901094296
1572809.0;1.5487958884200001E7;0.28937296964936426;0.09561119784254364;0.1610579906689791;0.5787459392987285
1563457.0;1.3192463608300008E7;0.3329918189248446;0.10098873833078889;0.13718732704630232;0.6659836378496892
1561714.0;1.6693136747299993E7;0.2527981846282308;0.10199098951460107;0.17359053459428825;0.5055963692564616
1500443.0;1.048819802240001E7;0.41651316195312493;0.1372227349439504;0.10906589511606639;0.8330263239062499
1499353.0;1.1503992805600012E7;0.38218216914270875;0.13784950131822193;0.11962906021338089;0.7643643382854175
1496713.0;8514094.784900004;0.43267817958323246;0.13936754097700801;0.08853736045361786;0.8653563591664649
1496563.0;1.2288088474200003E7;0.3671538166241343;0.13945379323034815;0.12778280557267374;0.7343076332482686
1495452.0;1.134947060450001E7;0.38599590223947267;0.14009263492008728;0.1180221967519662;0.7719918044789453
1490972.0;9618783.046700006;0.42729470304056955;0.14266870221984548;0.1000249214092851;0.8545894060811391
1482785.0;1.064798482250001E7;0.38643176948177715;0.14737635020714915;0.11072750470271019;0.7728635389635543
1481783.0;9656123.831500005;0.4062298551270215;0.14795251525946115;0.10041322511120322;0.812459710254043
1480176.0;1.1968818664200002E7;0.3754395082885617;0.14887656440024497;0.12446274548829918;0.7508790165771234
1472067.0;9201667.540300012;0.4150252852591721;0.15353936121581177;0.0956873721014683;0.8300505705183442
1462378.0;9906423.876100006;0.3958541502015418;0.15911068176656115;0.10301607436648869;0.7917083004030836
1461174.0;7508385.127800003;0.43461343672508607;0.15980299985337118;0.07807906974016851;0.8692268734501721
1437366.0;6085661.8888;0.4606695765215579;0.1734929575035148;0.06328428962326364;0.9213391530431158
1431299.0;6486418.042899995;0.45966007464430597;0.17698157364361145;0.06745171939307136;0.9193201492886119
1428916.0;5975902.6674999995;0.4647038215041628;0.1783518344416748;0.06214291264956806;0.9294076430083256
1408946.0;5645546.401999999;0.47199577337944115;0.1898348844363559;0.05870756544054258;0.9439915467588823
1397780.0;7456005.971599998;0.44459946708543463;0.19625550217499432;0.07753438327027379;0.8891989341708693
1396371.0;5438886.864299998;0.4773040289154996;0.19706569834136917;0.056558530171053514;0.9546080578309992
1376743.0;5207707.354699999;0.4825418348154483;0.2083520931984348;0.05415451376202242;0.9650836696308966
1348873.0;4787742.435600003;0.49694847308811735;0.22437776186902883;0.049787333649560526;0.9938969461762347
1316193.0;3660181.895800002;0.49834777875202396;0.24316925279672932;0.03806192578557923;0.9966955575040479
1285040.0;3210597.954500002;0.49610729781726987;0.2610826957854274;0.03338673993544851;0.9922145956345397
1269914.0;2771011.711600001;0.49554953343240965;0.26978037301224495;0.028815519315833794;0.9910990668648193
1245847.0;2345400.812;0.49381229268095544;0.2836192595531558;0.024389627123782467;0.9876245853619109
1243029.0;2045111.6212999995;0.492786116594087;0.2852396518859055;0.021266944913985647;0.985572233188174
1238683.0;2014382.9339999994;0.49289624114247005;0.2877386671726799;0.020947399861636483;0.9857924822849401
1237566.0;0.0;0.45680127801013576;0.2883809589525526;0.0;0.9136025560202715
1214523.0;0.0;0.4499980212782825;0.30163103011066167;0.0;0.899996042556565
1145101.0;0.0;0.4332851251715747;0.34154972298651304;0.0;0.8665702503431494
1095699.0;0.0;0.40835506360396806;0.3699566151165699;0.0;0.8167101272079361
1056665.0;0.0;0.388629041643595;0.39240175149575784;0.0;0.77725808328719
1003252.0;0.0;0.37282575021668635;0.4231150288801295;0.0;0.7456515004333727
979038.0;0.0;0.3634511047336658;0.4370384426293137;0.0;0.7269022094673316
952736.0;0.0;0.3534922210832859;0.45216248774499235;0.0;0.7069844421665717
935175.0;0.0;0.34509461183053747;0.46226032655103116;0.0;0.6901892236610749
907674.0;0.0;0.33807335304188624;0.4780738146784085;0.0;0.6761467060837725
871546.0;0.0;0.3303279417916272;0.4988479574028872;0.0;0.6606558835832544
842380.0;0.0;0.32226813828606854;0.5156188455423398;0.0;0.6445362765721371
815825.0;0.0;0.31768472687481986;0.5308883694586521;0.0;0.6353694537496397
792481.0;0.0;0.30740578320273865;0.5443115201384636;0.0;0.6148115664054773
750367.0;0.0;0.2946372653453832;0.5685277027862353;0.0;0.5892745306907664
718885.0;0.0;0.27990283662157;0.5866303257172594;0.0;0.55980567324314
694490.0;0.0;0.2635385199286442;0.600657817185474;0.0;0.5270770398572884
653690.0;0.0;0.25875444119637125;0.6241184300939862;0.0;0.5175088823927425
618707.0;0.0;0.24714643767422365;0.6442341806179687;0.0;0.4942928753484473
582258.0;0.0;0.23459789019011487;0.6651929031645952;0.0;0.46919578038022974
563301.0;0.0;0.2274052733725089;0.6760934629417193;0.0;0.4548105467450178
548649.0;0.0;0.21949600208301992;0.6845185830479821;0.0;0.43899200416603984
511760.0;0.0;0.19738996784554888;0.7057303122044063;0.0;0.39477993569109776
481297.0;0.0;0.1875244877479253;0.7232469948277399;0.0;0.3750489754958506
464587.0;0.0;0.18066297778560444;0.7328554958498291;0.0;0.3613259555712089
433899.0;0.0;0.16673764716873943;0.7505015568531728;0.0;0.33347529433747886
407635.0;0.0;0.15935827981280798;0.7656037513980053;0.0;0.31871655962561596
366458.0;0.0;0.14793803579227707;0.7892811449699123;0.0;0.29587607158455415
349785.0;0.0;0.12647600468188325;0.7988683704361776;0.0;0.2529520093637665
323490.0;0.0;0.12219579599041493;0.8139883904467005;0.0;0.24439159198082985
322970.0;0.0;0.11750988507007983;0.8142873982582794;0.0;0.23501977014015965
289180.0;0.0;0.11206407073213345;0.8337171558606968;0.0;0.2241281414642669
251215.0;0.0;0.11063568018035926;0.8555476011810809;0.0;0.2212713603607185
228358.0;0.0;0.10221318358013158;0.8686907195450481;0.0;0.20442636716026316
201326.0;0.0;0.09956886938406993;0.884234525626982;0.0;0.19913773876813987
160778.0;0.0;0.09459185502403342;0.9075502347498828;0.0;0.18918371004806683
126988.0;0.0;0.09027741345934655;0.9269799923523002;0.0;0.1805548269186931
86440.0;0.0;0.0870766582569309;0.950295701475201;0.0;0.1741533165138618
