1737393.0;3.3177700702099994E7;0.07633679060304645;9.729254176765368E-4;0.34501213814224374;0.1526735812060929
1734986.0;3.2907217999299996E7;0.07645357183096389;0.0023569865762743053;0.3421994111102703;0.15290714366192779
1726514.0;3.240297307749998E7;0.09673259770113424;0.007228513844924199;0.33695581028995847;0.19346519540226848
1724619.0;2.957797451419997E7;0.14411010430033216;0.00831816731212103;0.3075788862130223;0.28822020860066433
1717130.0;2.9328380932299968E7;0.15167386144106498;0.012624454813882012;0.30498338340434067;0.30334772288212997
1716487.0;3.194810147029999E7;0.08372779242232908;0.012994189473199988;0.3322256384438325;0.16745558484465817
1714411.0;2.133972157189999E7;0.18882889515985443;0.014187920659427228;0.22190998203848916;0.37765779031970886
1713116.0;2.2682940914599996E7;0.18517892773844818;0.014932565113263584;0.23587800777903167;0.37035785547689637
1710120.0;2.204248923959998E7;0.17644487308921045;0.016655310119976886;0.2292180043100586;0.3528897461784209
1709106.0;1.974636446590001E7;0.20022272509029654;0.017238375352556085;0.20534079459234417;0.4004454501805931
1708204.0;1.9440240351199992E7;0.19889242560465756;0.017757038902641333;0.20215743549528445;0.3977848512093151
1707955.0;2.0657089749300007E7;0.18251385471129383;0.017900217643185928;0.21481135073809135;0.36502770942258767
1707786.0;2.0194064500700008E7;0.18809262080499992;0.01799739518194913;0.2099963898561512;0.37618524160999983
1707696.0;2.1731485244999997E7;0.17631951600139448;0.0180491465339532;0.22598389974955396;0.35263903200278895
1707152.0;2.9089276481199972E7;0.1753877203120764;0.018361954706066694;0.3024969561906514;0.3507754406241528
1706577.0;2.09565039733E7;0.18213478227971172;0.018692588343870484;0.21792493424226406;0.36426956455942344
1704422.0;2.8866485801799987E7;0.12337925583863492;0.019931745716856852;0.30018017452611956;0.24675851167726984
1695651.0;3.1752787706999987E7;0.07702701080649559;0.024975202477164716;0.3301945869345736;0.15405402161299117
1693909.0;3.1406414247599993E7;0.08419553232167262;0.025976878645954625;0.3265926782641589;0.16839106464334525
1692582.0;2.6659281557399992E7;0.15207724885540802;0.02673992358050354;0.27722764196472727;0.30415449771081604
1686187.0;2.634027649699999E7;0.15921871285121017;0.030417144647903925;0.27391033498932754;0.31843742570242034
1686148.0;1.87333150675E7;0.20899269187706615;0.030439570233772358;0.1948061785222324;0.4179853837541323
1684531.0;2.8283987377999995E7;0.10825862961829504;0.03136936952477883;0.29412282207532114;0.21651725923659007
1681170.0;2.5999471315600008E7;0.16431436794437426;0.03330199501461976;0.27036633037669566;0.3286287358887485
1680802.0;2.69143403585E7;0.1475400604104457;0.03351360054281418;0.2798799771313394;0.2950801208208914
1680754.0;1.83682954949E7;0.20152590284531874;0.03354120126388302;0.19101037047823122;0.4030518056906375
1679734.0;2.5667310806600004E7;0.16762878345227342;0.03412771658659582;0.26691222099022893;0.33525756690454683
1679684.0;1.9200439185699984E7;0.18683996251682664;0.0341564673377092;0.1996637632067487;0.37367992503365327
1675843.0;1.7982780653399996E7;0.20271027907029293;0.0363651000382385;0.18700143384498633;0.40542055814058586
1670855.0;1.754870151199999E7;0.19750622660258696;0.039233274969308576;0.18248748111384103;0.3950124532051739
1664906.0;3.0145827087299988E7;0.06911433416799119;0.04265403933677767;0.31348393768581506;0.13822866833598238
1663932.0;2.7741678168999996E7;0.12645450015635679;0.04321410396846618;0.2884833939120706;0.25290900031271357
1660980.0;1.7335741783300005E7;0.23402090417320626;0.04491154831419971;0.1802729306844219;0.4680418083464125
1660439.0;1.7091804048199996E7;0.20523497036768257;0.0452226314412464;0.17773624255415907;0.41046994073536514
1654348.0;2.7249204743399985E7;0.10496948227082542;0.04872504794187748;0.283362203897425;0.20993896454165084
1654284.0;2.5031885586900014E7;0.13914128528572156;0.048761848903302596;0.26030448721004196;0.2782825705714431
1651648.0;2.8612081171499997E7;0.09032940232230827;0.050277588501999614;0.29753464202701146;0.18065880464461653
1651110.0;1.6739175489199998E7;0.19708842394618625;0.050586946583979504;0.17406928762551607;0.3941768478923725
1645150.0;2.4640914083400007E7;0.1658173692146222;0.05401403611669355;0.2562388072044746;0.3316347384292444
1643780.0;1.649430886479999E7;0.21626921797851803;0.054801806697199966;0.17152294005301616;0.43253843595703606
1642059.0;1.9000344602799997E7;0.18845925863670296;0.055791407550522254;0.19758299635382945;0.3769185172734059
1635887.0;1.5695129301199997E7;0.20396601414148377;0.059340400267957;0.16321233852963313;0.40793202828296754
1631326.0;2.5370294580299992E7;0.1322600260995203;0.06196304378451887;0.26382357406382445;0.2645200521990406
1624566.0;1.5043812326899998E7;0.20492412584001315;0.06585014533504688;0.15643934772085907;0.4098482516800263
1619895.0;1.4713471926199995E7;0.19075320184439068;0.06853604050405816;0.15300416548856352;0.38150640368878136
1616191.0;1.4512283551699994E7;0.18213938517538525;0.07066589614653683;0.1509120243881643;0.3642787703507705
1614456.0;1.5361728387099998E7;0.17773218606328345;0.07166354721017086;0.15974533027414728;0.3554643721265669
1614379.0;1.6141444273199994E7;0.17429615361901188;0.07170782336688546;0.1678535306410825;0.34859230723802376
1610232.0;2.3381350459700007E7;0.13371476883136682;0.0740924106642286;0.24314071029773437;0.26742953766273364
1587488.0;1.4284782384999998E7;0.23209481808050894;0.08717055233067963;0.14854625875968444;0.4641896361610179
1579417.0;2.434058034559999E7;0.12998738645812571;0.09181149857540029;0.2531156617531059;0.25997477291625143
1579205.0;1.3972879377199989E7;0.25361108239476754;0.09193340176012098;0.1453028054360107;0.5072221647895351
1577397.0;1.3658932512299983E7;0.2294880771638271;0.09297302892038055;0.14203809821308525;0.4589761543276542
1576325.0;2.4000770711300008E7;0.13248261241636694;0.09358944502425126;0.2495820097516051;0.2649652248327339
1573841.0;2.2452113912000004E7;0.13949502012245024;0.09501778233956362;0.2334776570608474;0.2789900402449005
1569524.0;1.1857259249599993E7;0.3373096272632895;0.09750012219069223;0.12330264845485377;0.674619254526579
1568641.0;1.3147961753199989E7;0.22617967701406566;0.0980078604553544;0.13672455597252559;0.4523593540281313
1567830.0;1.14634376927E7;0.3692202013244808;0.09847419763841331;0.11920733098205573;0.7384404026489616
1563561.0;1.1183297496699994E7;0.3378640405777549;0.10092893676847307;0.11629417648502237;0.6757280811555098
1557879.0;1.2529515958799992E7;0.2489177370464446;0.10419617212499677;0.1302933898176776;0.4978354740928892
1552013.0;1.0943888353499994E7;0.3309456485616026;0.10756921024561766;0.11380458080363728;0.6618912971232052
1547784.0;1.067417504439999E7;0.3529113656631241;0.11000094877478674;0.11099985463247973;0.7058227313262482
1545813.0;1.01687546167E7;0.3711808586245171;0.1111343033836759;0.10574402982450852;0.7423617172490342
1542003.0;1.0434283946499994E7;0.3551207012357726;0.11332511061851491;0.10850524714442891;0.7102414024715452
1540989.0;2.1562335408799984E7;0.14630380811232097;0.11390817585109411;0.22422492473263594;0.29260761622464193
1540566.0;9833512.917399993;0.3575989551352662;0.11415140720551324;0.10225787939749556;0.7151979102705324
1540331.0;1.2237150752199987E7;0.2588362019601491;0.1142865357357461;0.12725310845661625;0.5176724039202982
1537718.0;2.2981023525699995E7;0.13384677770493827;0.11578904998893096;0.23897774395189203;0.26769355540987655
1524640.0;2.046004598699999E7;0.14593680084474892;0.12330909645014476;0.2127623091137446;0.29187360168949783
1521208.0;1.9971752459799998E7;0.13780429871224012;0.12528254800656669;0.20768458551339808;0.27560859742448024
1516500.0;2.11771887132E7;0.1374074294350924;0.12798971873140186;0.2202198164178527;0.2748148588701848
1511713.0;1.9497955332899995E7;0.14684691479123266;0.13074231564299618;0.20275760876883195;0.2936938295824653
1503545.0;9558691.3384;0.36613888317043225;0.13543903834487675;0.09940003275436114;0.7322777663408645
1497537.0;8865402.5422;0.370322807902174;0.13889372859865964;0.09219058047571409;0.740645615804348
1485097.0;9212450.148399998;0.36520439199827426;0.1460469154756668;0.09579949954238799;0.7304087839965485
1478758.0;7925037.571999998;0.4123356154976705;0.1496919357018202;0.08241180370284885;0.824671230995341
1473771.0;8591529.0566;0.3920529980000144;0.15255953561786803;0.08934259297664837;0.7841059960000288
1455061.0;7560332.090599997;0.41850617473535723;0.16331806668449214;0.07861926186699926;0.8370123494707145
1446358.0;7195982.4756000005;0.4207748183465221;0.1683224224232858;0.07483042065611645;0.8415496366930442
1439998.0;8276154.492300001;0.39918839362479275;0.17197951796490682;0.0860630392269235;0.7983767872495855
1410527.0;6913525.768899997;0.43075086001021085;0.18892578568615104;0.07189317695782073;0.8615017200204217
1382771.0;6579141.770799999;0.4368569201228274;0.20488590264420659;0.06841594569393962;0.8737138402456548
1366068.0;6265637.837599998;0.4704568624520266;0.21449037856113992;0.06515584448076274;0.9409137249040532
1349467.0;5662737.927399997;0.4691452773498284;0.22403620294580195;0.05888633867710398;0.9382905546996568
1345556.0;5141896.177099996;0.47569025472930127;0.22628508669789;0.0534701488236167;0.9513805094586025
1298327.0;4496968.852100001;0.4916235565806901;0.2534424711845597;0.046763603444161805;0.9832471131613802
1281756.0;3972497.3183000013;0.4936639171812637;0.26297104511855374;0.04130966777526759;0.9873278343625274
1271993.0;3476346.555;0.4952499082865867;0.2685849167809509;0.03615023743306172;0.9904998165731734
1255724.0;4840765.2821;0.49124108102697633;0.27793983617822016;0.05033871380111497;0.9824821620539527
1249179.0;2806492.5893;0.49599464140934146;0.28170330949896066;0.029184481999184102;0.9919892828186829
1248448.0;4258575.736200001;0.4931373231010163;0.28212364548023816;0.04428457334579683;0.9862746462020326
1240921.0;3073684.7625;0.49534951622129203;0.28645178355284534;0.031962991088717536;0.9906990324425841
1235421.0;2493378.7104;0.49519416126082033;0.28961436617531633;0.025928436928090225;0.9903883225216407
1233613.0;2226351.759799999;0.49440484182623246;0.2906539933355759;0.023151645974572508;0.9888096836524649
1200652.0;2001340.8343999994;0.49194349159062406;0.30960706348453354;0.020811776157352017;0.9838869831812481
1197273.0;0.0;0.45534151109710574;0.31155003924477526;0.0;0.9106830221942115
891994.0;0.0;0.4057229619759013;0.4870900502275622;0.0;0.8114459239518026
652514.0;0.0;0.3551167277580734;0.6247946477601727;0.0;0.7102334555161468
261827.0;0.0;0.20443517627340202;0.8494455417647786;0.0;0.40887035254680404
22727.0;0.0;0.09674612521575618;0.9869316335889275;0.0;0.19349225043151236
