1736624.0;2.7326020249599993E7;0.08357721976801555;0.001415111969800211;0.28416100192970895;0.1671544395360311
1729097.0;2.3544907923799988E7;0.11143096140324693;0.005743250042407358;0.24484153070433617;0.22286192280649386
1724024.0;2.705971629560001E7;0.10738739101926062;0.008660301250370166;0.28139172935744017;0.21477478203852124
1722967.0;2.3275973974999998E7;0.11642908128126245;0.009268092128906868;0.24204490903583553;0.2328581625625249
1720467.0;2.6576956350799985E7;0.09654711521467671;0.01070562968457551;0.27637154901822986;0.19309423042935342
1717794.0;2.3016600008300006E7;0.11143841778882985;0.012242644839096421;0.2393477008226113;0.2228768355776597
1716006.0;2.6206615589500014E7;0.08959519037273185;0.013270771698910635;0.2725204063774367;0.1791903807454637
1714782.0;2.2176733613599975E7;0.15238792649592803;0.013974590086166002;0.23061400034134394;0.30477585299185606
1711573.0;2.553779577150001E7;0.10221772970715204;0.01581981329262227;0.2655654049591051;0.20443545941430408
1710828.0;2.5838747244E7;0.09755370122931326;0.016248199484211526;0.2686949741820171;0.1951074024586265
1710471.0;2.6035003264800005E7;0.08365324266871146;0.016453479847161008;0.2707358241483082;0.16730648533742293
1708764.0;2.1628679668799985E7;0.19119735849996647;0.017435030490171557;0.22491483315038885;0.38239471699993294
1707081.0;2.2725177054299995E7;0.12145215055845526;0.018402780772647686;0.23631721786762738;0.24290430111691053
1702322.0;2.190219587259998E7;0.14145200962394128;0.02113927726361851;0.22775910530586146;0.28290401924788255
1700997.0;2.5174641010899983E7;0.1016877930262521;0.02190117216812289;0.26178898893931685;0.2033755860525042
1697978.0;2.4957995875600003E7;0.09651815470624626;0.023637142520348344;0.25953611427452034;0.19303630941249253
1694629.0;2.1294817806799985E7;0.1727587459896599;0.025562867829922058;0.22144303153619563;0.3455174919793198
1691261.0;1.96609447149E7;0.19553777785215906;0.02749951842491885;0.2044525217371301;0.3910755557043181
1690997.0;2.469893338780001E7;0.10234729143358394;0.02765132239079746;0.2568421451043582;0.20469458286716788
1687156.0;2.4379672176900014E7;0.10238117751340073;0.02985995509132676;0.25352217444130626;0.20476235502680146
1685151.0;2.0144269356899984E7;0.18560343179513253;0.031012860210973013;0.20947857431535155;0.37120686359026506
1684239.0;2.4093321886900015E7;0.10240894650811252;0.03153727391128093;0.25054444169551965;0.20481789301622505
1683878.0;1.9936044751599982E7;0.18963788833992418;0.031744854334319485;0.2073132640386261;0.37927577667984835
1683825.0;2.0357362640899986E7;0.18393793084167373;0.03177533013049966;0.21169451357517916;0.36787586168334746
1683615.0;2.0970971812999982E7;0.16217112890569169;0.031896083285175826;0.2180753840987508;0.32434225781138337
1681944.0;1.9197492205599997E7;0.20360574923659797;0.03285693338738475;0.19963311780686133;0.40721149847319593
1681349.0;2.386180660730002E7;0.10732732726406002;0.03319906732563388;0.24813693364230674;0.21465465452812005
1680707.0;2.0695758806499988E7;0.16114112251306506;0.03356822696992959;0.21521346703374128;0.3222822450261301
1679579.0;1.9442396570599988E7;0.19445539081458074;0.03421684391504728;0.20217985784070783;0.3889107816291615
1676731.0;1.7963303624299992E7;0.17951166836505567;0.035854486698465;0.1867988938463653;0.35902333673011133
1675702.0;1.7422467337300003E7;0.17092566905177797;0.03644617715637821;0.18117478247595417;0.34185133810355595
1668032.0;1.6845300088100012E7;0.1772441581142115;0.040856542377169604;0.17517286846448796;0.354488316228423
1667046.0;1.7243807986100007E7;0.1748901000126999;0.04142350718912532;0.1793169188069171;0.3497802000253998
1658678.0;1.8539179950399984E7;0.15195692522032103;0.046235232895459395;0.19278738365635031;0.30391385044064206
1657902.0;1.8876953815699983E7;0.1423909149369038;0.04668144455273894;0.1962998658660758;0.2847818298738076
1656031.0;1.6618967619300004E7;0.1677516381264197;0.04775729765940135;0.17281925602784431;0.3355032762528394
1654864.0;1.7071174241000004E7;0.15983769186525276;0.04842834019038748;0.1775217149123722;0.3196753837305055
1651849.0;1.8156700965999983E7;0.14868786499923856;0.050162010482523854;0.1888100166474917;0.2973757299984771
1651193.0;1.8371986855999976E7;0.14865121814703067;0.050539220337131305;0.19104875663395654;0.29730243629406133
1648904.0;1.6156119997200005E7;0.18107078243416608;0.05185542972310152;0.16800614226903984;0.36214156486833216
1642241.0;1.6394233394900005E7;0.16800364748435243;0.05568675481646958;0.17048226360120894;0.33600729496870485
1640578.0;1.5923229433000006E7;0.2027595795441923;0.05664300479850036;0.16558433274615422;0.4055191590883846
1636837.0;1.5648243949600006E7;0.22234585939073237;0.058794135996802915;0.16272478167485566;0.44469171878146474
1635012.0;1.5337015738499995E7;0.16821274376961684;0.05984353841244103;0.1594883455056969;0.3364254875392337
1626304.0;1.763319132049999E7;0.1501807615360058;0.06485076922634604;0.18336608357467907;0.3003615230720116
1624733.0;1.5003953368299998E7;0.17535963567290913;0.06575411782632822;0.15602485773994734;0.35071927134581826
1614419.0;1.4802191946799994E7;0.2009557474328801;0.07168482276599476;0.15392675757166385;0.4019114948657602
1605435.0;1.4549970489699999E7;0.20316163828606437;0.07685075772604559;0.15130392770829382;0.40632327657212874
1601807.0;1.42909504221E7;0.21700382019061715;0.07893691222683193;0.14861039966224787;0.4340076403812343
1599332.0;1.3954449330199996E7;0.2153497192112108;0.08036007440694388;0.14511115291678936;0.4306994384224216
1587067.0;1.3683301090399994E7;0.2115030630226117;0.08741263365505424;0.1422915050211477;0.4230061260452234
1556682.0;1.3033586714799996E7;0.2441654092572246;0.1048844651066509;0.13553517950238386;0.4883308185144492
1553169.0;1.2696010939299986E7;0.2441336889438417;0.10690449287987648;0.13202475721194126;0.4882673778876834
1550566.0;1.3355843788100002E7;0.23729781766803432;0.10840125698283867;0.13888630388827777;0.47459563533606863
1545676.0;1.0603249543800004E7;0.37200362960679506;0.11121308044172654;0.11026230627641595;0.7440072592135901
1545404.0;1.1149423736100003E7;0.36197704240713674;0.1113694845277833;0.11594192607814648;0.7239540848142735
1541330.0;1.0869621691600008E7;0.3688732718711584;0.11371209572850091;0.11303228799031466;0.7377465437423169
1540521.0;1.0426844438100003E7;0.37876936587744214;0.11417728288151528;0.10842788431802769;0.7575387317548843
1532984.0;9718292.886199994;0.3800235581430624;0.1185111711043451;0.101059715917812;0.7600471162861248
1519984.0;9238202.652999995;0.3791538519360676;0.12598636639382205;0.0960672976865192;0.7583077038721352
1519928.0;1.0195608885799995E7;0.36885515131314817;0.12601856723506902;0.10602328512564066;0.7377103026262963
1518631.0;9993442.615099994;0.36990770895484637;0.12676436171894992;0.103920974964345;0.7398154179096927
1510170.0;8911377.672899995;0.37322728174997455;0.13162956382235486;0.0926686720193867;0.7464545634999491
1493852.0;1.24291835023E7;0.2804076927597229;0.14101265895571521;0.12925004098368398;0.5608153855194458
1493073.0;8557425.244699998;0.38497296535325004;0.14146059565806157;0.08898795028552071;0.7699459307065001
1473452.0;8387313.6209999975;0.4266918621017441;0.15274296540997134;0.08721897372073209;0.8533837242034882
1465029.0;1.2186803900499998E7;0.3071083767931447;0.1575863169425301;0.12672955575145112;0.6142167535862894
1464765.0;7663537.252999997;0.4296775335328909;0.15773812090840872;0.07969248372967909;0.8593550670657818
1462184.0;7384461.990299998;0.42528807373858796;0.15922223468088104;0.07679040338507459;0.8505761474771759
1458182.0;8203445.511599999;0.4207502647789354;0.1615234447999954;0.08530694461028049;0.8415005295578708
1447714.0;7109418.128900002;0.4312098239428081;0.16754270205309113;0.07393024524583063;0.8624196478856162
1444448.0;7960156.923100004;0.4236425360086134;0.16942070111581664;0.08277700690128552;0.8472850720172268
1440437.0;6919808.653800001;0.42641217453971475;0.17172708637013143;0.07195851215306272;0.8528243490794295
1420481.0;6691202.095699999;0.4376844310938697;0.1832020861545008;0.0695812516517517;0.8753688621877393
1417708.0;1.1929710954400003E7;0.3320437396690718;0.18479660281124843;0.12405606768090398;0.6640874793381436
1414487.0;1.1717443998100005E7;0.32802137045797003;0.18664872619797193;0.12184872133380245;0.6560427409159401
1414403.0;6200352.345199997;0.4413098590945395;0.1866970274598424;0.06447694609883936;0.882619718189079
1413404.0;6493679.360699998;0.43336405678243534;0.1872714674670876;0.06752722923030824;0.8667281135648707
1404507.0;1.1406664765000006E7;0.3323558574629107;0.19238737612020115;0.11861695404936098;0.6647117149258214
1396571.0;5984039.395699995;0.4502654191191623;0.19695069533691567;0.06222752580642811;0.9005308382383246
1389314.0;5741877.539699997;0.45831312286832976;0.2011235793535106;0.05970930489458038;0.9166262457366595
1382080.0;5491781.750099998;0.4603957148914775;0.2052832380245934;0.05710857966997773;0.920791429782955
1351781.0;5219202.315100002;0.4736195934979752;0.22270561818427506;0.054274048895004506;0.9472391869959504
1332139.0;4977582.708699998;0.4859646882901902;0.23400006325165246;0.05176146679145095;0.9719293765803804
1320308.0;4736119.937300003;0.4959489673339011;0.24080306598009873;0.04925051560196146;0.9918979346678022
1304254.0;4478145.41;0.4899703847285984;0.2500343571475805;0.04656786004215725;0.9799407694571968
1289696.0;4203445.8763000015;0.49563656503139886;0.25840542584175014;0.04371128253790256;0.9912731300627977
1288507.0;3906253.0581000014;0.4943853608983866;0.2590891187032261;0.04062079924708153;0.9887707217967732
1263375.0;3625704.916200001;0.49581822916033674;0.27354039624285187;0.0377034025547114;0.9916364583206735
1260387.0;3376329.822300002;0.49646117535288153;0.275258541129387;0.035110171784490614;0.9929223507057631
1260262.0;3058044.393400001;0.4966041537623523;0.27533041800717045;0.03180034819694587;0.9932083075247046
1247167.0;2725111.9936000016;0.4966795054608201;0.2828602397237628;0.028338211982528946;0.9933590109216403
1229135.0;2432315.868600002;0.49676302925800064;0.29322891060528955;0.0252934495370223;0.9935260585160013
1206710.0;2229375.9911;0.49552271847326823;0.30612362247963726;0.023183094703235735;0.9910454369465365
1195386.0;1907892.7626999998;0.4932899941292885;0.31263509259179395;0.019840017465814788;0.986579988258577
1193250.0;0.0;0.45673082447535424;0.31386332467935724;0.0;0.9134616489507085
900900.0;0.0;0.4178696880222893;0.48196896643924825;0.0;0.8357393760445786
680797.0;0.0;0.34779749149685335;0.6085314978853823;0.0;0.6955949829937067
350581.0;0.0;0.23836576691470043;0.7984106584784527;0.0;0.47673153382940087
35747.0;0.0;0.10948183114372813;0.9794449379990052;0.0;0.21896366228745626
