1730926.0;2.5276331625400014E7;0.13074129491871525;0.004691547566680179;0.2628464611449008;0.2614825898374305
1730840.0;2.4157697108100004E7;0.12727256849242716;0.004740998858595181;0.2512138742432725;0.2545451369848543
1727118.0;2.3746865515900005E7;0.12420364284638165;0.006881204771474655;0.2469416708343023;0.2484072856927633
1722776.0;2.4574608710500013E7;0.12208919966013251;0.009377919998159952;0.2555493031704263;0.24417839932026503
1722371.0;2.3469100312000006E7;0.12833433242869513;0.009610801082178272;0.24405321368172483;0.25666866485739026
1716413.0;1.9795997162699997E7;0.1737378190589205;0.01303674058484778;0.20585692086036025;0.347475638117841
1715828.0;2.3139446349999998E7;0.12421515067126472;0.013373124372874242;0.24062516966812972;0.24843030134252944
1714209.0;2.2281426372400012E7;0.16133737132279624;0.014304073693925255;0.2317026915947232;0.3226747426455925
1710974.0;2.248416548260001E7;0.139300381540405;0.016164247290960478;0.2338109586661279;0.27860076308081
1710472.0;2.195227039330001E7;0.13329919721723596;0.01645290483213874;0.22827982606370686;0.2665983944344719
1709976.0;1.9102444385699995E7;0.17398738770893862;0.0167381122831834;0.1986447234674253;0.34797477541787725
1708530.0;2.1530868305200007E7;0.1687602001884951;0.017569584005382142;0.22389770095086603;0.3375204003769902
1707550.0;2.1242177421700004E7;0.15364992949068482;0.01813309872720425;0.2208956285687915;0.30729985898136963
1704069.0;2.0896924913000006E7;0.15513386171287727;0.020134726019717265;0.2173053765710688;0.31026772342575454
1703222.0;1.87017219236E7;0.18020059006233333;0.0206217637435778;0.19447764405791115;0.36040118012466665
1702296.0;2.173513213010003E7;0.15287252967906345;0.021154227654197465;0.2260218234030711;0.3057450593581269
1694370.0;2.0627153657500006E7;0.16866112562483337;0.02571179672068933;0.21450004782013818;0.33732225124966675
1692827.0;1.8341997808000006E7;0.19306817890522843;0.026599044900048014;0.1907369030289035;0.38613635781045685
1684258.0;1.79682112836E7;0.18475960186569246;0.03152634862585785;0.18684992818547072;0.3695192037313849
1677297.0;1.7675882493400007E7;0.20383865081474245;0.035529028195861616;0.18381002551551112;0.4076773016294849
1675993.0;1.7424637317199998E7;0.17646145111639977;0.03627884778489838;0.18119734791566758;0.35292290223279954
1669757.0;1.71853399941E7;0.19401982065102708;0.03986464146375824;0.1787089150421617;0.38803964130205415
1667477.0;1.6887251525399998E7;0.19861668352832113;0.04117567571452804;0.1756091179566082;0.39723336705664225
1657126.0;2.0225261202800002E7;0.16498983422434868;0.047127656210018486;0.21032080175531045;0.32997966844869736
1653146.0;1.6684413294E7;0.20175926033943878;0.049416215998642966;0.1734998201321247;0.40351852067887756
1651963.0;1.6450312727300007E7;0.20659009058261382;0.050096458769985364;0.17106542789431772;0.41318018116522764
1648176.0;1.6287636564400002E7;0.20660988172991795;0.052274040659312224;0.16937377206527607;0.4132197634598359
1636771.0;1.6040699155100003E7;0.22965054063382867;0.05883208698827257;0.16680589057358167;0.45930108126765734
1628331.0;1.5693265694500007E7;0.2068385663853074;0.0636852137762099;0.16319295903923406;0.4136771327706148
1621470.0;1.5319423827600004E7;0.21994323630469614;0.06763039184398692;0.1593054086937668;0.4398864726093923
1614946.0;1.4956336570400003E7;0.22013107474923907;0.07138178984925982;0.15552969463619662;0.44026214949847814
1599216.0;1.4670074969000006E7;0.22560626760027724;0.08042677614952691;0.1525528841557529;0.4512125352005545
1590386.0;1.4427688167800002E7;0.22284805661314136;0.08550415879614855;0.15003232405756084;0.4456961132262827
1583803.0;1.3842672332400002E7;0.22523391718401162;0.08928948268773522;0.14394879325382284;0.45046783436802323
1581984.0;1.2623170168100005E7;0.35911644072004356;0.09033543501323972;0.13126729211689792;0.7182328814400871
1581919.0;1.2354041325000003E7;0.36587653569308326;0.09037281098968711;0.12846864375885172;0.7317530713861665
1579801.0;1.1773580592400007E7;0.3655009872955849;0.09159069280684957;0.122432481088626;0.7310019745911698
1572601.0;1.1415231500200002E7;0.36513108676663786;0.09573080096717526;0.11870603881309393;0.7302621735332757
1570546.0;1.3523886236500002E7;0.2276466261370205;0.0969124568379349;0.14063376327196772;0.455293252274041
1561660.0;1.1033720471500007E7;0.37414059417209294;0.10202204032580352;0.11473873749470266;0.7482811883441859
1552425.0;1.0573770516600005E7;0.371036767919879;0.10733230405644348;0.10995575633505786;0.742073535839758
1546524.0;1.0266583437600002E7;0.3683490434008881;0.11072546770284374;0.10676134356103602;0.7366980868017762
1530527.0;1.3247882726600002E7;0.25621305801121547;0.11992398301405624;0.13776362582813528;0.5124261160224309
1527921.0;9903042.480199996;0.3795260032802004;0.12142247216208524;0.10298091151298529;0.7590520065604008
1503881.0;9522356.048899995;0.3928168423104091;0.1352458332973949;0.09902218511407482;0.7856336846208182
1502274.0;9131904.622200001;0.4216943935461018;0.1361698824381787;0.09496191334370684;0.8433887870922036
1501111.0;8807533.093200006;0.42681330594053196;0.13683862490907575;0.09158880090961721;0.8536266118810639
1485275.0;8508156.393199999;0.4261829061135661;0.1459445628017032;0.08847560761438583;0.8523658122271321
1480231.0;8239636.157299998;0.4278122792819661;0.14884493857402026;0.0856832881117732;0.8556245585639322
1453767.0;7799402.967300001;0.43493644482341454;0.16406213612330622;0.08110533994330756;0.8698728896468291
1446780.0;7367585.898699997;0.43335992125296635;0.16807976608388894;0.07661491031824998;0.8667198425059327
1438847.0;7086298.3567;0.4385192770174826;0.17264136025553667;0.07368982466600488;0.8770385540349652
1430369.0;6744013.483000001;0.43749693542836005;0.17751633761432017;0.07013043285674939;0.8749938708567201
1407079.0;6413428.558500002;0.44807948365681793;0.19090843748292924;0.06669270784188368;0.8961589673136359
1381082.0;6128442.026500002;0.4693981015710125;0.2058571030168163;0.06372915670161917;0.938796203142025
1328883.0;5851644.175100001;0.47614104939008906;0.2358723121641553;0.06085075896688257;0.9522820987801781
1324380.0;5535856.5205;0.4780615505027926;0.23846160480942566;0.057566909525634986;0.9561231010055852
1316829.0;4890965.3741;0.49168146228221876;0.2428035432425672;0.05086074036441931;0.9833629245644375
1307921.0;5191588.2119999975;0.49000455182103136;0.24792577706092572;0.05398689214357809;0.9800091036420627
1297134.0;4687447.7266;0.49098976556415214;0.2541284641061248;0.048744377348666074;0.9819795311283043
1278987.0;3941873.8648000024;0.4946949716428711;0.26456326171521233;0.04099121704041406;0.9893899432857421
1276034.0;3642301.3399000005;0.4950105679371062;0.26626128107596814;0.03787598737840561;0.9900211358742124
1268334.0;4219153.754300002;0.49130409608675013;0.2706888967474275;0.04387462744908607;0.9826081921735003
1259444.0;3328937.833799999;0.496096292587256;0.27580078029538524;0.03461734645491123;0.992192585174512
1226924.0;2953904.9780000024;0.49537359862962993;0.2945002688195229;0.030717411115360745;0.9907471972592599
1224009.0;2750994.5160000008;0.4954059199206196;0.2961764376094325;0.02860736217090149;0.9908118398412392
1223513.0;2302807.9689;0.4946330447842181;0.29646164506047723;0.02394670770632694;0.9892660895684362
1208764.0;2104943.050699999;0.49471842209164524;0.30494254162389994;0.021889126950370527;0.9894368441832905
1207945.0;4460256.030200001;0.4876328456285469;0.305413478927137;0.04638182987598465;0.9752656912570938
1206128.0;1938507.6545;0.4941592638530664;0.30645828122259694;0.020158379168265222;0.9883185277061328
1185202.0;1668459.9888000002;0.4915224607559569;0.3184910455785657;0.017350176050754382;0.9830449215119138
1185093.0;0.0;0.4600754965045518;0.3185537222159929;0.0;0.9201509930091036
855319.0;0.0;0.4066362609267715;0.5081787261692212;0.0;0.813272521853543
786307.0;1.2251440317999998E7;0.3617444647997502;0.5478616628859428;0.12740170445770907;0.7234889295995004
776950.0;1.30530595995E7;0.35137117086699826;0.5532420784492995;0.13573767640373544;0.7027423417339965
772205.0;1.25351625398E7;0.3461973926209921;0.5559705247299586;0.13035210814181641;0.6923947852419842
742867.0;1.1993573387099998E7;0.34179183826614495;0.5728403154532412;0.12472016778388055;0.6835836765322899
742119.0;1.0148826009500002E7;0.3436455073191065;0.5732704266898973;0.10553679390294773;0.687291014638213
733345.0;1.1622230118100002E7;0.3407125799195462;0.578315608495272;0.12085860014925813;0.6814251598390924
732969.0;8839933.731100002;0.3530968931931355;0.5785318141436445;0.09192573243659138;0.706193786386271
732198.0;9928741.020600002;0.34566320265613926;0.5789751507258127;0.10324814848790861;0.6913264053122785
720615.0;1.1369518654600002E7;0.34020805492532963;0.5856355497287367;0.11823067475026651;0.6804161098506593
689232.0;9570075.202900002;0.3316507072493258;0.6036812461725563;0.09951841261035936;0.6633014144986517
681008.0;9414429.871800004;0.33000558595849644;0.6084101697156838;0.09789986981389401;0.6600111719169929
680522.0;1.0835404850700006E7;0.3217782254384661;0.6086896270165058;0.11267646992005774;0.6435564508769323
674250.0;9231306.027600003;0.32794056777913794;0.6122961212361673;0.09599558025508591;0.6558811355582759
652421.0;8250199.030600002;0.34303716397968437;0.6248481241572436;0.08579313054886316;0.6860743279593687
645987.0;8952229.1167;0.33283749564882537;0.6285477708105124;0.09309348277098724;0.6656749912976507
639817.0;7892083.096700001;0.3392963788025895;0.6320956134979027;0.08206911286701621;0.678592757605179
624357.0;7277579.666700003;0.3646497204047865;0.6409853457421575;0.07567894303024321;0.729299440809573
624213.0;7517636.659;0.326237871521553;0.641068147905364;0.07817527564030187;0.652475743043106
602266.0;6954730.904200002;0.3193346904763746;0.6536880025990679;0.07232166571778459;0.6386693809527492
581609.0;6141092.939200003;0.33182446529112114;0.6655660879140467;0.06386071248600787;0.6636489305822423
575557.0;0.0;0.3233204204894024;0.6690460788288094;0.0;0.6466408409788048
554597.0;5819612.105;0.31116186487257536;0.6810983936955353;0.060517660145672704;0.6223237297451507
494926.0;5628969.595699998;0.3045777744577335;0.7154101150892567;0.05853518461655223;0.609155548915467
490432.0;5165335.804000002;0.3037779570278262;0.7179942325993267;0.053713895545749124;0.6075559140556523
461547.0;4963165.414600001;0.2991212640571172;0.7346035415175222;0.05161154255443621;0.5982425281142344
242582.0;0.0;0.21092482837074455;0.8605117058683158;0.0;0.4218496567414891
20673.0;0.0;0.09998496935764037;0.9881127144446649;0.0;0.19996993871528074
