1728695.0;3.407740460859997E7;0.14387935618705;0.005974406081358875;0.3543680839102649;0.2877587123741
1725757.0;3.4300678102199964E7;0.14387781634820265;0.007663800216780663;0.3566898863193314;0.2877556326964053
1720329.0;3.3206721924299955E7;0.16992685932688162;0.010784981757648419;0.34531392740764866;0.33985371865376324
1716418.0;3.3174949622799978E7;0.15158823233493351;0.013033865509736443;0.34498352989841097;0.30317646466986703
1710893.0;3.2501584442199953E7;0.17515455509854555;0.01621082350776414;0.33798126163409303;0.3503091101970911
1704340.0;2.933599725269997E7;0.2351875255178914;0.019978896948682785;0.3050625848839602;0.4703750510357828
1702257.0;2.9097756550299954E7;0.23786448444399136;0.021176653240065898;0.3025851397208499;0.4757289688879827
1701010.0;2.8916958955499973E7;0.24901392195926464;0.021893696972833415;0.3007050406352322;0.4980278439185293
1696447.0;3.0943028009999976E7;0.19302017560493712;0.02451749051943982;0.3217739634877623;0.38604035120987423
1692278.0;3.0436062464899946E7;0.21666929027560214;0.02691472814727285;0.3165020711330176;0.4333385805512043
1688783.0;3.2102135324499946E7;0.16547000899446299;0.028924405650097608;0.3338274236266271;0.33094001798892597
1683768.0;2.619744529539996E7;0.2704243386874336;0.031808105986768906;0.2724250452551196;0.5408486773748672
1683706.0;2.720829924689998E7;0.25852643819789456;0.03184375691814949;0.2829368310563124;0.5170528763957891
1678379.0;2.648861853919998E7;0.2682458420058981;0.03490686194176823;0.2754529314945931;0.5364916840117963
1677290.0;2.8058002619999968E7;0.22901364193162066;0.03553305330101749;0.2917728254542409;0.4580272838632413
1672205.0;2.5768148416399974E7;0.2587678847651505;0.03845700468924751;0.26796082287119166;0.517535769530301
1670678.0;2.4951373339399967E7;0.3013947493351839;0.03933505262824991;0.2594672470737817;0.6027894986703678
1664199.0;2.220254060759999E7;0.32863055180759415;0.04306057495752077;0.23088236511619423;0.6572611036151883
1662473.0;3.149226512519995E7;0.15908555613538972;0.044053050885954396;0.3274854343688722;0.31817111227077943
1661813.0;2.470307715909998E7;0.2874701999507646;0.044432560800650917;0.2568852358359617;0.5749403999015292
1660464.0;3.081561406569997E7;0.2039941722650607;0.04520825606568971;0.3204489965243555;0.4079883445301214
1659756.0;2.4229112643799964E7;0.28933336247086994;0.04561536670145507;0.25195651843340644;0.5786667249417399
1652453.0;2.041231989879997E7;0.3219377383736903;0.04981470140907431;0.21226600950929336;0.6438754767473805
1646445.0;2.110456201269999E7;0.23155292238378794;0.05326939166285719;0.21946457742613626;0.4631058447675759
1636944.0;2.0397531363799967E7;0.29132630167192186;0.0587326093894203;0.21211222476917063;0.5826526033438437
1630649.0;1.907219483899999E7;0.31769982593295243;0.06235232895459394;0.19833016095815106;0.6353996518659049
1620115.0;1.834874915269998E7;0.2939051091552695;0.06840953719915933;0.19080710969847317;0.587810218310539
1619703.0;1.6427399957199996E7;0.30682076458362556;0.06864644338833352;0.1708271599120381;0.6136415291672511
1619011.0;2.3694495418799985E7;0.20758963243524678;0.0690443537837426;0.2463970785692316;0.41517926487049356
1613313.0;2.3337156374499988E7;0.21544213440078727;0.07232078938062257;0.24268113969743857;0.43088426880157454
1608747.0;1.7393346751299992E7;0.2549724098361408;0.07494630797229578;0.18087195993469282;0.5099448196722816
1599402.0;1.5172002208099997E7;0.31056361583725056;0.08031982335538516;0.157772383587272;0.6211272316745011
1583794.0;1.6073316109399991E7;0.2811706656383422;0.08929465782293562;0.1671450715567296;0.5623413312766844
1582322.0;1.977688961339999E7;0.24549385766050633;0.09014107993571333;0.20565822305131537;0.49098771532101265
1581689.0;1.5747509620899996E7;0.27420915501620086;0.09050506444480862;0.1637570370986671;0.5484183100324017
1580595.0;1.5733932802900001E7;0.2794501046787824;0.09113413087916922;0.16361585290240813;0.5589002093575648
1565094.0;1.37952031534E7;0.3337698832867997;0.10004743873933707;0.14345516522668197;0.6675397665735994
1556730.0;1.3355559286799999E7;0.3348886073683103;0.10485686438558207;0.1388833453830245;0.6697772147366206
1556405.0;1.4468027040799998E7;0.2999407291927505;0.105043744267819;0.15045180462822907;0.599881458385501
1542423.0;1.2978498973899992E7;0.31489024124172615;0.11308360430916257;0.13496232668645217;0.6297804824834523
1517940.0;1.2554014224200001E7;0.33529675180513235;0.12716169709933672;0.13054814523313948;0.6705935036102647
1509689.0;8056469.816300005;0.4191298648826708;0.1319061460480655;0.08377855663229188;0.8382597297653416
1506318.0;1.2135476093299996E7;0.3315326412125759;0.1338445216881291;0.12619580217198428;0.6630652824251518
1484307.0;7965210.204000004;0.4105009858999246;0.1465011773432581;0.08282955554724494;0.8210019717998492
1477200.0;1.1015986299E7;0.4082718202498053;0.1505878091065129;0.11455432131627763;0.8165436404996106
1470324.0;7752162.758200003;0.42882078141756497;0.15454161239962394;0.08061409295503011;0.8576415628351299
1468012.0;1.06131681793E7;0.4065630930787126;0.1558710471311063;0.11036544933843927;0.8131261861574252
1457309.0;9574033.3781;0.40194998396049203;0.16202543291443489;0.0995595733436228;0.8038999679209841
1455701.0;9743794.255899997;0.39674008759337176;0.16295005707024096;0.10132490253109643;0.7934801751867435
1439098.0;6245027.464;0.4585501638522368;0.17249703148494755;0.06494151892735886;0.9171003277044736
1436555.0;7339731.7897000015;0.4406988932813284;0.17395929468657367;0.07632525776551816;0.8813977865626568
1426972.0;7730997.425800001;0.4345364937966021;0.17946966364496272;0.08039399643142281;0.8690729875932042
1404297.0;5973870.009199999;0.4614927155364725;0.19250812927487732;0.062121775205701994;0.922985431072945
1403824.0;6865888.212699997;0.44772441836299537;0.19278011138040982;0.07139779799024228;0.8954488367259907
1384868.0;5730217.431499999;0.4668687481184053;0.20368009614251173;0.05958805240342156;0.9337374962368106
1384460.0;5544982.1252999995;0.4671521672147045;0.20391470227159683;0.05766180592765388;0.934304334429409
1361003.0;5038267.831699999;0.476310953043216;0.21740282964892457;0.052392526316269984;0.952621906086432
1340526.0;4209587.1899000015;0.4970881947731929;0.2291774122598953;0.04377514554502179;0.9941763895463858
1339996.0;4869074.916999999;0.483855209791358;0.22948217022169703;0.05063310332962913;0.967710419582716
1316241.0;3621128.7345999996;0.4980716289517694;0.24314165207566046;0.03765581522451875;0.9961432579035387
1311201.0;4497414.8304;0.4906063667628258;0.24603972778788846;0.046768241135249244;0.9812127335256516
1281757.0;2959314.1196000003;0.4966569885079976;0.2629704701035315;0.030773660327013057;0.9933139770159952
1278552.0;2481222.325200001;0.4946644561289779;0.26481339324989867;0.02580202369386429;0.9893289122579558
1251906.0;2012072.3987999998;0.49288856132658493;0.2801352435332373;0.02092337279909944;0.9857771226531699
1243161.0;1981009.7569;0.49270238559616175;0.2851637499029662;0.020600354980761366;0.9854047711923235
1241914.0;0.0;0.457555010724473;0.2858807936357337;0.0;0.915110021448946
1190272.0;0.0;0.45432027755975446;0.31557571941566975;0.0;0.9086405551195089
1105487.0;0.0;0.4205942991990098;0.36432836807861607;0.0;0.8411885983980196
1086194.0;0.0;0.41499398612504124;0.37542213290322207;0.0;0.8299879722500825
1066553.0;0.0;0.4144330051066109;0.38671600295557723;0.0;0.8288660102132218
1022628.0;0.0;0.3858361757962276;0.41197353780867524;0.0;0.7716723515924552
1003015.0;0.0;0.3814889970954383;0.4232513074404069;0.0;0.7629779941908766
974065.0;0.0;0.3673601885268858;0.4398979923350497;0.0;0.7347203770537716
925150.0;0.0;0.3452592421958483;0.4680248521492624;0.0;0.6905184843916966
907362.0;0.0;0.3381300555246856;0.4782532193653559;0.0;0.6762601110493712
815748.0;0.0;0.3105030939910122;0.5309326456153667;0.0;0.6210061879820244
797494.0;0.0;0.30921215177210437;0.5414289698318369;0.0;0.6184243035442087
742073.0;0.0;0.29751426279859366;0.5732968773809216;0.0;0.5950285255971873
705416.0;0.0;0.2839168197933215;0.5943752030521797;0.0;0.567833639586643
664586.0;0.0;0.2664880622247241;0.61785306641136;0.0;0.5329761244494482
661101.0;0.0;0.2637160822700101;0.6198569937639621;0.0;0.5274321645400202
626651.0;0.0;0.2450070791357778;0.639666261281076;0.0;0.4900141582715556
619246.0;0.0;0.22728611507807334;0.6439242475209664;0.0;0.4545722301561467
580789.0;0.0;0.21903803615168657;0.6660376002323061;0.0;0.43807607230337314
540270.0;0.0;0.20043904740192206;0.6893366339195611;0.0;0.4008780948038441
519687.0;0.0;0.1872314661555095;0.7011721681228922;0.0;0.374462932311019
469855.0;0.0;0.1838676270864679;0.7298263167125241;0.0;0.3677352541729358
431860.0;0.0;0.15985593733679784;0.7516740124835761;0.0;0.3197118746735957
424393.0;0.0;0.1547648588109962;0.7559676496548472;0.0;0.3095297176219924
393400.0;0.0;0.13977218724864873;0.7737890902399825;0.0;0.27954437449729747
383248.0;0.0;0.12991801210288303;0.7796266427460418;0.0;0.25983602420576607
369732.0;0.0;0.12479412857281628;0.7873985457870086;0.0;0.24958825714563257
362427.0;0.0;0.11815751970052604;0.7915990305246725;0.0;0.23631503940105208
312906.0;0.0;0.11734036377599648;0.8200743494423792;0.0;0.23468072755199296
308363.0;0.0;0.10728089666844437;0.8226866426885402;0.0;0.21456179333688874
274573.0;0.0;0.10299655109138985;0.8421164002909576;0.0;0.2059931021827797
266589.0;0.0;0.10155290958017243;0.846707320228741;0.0;0.20310581916034487
213990.0;0.0;0.09918871314950889;0.876952535384987;0.0;0.19837742629901778
152751.0;0.0;0.09910443227141925;0.9121658803336237;0.0;0.1982088645428385
125719.0;0.0;0.09720125871139504;0.9277096864155576;0.0;0.19440251742279008
