1735794.0;2.12729408865E7;0.08352567707228885;0.0018923744382822;0.22121553526945803;0.1670513541445777
1735459.0;2.17096919928E7;0.0831024734985927;0.002085004470741798;0.22575727354039904;0.1662049469971854
1734707.0;2.0963708847100005E7;0.08821443822309563;0.0025174157674869254;0.21799985712305994;0.17642887644619126
1734622.0;2.0746387231900003E7;0.08861059934915841;0.0025662920443796596;0.21573994780029207;0.17722119869831682
1734243.0;2.044006562220001E7;0.1003922740323504;0.0027842227378190253;0.21255453496922508;0.2007845480647008
1732736.0;2.0154540927800015E7;0.09488246862717548;0.003650770376376083;0.20958538752311778;0.18976493725435095
1731910.0;1.9590595799699996E7;0.10134939831296708;0.004125732784769002;0.20372096924447639;0.20269879662593415
1730837.0;1.9205397566099994E7;0.10077519065627813;0.004742723903661983;0.19971532499033612;0.20155038131255626
1725033.0;1.80695502182E7;0.12313246511545146;0.008080111092902301;0.18790374330115142;0.24626493023090293
1724526.0;1.7753084182800002E7;0.11797818908527409;0.008371643709191903;0.18461283943463241;0.23595637817054818
1720345.0;1.8664892013399996E7;0.11155396565591416;0.01077578151729214;0.1940946528982831;0.22310793131182832
1719492.0;1.7507892158899996E7;0.14506198242928373;0.01126626933128628;0.18206310805991388;0.29012396485856745
1715931.0;1.7314793186E7;0.15108003228579758;0.013313897825580694;0.18005508797101477;0.30216006457159517
1714978.0;1.97915767938E7;0.0954323892169527;0.013861887141801579;0.20581095381341932;0.1908647784339054
1710779.0;1.8973740610099994E7;0.10089260544415105;0.01627637522030263;0.1973063436560743;0.2017852108883021
1708190.0;1.8317705484200004E7;0.10652849240987498;0.017765089112953075;0.19048428918293703;0.21305698481974997
1703717.0;1.6991659130099993E7;0.12309566043307682;0.02033713130755541;0.17669484391632112;0.24619132086615364
1695808.0;1.6645384282700004E7;0.16395134075606782;0.024884925118668726;0.17309396070385705;0.32790268151213564
1683456.0;1.642505118399999E7;0.1525710189603272;0.03198751067371635;0.17080273521573314;0.3051420379206544
1681691.0;1.7631185350399993E7;0.1169514099738015;0.033002412188018415;0.1833452236591755;0.233902819947603
1679952.0;1.623126285989999E7;0.15491049528069603;0.03400236331174152;0.1687875466212893;0.30982099056139206
1669626.0;1.5898927757399986E7;0.19040173960522977;0.03993996843167528;0.16533162165160054;0.38080347921045954
1667167.0;1.6070908665499995E7;0.17640970613358642;0.04135393037143095;0.16712003674871645;0.35281941226717284
1662549.0;1.5705335182700006E7;0.15612104666089502;0.04400934974426207;0.16331846863881583;0.31224209332179004
1658668.0;1.5397205615299994E7;0.17277982528908167;0.04624098304568207;0.1601142550066519;0.34555965057816335
1655422.0;1.5118674486699993E7;0.2048789618813359;0.04810748180796223;0.15721783306709972;0.4097579237626718
1638457.0;1.4897232180399992E7;0.2380960214357953;0.05786261166072964;0.15491507302179985;0.4761920428715906
1637806.0;1.4453099991099995E7;0.1885664379879993;0.05823694644022575;0.1502965794853117;0.3771328759759986
1629390.0;1.4115219394399988E7;0.21841595182853518;0.06307627286762867;0.1467829873846732;0.43683190365707036
1627543.0;1.43010992957E7;0.18936420444234442;0.06413832561375665;0.14871593695104046;0.37872840888468884
1619120.0;1.3837152470000003E7;0.19777295946251644;0.06898167714631545;0.14389139266582024;0.3955459189250329
1612362.0;1.3674530947400004E7;0.19783496743900833;0.07286762866679893;0.14220030503669404;0.39566993487801666
1609201.0;1.3511809833E7;0.2083240721662621;0.07468525115218635;0.14050818176075888;0.4166481443325242
1608356.0;1.1446323122999996E7;0.35896867940723237;0.07517113884600235;0.11902935800139015;0.7179373588144647
1603027.0;1.1697323256799992E7;0.34979944923021283;0.07823539389966563;0.12163948742578527;0.6995988984604257
1598533.0;1.11938484894E7;0.3600995965909707;0.08081951140973558;0.11640389537674538;0.7201991931819414
1594585.0;1.324852222199999E7;0.22227255267922916;0.0830896707176475;0.13777027588738028;0.4445451053584583
1589965.0;1.3029335979999995E7;0.2621697704908167;0.08574624012052315;0.13549097646627858;0.5243395409816334
1586752.0;1.0873227410599992E7;0.35121828304212616;0.0875937633870685;0.11306978356099613;0.7024365660842523
1586421.0;1.2713709664999994E7;0.24543787756065838;0.08778409335943901;0.1322088047820541;0.49087575512131676
1586260.0;1.2895568393199997E7;0.24488782757555738;0.08787667077802408;0.13409993850525817;0.48977565515111476
1568956.0;1.0528252481299995E7;0.35546906376772097;0.09782673072334015;0.1094824180882668;0.7109381275354419
1566250.0;1.0398998450399995E7;0.36786708708335525;0.09938272137359588;0.10813831621801603;0.7357341741667105
1563294.0;1.0209359213799998E7;0.3545957601584979;0.10108246577941848;0.10616627363789576;0.7091915203169958
1557379.0;1.2500733406499997E7;0.2754370722270948;0.10448367963613049;0.12999408246062547;0.5508741444541896
1555799.0;9985567.140700005;0.3767159945471779;0.10539220337131308;0.10383907856392768;0.7534319890943558
1554833.0;9173547.826900013;0.3453848806598238;0.10594766788282343;0.09539495755076778;0.6907697613196476
1550809.0;9566754.47890001;0.34319893213935326;0.10826152833242768;0.09948388067887609;0.6863978642787065
1548143.0;8965946.03490001;0.3559775835187506;0.10979451838179273;0.09323612385752306;0.7119551670375012
1546723.0;1.2189011866199989E7;0.2847881503993595;0.11061103971341252;0.1267525162023256;0.569576300798719
1542078.0;1.2366281476599993E7;0.28372348938161607;0.11328198449184484;0.12859592807287384;0.5674469787632321
1540197.0;1.2017636679799989E7;0.305210605273467;0.11436358774872994;0.12497039995456985;0.610421210546934
1534592.0;8755357.058200007;0.36154649887334983;0.11758654694853903;0.09104622668011389;0.7230929977466997
1534118.0;8569721.442000004;0.35951757089193226;0.1178591040690938;0.08911581741409558;0.7190351417838645
1518389.0;8161790.975300006;0.37903558270722265;0.12690351535433864;0.08487378256685792;0.7580711654144453
1518047.0;8372973.869700004;0.3754520480214078;0.1271001704919541;0.08706985584481715;0.7509040960428156
1514375.0;7438147.586200007;0.4114168368688393;0.1292116256537202;0.0773486754122778;0.8228336737376786
1508642.0;7920895.344300005;0.3868824709131104;0.13250818677637954;0.08236872902301258;0.7737649418262208
1500866.0;7273556.555800008;0.41207306099596774;0.1369795035895313;0.07563710703605984;0.8241461219919355
1498716.0;7026689.134400007;0.4123229093795694;0.1382157858874063;0.07306995334269117;0.8246458187591388
1491661.0;7635666.932300007;0.39835166558972934;0.1422725168695032;0.07940266259283325;0.7967033311794587
1488687.0;6808128.883900009;0.41846345028384013;0.14398261154572664;0.0707971635549065;0.8369269005676803
1469364.0;6268489.275700006;0.43586017409683;0.1550936268210007;0.0651854963473733;0.87172034819366
1465388.0;6591493.90320001;0.4330050557274286;0.1573798865495361;0.06854439448694696;0.8660101114548572
1465091.0;6465380.941400006;0.42865641563967355;0.15755066601114953;0.06723295633188169;0.8573128312793471
1461534.0;6065436.201200008;0.4405862955644155;0.15959599444535488;0.06307396438743956;0.881172591128831
1433359.0;5824592.737800001;0.44764320864226154;0.1757970426977405;0.060569453330108804;0.8952864172845231
1432676.0;5613648.610700007;0.45672573513625564;0.17618977795794916;0.05837586297335717;0.9134514702725113
1426730.0;5462815.325400006;0.46151941278054387;0.17960881728035144;0.056807360239197593;0.9230388255610877
1404145.0;5231934.892900004;0.4756609067583756;0.19259553155826195;0.054406453907946316;0.9513218135167512
1376149.0;4796501.171500001;0.48439923087199266;0.2086936521216617;0.04987841501253425;0.9687984617439853
1361146.0;4601941.635599999;0.48933171267705533;0.21732060250074034;0.04785520665100443;0.9786634253541107
1355677.0;4449534.940100003;0.49060445070210784;0.22046535965752107;0.046270342155608005;0.9812089014042157
1347874.0;5053283.152799999;0.4822074659990121;0.22495220187627402;0.05254866938610229;0.9644149319980242
1340319.0;4129018.524699998;0.4883770258925066;0.22929644036950467;0.04293731872581246;0.9767540517850132
1327639.0;3634926.7013000003;0.49413935344743654;0.236587630851856;0.03779929912763568;0.9882787068948731
1308363.0;3117089.2605999997;0.4956402055517972;0.2476716204210835;0.03241435083871745;0.9912804111035944
1301122.0;2909724.3329000007;0.49657399380475253;0.25183530419732214;0.030257980277542305;0.9931479876095051
1294255.0;3365855.8618000005;0.494300032876266;0.2557839323552328;0.03500125394418065;0.988600065752532
1290305.0;3999980.4376000008;0.49172711898120497;0.2580552416931892;0.04159546243709932;0.9834542379624099
1286363.0;2774575.6445000004;0.49640204112155;0.26032195091096755;0.028852580356352086;0.9928040822431
1278356.0;2596215.5331;0.4966416673091779;0.26492609619426305;0.02699782845699856;0.9932833346183558
1269843.0;2442554.0919;0.4964968053718038;0.26982119907882596;0.02539991596588144;0.9929936107436076
1266981.0;3821608.7122;0.49231964971209424;0.2714668920725554;0.039740589764729946;0.9846392994241885
1265097.0;4281614.438600001;0.4872736712446091;0.27255022037450727;0.04452415088754443;0.9745473424892181
1254263.0;4544304.151799999;0.48610839319616755;0.2787799331257529;0.047255839271645374;0.9722167863923351
1248970.0;4685155.437400004;0.4842303170340109;0.28182348763861453;0.04872054002475891;0.9684606340680219
1248443.0;2222071.7157000005;0.49585241648244105;0.28212652055534954;0.023107138153504903;0.9917048329648821
1247876.0;5154387.809100001;0.48033766409595463;0.28245255407297515;0.053600048261311456;0.9606753281919093
1246940.0;4882329.983000001;0.4823066867909187;0.2829907681338175;0.050770941653717316;0.9646133735818374
1245250.0;1810455.9219000002;0.49414603044037647;0.2839625435214495;0.018826779897603636;0.9882920608807529
1243374.0;1952027.9305000007;0.494049653737847;0.28504127170322324;0.02029897538898941;0.988099307475694
1235580.0;1671588.8837000004;0.493189523084305;0.2895229387867758;0.01738271316745105;0.98637904616861
1235278.0;0.0;0.45702696917072766;0.28969659332350056;0.0;0.9140539383414553
1047204.0;0.0;0.43897819281016226;0.39784196862143023;0.0;0.8779563856203245
835740.0;0.0;0.3900245917539261;0.5194369452901957;0.0;0.7800491835078522
620364.0;0.0;0.33076707149891016;0.6432813807260714;0.0;0.6615341429978203
419104.0;0.0;0.27138908264516143;0.7590089041076198;0.0;0.5427781652903229
195172.0;0.0;0.1724654301166692;0.887773168074016;0.0;0.3449308602333384
9239.0;0.0;0.09638829913760479;0.9946874362092709;0.0;0.19277659827520957
